357.4 0.2056
373.0 0.1945
388.7 0.2038
404.4 0.2279
420.0 0.2437
435.7 0.2388
451.4 0.2502
467.0 0.2577
482.7 0.2725
498.4 0.2930
514.0 0.3032
529.7 0.2976
545.4 0.3106
561.0 0.3218
584.5 0.3209
600.2 0.3236
615.9 0.3292
631.5 0.3320
647.2 0.3441
662.9 0.3524
678.5 0.3617
694.2 0.3664
709.9 0.3729
725.5 0.3729
741.2 0.3803
756.9 0.3915
772.6 0.4008
788.2 0.4036
803.9 0.4008
819.6 0.4054
835.2 0.4128
850.9 0.4193
866.6 0.4166
882.2 0.4370
897.9 0.4463
913.6 0.4565
929.2 0.4584
944.9 0.4723
960.6 0.4770
976.2 0.4816
991.9 0.4835
1008 0.4770
1031 0.4770
1047 0.4770
1062 0.4816
1078 0.4955
1094 0.5020
1109 0.4946
1125 0.4946
1141 0.5132
1172 0.5197
1188 0.5216
1203 0.5346
1219 0.5494
1235 0.5466
1250 0.5466
1266 0.5569
1282 0.5643
1297 0.5717
1313 0.5764
1329 0.5894
1344 0.6024
1368 0.6033
1384 0.6033
1399 0.6089
1415 0.6247
1431 0.6424
1446 0.6544
1462 0.6554
1478 0.6507
1493 0.6405
1509 0.6451
1525 0.6554
1540 0.6656
1556 0.6758
1572 0.6897
1587 0.7120
1599 0.7148
1619 0.7148
1634 0.7167
1650 0.7185
1666 0.7223
1681 0.7241
1697 0.7325
1713 0.7511
1728 0.7650
1752 0.7697
1767 0.7613
1783 0.7659
1799 0.7799
1814 0.7873
1830 0.7947
1846 0.7966
1861 0.8040
1877 0.8217
1893 0.8403
1908 0.8300
1924 0.8003
1940 0.7780
1955 0.7715
1971 0.7882
1987 0.8087
2002 0.8217
2018 0.8115
2034 0.8003
2049 0.7892
2065 0.7957
2081 0.8245
2096 0.8598
2112 0.8867
2128 0.8988
2159 0.9044
2175 0.9165
2191 0.9425
2206 0.9685
2222 0.9871
2238 0.9982
2253 0.9936
2269 0.9834
2285 0.9778
2300 0.9843
2316 0.9880
2332 0.9936
2347 1.007
2363 1.014
2382 1.012
2402 1.012
2418 0.9917
2433 0.9899
2449 0.9908
2465 1.006
2480 1.012
2496 1.024
2512 1.028
2527 1.030
2543 1.038
2559 1.054
2574 1.070
2590 1.082
2606 1.087
2621 1.077
2637 1.070
2653 1.064
2668 1.044
2684 1.024
2700 0.9880
2715 0.9462
2731 0.8965
2743 0.8300
2755 0.7771
2770 0.7000
2782 0.6331
2794 0.5699
2805 0.5104
2817 0.4556
2833 0.3915
2849 0.3408
2864 0.3041
2880 0.2809
2896 0.2558
2911 0.2372
2927 0.2317
2943 0.2196
2958 0.2159
2974 0.2214
2990 0.2242
3005 0.2279
3021 0.2279
3037 0.2317
3052 0.2335
3068 0.2372
3084 0.2409
3099 0.2465
3115 0.2558
3131 0.2670
3146 0.2818
3162 0.2967
3178 0.3116
3193 0.3264
3209 0.3450
3225 0.3664
3240 0.3905
3256 0.4147
3272 0.4389
3287 0.4677
3303 0.5002
3319 0.5411
3334 0.5829
3350 0.6201
3366 0.6516
3381 0.6851
3397 0.7130
3413 0.7353
3428 0.7585
3444 0.7901
3460 0.8245
3475 0.8551
3491 0.8839
3507 0.9072
3522 0.9285
3538 0.9546
3554 0.9843
3569 1.009
3585 1.033
3601 1.057
3616 1.066
3632 1.073
3648 1.075
3663 1.080
3679 1.084
3695 1.096
3710 1.117
3726 1.130
3738 1.135
3757 1.131
3773 1.125
3789 1.117
3804 1.111
3820 1.113
3836 1.122
3851 1.097
3867 1.100
3883 1.106
3898 1.113
3914 1.119
3930 1.120
3945 1.119
3961 1.108
3977 1.105
3992 1.100
4008 1.106
4024 1.105
4039 1.093
4055 1.085
4071 1.085
4086 1.081
4102 1.085
4118 1.086
4133 1.079
4149 1.079
4165 1.080
4180 1.085
4196 1.071
4212 1.040
4223 0.9870
4231 0.9434
4239 0.8981
4247 0.8579
4259 0.8096
4270 0.8338
4282 0.8904
4290 0.9387
4298 0.9880
4314 1.034
4329 1.045
4345 1.022
4361 1.003
4376 1.008
4392 1.011
4408 1.008
4423 1.013
4439 1.023
4455 1.021
4470 1.011
4486 1.016
4502 1.010
4517 1.002
4533 0.9954
4549 1.009
4564 0.9964
4576 0.9936
4596 0.9889
4611 0.9992
4627 1.025
4643 1.054
4658 1.077
4674 1.102
4690 1.124
4705 1.149
4721 1.146
4737 1.152
4752 1.176
4768 1.172
4784 1.182
4799 1.190
4815 1.192
4831 1.186
4846 1.191
4862 1.202
4878 1.191
4893 1.187
4909 1.205
4925 1.204
4940 1.183
4956 1.196
4972 1.206
4987 1.182
5003 1.156
5019 1.186
5034 1.152
5050 1.135
5066 1.115
5081 1.117
5093 1.116
5101 1.065
5109 1.029
