476.8750 0.78218
484.3750 0.77475
489.3750 0.80693
495.3125 0.78837
502.8125 0.84158
510.9375 0.86386
518.1250 0.88861
525.0000 0.87376
530.6250 0.90470
540.9375 0.92327
548.7500 0.91213
556.5625 0.94059
566.2500 0.94678
575.0000 0.96535
583.7500 0.98515
590.9375 1.01238
599.6875 1.01485
607.5000 1.03713
616.8750 1.03589
624.6875 1.05941
633.7500 1.07921
641.8750 1.08168
649.3750 1.10891
656.8750 1.14604
661.8750 1.17574
664.3750 1.20050
668.1250 1.17574
670.6250 1.14604
676.2500 1.17079
683.7500 1.17574
691.5625 1.19802
698.7500 1.17574
705.6250 1.20421
712.5000 1.23515
720.0000 1.22525
728.1250 1.25248
736.2500 1.26733
745.0000 1.29703
753.7500 1.31931
758.7500 1.39604
761.2500 1.49752
764.3750 1.36386
767.5000 1.32178
775.6250 1.36386
784.3750 1.38861
795.0000 1.39851
805.0000 1.40347
814.3750 1.39356
825.6250 1.41708
836.2500 1.44059
845.0000 1.47649
852.5000 1.50248
862.5000 1.47030
874.0625 1.49505
885.3125 1.53094
900.0000 1.52228
910.0000 1.49752
918.7500 1.53218
