300.420307  0.125982
300.461194  0.099948
300.515710  0.088192
300.563412  0.149468
300.628460  0.182425
300.849622  0.251977
301.135833  0.211803
301.360713  0.287635
301.851359  0.244648
302.280675  0.292327
302.280675  0.200148
302.423780  0.326761
302.550985  0.403106
302.550985  0.357900
303.200637  0.474414
303.282411  0.442144
303.282411  0.421589
303.711727  0.390863
304.141043  0.337180
304.284148  0.365434
305.155789  0.320741
305.572095  0.279401
305.715200  0.237364
306.144516  0.312458
306.287621  0.337886
306.669235  0.364728
307.546948  0.394995
307.632811  0.429429
308.691789  0.362044
309.006621  0.394677
309.006621  0.420529
309.435937  0.300803
309.769849  0.331883
310.246866  0.361196
310.928320  0.539499
310.932037  0.399243
311.010094  0.507410
311.010094  0.484101
311.010094  0.460791
311.153200  0.438894
311.153200  0.426886
312.545223  0.395839
313.522386  0.370614
313.986683  0.513767
314.015304  0.488869
314.080352  0.436326
314.229962  0.470327
314.403733  0.399642
315.671236  0.372851
315.875672  0.428888
315.932914  0.403577
316.938740  0.467451
317.020514  0.437058
317.723031  0.401995
318.308461  0.367023
318.880882  0.475625
319.119391  0.335767
319.167093  0.444898
319.167093  0.421589
319.596409  0.375323
319.596409  0.355898
319.667961  0.315107
320.025724  0.411523
320.884356  0.441720
320.932057  0.467855
321.808035  0.410705
322.172303  0.511648
322.315408  0.488339
322.601619  0.457966
322.601619  0.434656
323.358032  0.419167
324.271180  0.460956
324.318881  0.440131
325.940741  0.437658
326.036144  0.493795
326.036144  0.466619
326.036144  0.528601
327.266849  0.432396
327.801109  0.480334
327.855625  0.453980
328.039618  0.511648
329.098596  0.448713
329.327565  0.432184
329.661477  0.481452
330.104422  0.561900
330.186196  0.530296
330.472407  0.508470
330.973275  0.476552
332.189670  0.506233
332.434993  0.537077
333.429915  0.494343
333.906932  0.544847
334.050038  0.515533
335.337985  0.495888
335.695748  0.541845
335.910406  0.520125
336.237503  0.464575
337.055248  0.496947
337.599048  0.543858
337.627669  0.511225
339.099608  0.505594
339.201826  0.530013
339.201826  0.436422
339.201826  0.413113
339.201826  0.389803
339.201826  0.370732
339.344931  0.557738
339.344931  0.459944
339.488037  0.486573
340.060458  0.617071
340.203563  0.590477
340.775984  0.564095
340.823686  0.513591
340.919089  0.537607
341.491510  0.498228
342.575021  0.538591
342.750836  0.569286
342.922562  0.608595
344.210510  0.488127
344.353615  0.534252
344.353615  0.510942
344.353615  0.456156
344.382236  0.556996
344.496720  0.580871
346.118579  0.570275
346.357088  0.543699
346.745517  0.519973
347.287272  0.604092
347.849471  0.496274
347.988488  0.553182
348.246077  0.581683
348.446425  0.641334
348.455965  0.526658
348.599070  0.614775
349.648509  0.546401
349.730283  0.515584
349.934719  0.577574
350.670689  0.605492
351.599944  0.579265
352.653719  0.505556
352.653719  0.483306
352.768203  0.559751
352.796824  0.528813
353.573681  0.596864
354.514087  0.587934
354.514087  0.632831
355.229613  0.602591
356.660665  0.605734
356.913851  0.565277
357.769731  0.642500
357.805507  0.675345
358.425630  0.603827
358.552835  0.552499
358.766357  0.581577
359.808980  0.687671
359.808980  0.670577
359.874028  0.638021
360.467265  0.598105
361.001524  0.572159
361.418914  0.548732
362.241770  0.613598
362.527980  0.529660
362.732416  0.584301
362.855078  0.558419
362.957296  0.653413
362.957296  0.690708
363.959032  0.624900
364.445590  0.589629
364.881266  0.554971
365.533190  0.585285
366.026108  0.652918
366.105611  0.623075
366.105611  0.603032
367.775172  0.627372
367.822874  0.593585
368.109084  0.549791
368.431071  0.566346
369.519693  0.608519
369.654621  0.646102
370.500986  0.676329
370.999810  0.577657
371.257400  0.621839
371.400505  0.652918
371.400505  0.601178
371.604941  0.704179
372.337194  0.533224
372.463572  0.501204
372.753500  0.576954
372.974662  0.667398
372.974662  0.635613
372.974662  0.612303
374.071803  0.534722
374.405715  0.592596
374.491578  0.564201
374.606062  0.704905
374.691925  0.681878
374.691925  0.658569
374.691925  0.635259
374.835030  0.614775
374.978136  0.509662
375.407451  0.548378
375.550557  0.568863
375.836767  0.708720
375.979872  0.658569
376.170679  0.592643
376.409188  0.678347
376.409188  0.632787
376.480741  0.611508
377.410925  0.607005
377.554030  0.629255
378.097830  0.649386
378.191499  0.681461
379.741496  0.628499
379.891416  0.579634
379.986819  0.604463
379.986819  0.562152
380.158545  0.660829
380.988556  0.711898
381.131661  0.688801
381.188903  0.661677
381.704082  0.631829
382.992029  0.696359
382.992029  0.618042
383.993766  0.587139
384.537566  0.640910
384.688848  0.700698
384.852397  0.613363
385.056833  0.669063
385.615625  0.715783
386.127335  0.586489
386.426555  0.615482
386.491603  0.641199
386.712765  0.657863
386.827249  0.687233
386.855871  0.724966
388.115197  0.620885
388.286923  0.648327
388.401407  0.669729
388.458649  0.699396
389.002449  0.603032
389.288660  0.628196
390.075738  0.670577
390.147291  0.720021
390.147291  0.697065
390.290396  0.650181
391.626045  0.656450
391.864554  0.683291
391.929602  0.709317
393.295606  0.600648
393.295606  0.577515
393.402935  0.631110
393.402935  0.478141
393.438711  0.529872
393.438711  0.506563
393.581817  0.688589
393.581817  0.665279
393.581817  0.643029
393.653369  0.720441
393.684035  0.553424
394.297343  0.611244
394.297343  0.587934
395.060571  0.661394
395.155974  0.706247
395.227527  0.753749
395.299080  0.684351
395.319523  0.727943
396.914124  0.501810
397.016342  0.713488
397.016342  0.642323
397.016342  0.619013
397.016342  0.595704
397.016342  0.572394
397.016342  0.549085
397.016342  0.525775
397.016342  0.478273
397.016342  0.454964
397.016342  0.431654
397.016342  0.408345
397.016342  0.390068
397.044963  0.687953
397.044963  0.664644
397.302553  0.741742
398.058966  0.767952
398.672274  0.697519
398.685904  0.682232
398.848089  0.732347
400.348650  0.675874
400.593973  0.703157
400.737079  0.653360
402.103083  0.714210
403.378021  0.680594
403.646885  0.653978
403.999878  0.719951
404.028499  0.754915
404.839429  0.635966
405.077937  0.685881
405.554955  0.664220
406.890604  0.696947
406.890604  0.669252
408.393209  0.711501
408.750972  0.681702
408.846375  0.775117
409.037182  0.749511
409.251840  0.731499
410.153403  0.633494
410.247072  0.703711
410.366017  0.664522
411.061099  0.740505
412.548765  0.713936
414.004979  0.737175
414.117418  0.709779
415.906234  0.708190
416.430953  0.741683
417.444615  0.716666
418.875668  0.738254
419.312139  0.715289
419.483865  0.762402
420.199391  0.668458
420.256633  0.694840
420.571465  0.735844
422.137816  0.745225
422.202864  0.780238
423.090117  0.681596
423.156899  0.705276
423.948748  0.728215
425.179453  0.710203
426.680014  0.691767
426.847280  0.726443
427.211548  0.764345
427.783969  0.694946
428.356390  0.787427
428.642600  0.724730
428.857258  0.754544
429.787442  0.785994
430.281805  0.722590
430.359863  0.757458
430.605186  0.688589
431.154892  0.630080
431.218494  0.667928
431.822716  0.838688
431.999068  0.723360
432.220231  0.794753
432.220231  0.764168
432.220231  0.751101
432.753623  0.684832
433.555880  0.655744
433.722836  0.723553
433.794389  0.788184
433.937494  0.763815
433.937494  0.743154
434.244148  0.619114
434.366810  0.600119
434.407697  0.694038
434.509915  0.657863
435.583204  0.766517
435.654757  0.730440
435.797862  0.745803
437.269802  0.737630
437.515125  0.767523
437.760448  0.721131
439.089282  0.778648
439.117903  0.731394
439.232388  0.752955
440.745214  0.748073
440.949651  0.776765
441.808282  0.785005
441.935487  0.719786
442.523808  0.756222
444.009901  0.734447
445.052001  0.775587
445.099702  0.804562
445.171255  0.748982
446.244544  0.724915
447.131797  0.771444
447.475249  0.731817
448.534228  0.759047
448.589269  0.781664
449.822175  0.748275
450.330994  0.770172
451.510817  0.791680
453.011378  0.766842
453.084975  0.792210
453.399806  0.738280
454.516027  0.789667
455.021666  0.767347
456.405016  0.766640
456.613169  0.797431
457.549858  0.750306
457.692963  0.778648
458.379869  0.797296
459.839542  0.778648
459.982647  0.799132
461.628357  0.810037
461.843015  0.792687
463.352125  0.811879
464.459797  0.837073
465.468348  0.811494
466.422383  0.838246
467.137909  0.800192
468.368614  0.796236
468.974426  0.824119
469.055519  0.857477
470.028635  0.807679
470.944508  0.832154
471.717277  0.815732
472.269254  0.858869
472.759901  0.833138
474.372674  0.841631
476.010434  0.841425
476.630557  0.875418
476.833289  0.803017
477.842181  0.850484
477.870802  0.885307
479.379912  0.854356
480.017381  0.881422
481.197999  0.854669
482.521722  0.889633
482.613718  0.866135
484.323547  0.883348
484.596748  0.945735
485.073766  0.917446
485.169169  0.866324
485.741590  0.946356
485.884695  0.848577
486.099353  0.769377
486.170906  0.796872
486.170906  0.755339
486.278235  0.827651
486.514358  0.894772
486.514358  0.868284
488.031274  0.924439
488.031274  0.892017
488.419702  0.875065
488.746800  0.825267
489.204737  0.845716
489.748537  0.936517
490.034747  0.909676
490.034747  0.887249
491.404469  0.867800
491.780631  0.913208
491.895115  0.888132
492.117723  0.826680
493.039957  0.863864
493.326168  0.930213
493.326168  0.900070
493.612378  0.886013
494.184799  0.861821
495.043431  0.934045
495.186536  0.886190
495.281939  0.906409
496.856097  0.901200
497.619325  0.878395
498.621061  0.870032
498.735546  0.912042
500.429391  0.912052
501.912482  0.906851
502.068597  0.924285
503.887334  0.931326
504.297569  0.892959
505.032176  0.958979
505.299306  0.917622
506.491850  0.964436
507.207376  0.944464
508.417266  0.918602
508.454436  0.972314
509.604389  0.944464
509.640165  0.978545
509.926375  0.893077
510.412933  0.918188
511.822520  0.950953
512.461382  0.974206
513.543035  0.944223
514.047806  0.982289
515.078164  0.925922
515.765069  0.945629
515.879553  0.974194
516.366111  0.996204
517.081637  0.879939
517.081637  0.856629
517.138879  0.809586
517.224742  0.913526
517.224742  0.830565
517.625437  0.954105
517.858494  1.026577
517.940269  0.994367
518.226479  0.977132
518.870453  0.930557
519.575757  0.952561
519.800637  0.977839
520.945479  0.925127
521.296737  0.950387
522.304978  0.991613
522.462394  0.965972
522.805847  0.916386
522.996654  0.940167
524.158842  0.980728
525.811057  0.977397
526.335776  1.007152
527.070383  0.951351
527.385214  0.922108
528.215225  0.986527
528.911670  0.938636
529.216961  1.011320
529.889556  0.912148
530.104214  0.960886
530.104214  0.937047
530.104214  0.895196
530.247319  0.985520
531.351274  1.019463
532.136308  0.997546
532.937698  1.024458
532.966319  0.933471
533.080803  0.974766
533.853571  1.002420
534.798066  0.972223
535.470660  0.952145
535.971529  1.022339
536.150410  0.997175
536.591651  0.972541
537.187923  0.916121
537.316718  0.950397
538.118107  1.012097
538.118107  0.989140
538.547423  0.940755
539.056242  0.967126
539.978475  1.009239
540.808486  0.977238
542.125054  1.028696
542.268159  0.979322
542.431708  1.001148
543.756454  0.964913
544.343185  1.006446
544.557843  0.985520
545.798088  0.973130
546.211503  1.005151
546.888414  1.021128
547.787933  0.949383
547.896965  0.990200
548.507548  1.018524
549.137211  1.001855
555.529129  1.002170
558.620202  1.001287
561.711275  1.002346
564.802348  1.003759
567.893422  1.001817
570.984495  0.999344
574.075568  1.002523
577.166641  1.001817
580.257714  1.002170
583.348787  1.001993
586.439860  1.001287
589.530934  1.001110
592.622007  1.000580
595.713080  1.000580
598.804153  0.999697
601.895226  1.001287
604.986299  0.999874
608.077372  0.999874
611.168446  0.998815
614.259519  0.999168
617.350592  1.001287
620.441665  1.000227
623.532738  0.999874
626.623811  1.000934
629.714884  1.001463
632.805958  1.001463
635.897031  1.002699
638.988104  1.001640
642.079177  1.003053
645.170250  1.002346
648.261323  1.001993
651.352396  1.003229
654.443470  1.001287
657.534543  1.006231
660.625616  1.004112
663.716689  1.003759
666.807762  1.003582
669.898835  1.001993
672.989908  1.002699
676.080982  1.006231
679.172055  1.004818
682.263128  1.003053
685.354201  1.004112
688.445274  1.004465
691.536347  1.003759
694.627420  1.005172
697.718494  1.003759
700.809567  1.003936
703.900640  1.005172
706.991713  1.006231
710.082786  1.006055
713.173859  1.005878
716.264932  1.007820
719.356006  1.004289
722.447079  1.005525
725.538152  1.007997
728.629225  1.004642
731.720298  1.005172
734.811371  1.004995
737.902445  1.006055
740.993518  1.006584
744.084591  1.006938
747.175664  1.004112
750.266737  1.006408
753.357810  1.005701
756.448883  1.002876
759.539957  1.005172
762.631030  1.004995
765.722103  1.006761
768.813176  1.003759
771.904249  1.004112
774.995322  1.003229
778.086395  1.005525
781.177469  1.008174
784.268542  1.005348
787.359615  1.003759
790.450688  1.006938
793.541761  1.004112
796.632834  1.006055
799.723907  1.006584
802.814981  1.005878
805.906054  1.003053
808.997127  1.003936
812.088200  1.005525
815.179273  1.009586
818.270346  1.001110
821.398218  1.001892
824.452493  1.007997
827.543566  1.005878
830.634639  1.005348
833.725712  1.008350
836.816785  1.004995
839.907858  1.005172
842.998931  1.003759
846.090005  1.000757
849.181078  1.003229
852.272151  1.000580
855.105635  1.002744
858.454297  1.004112
861.545370  1.004112
864.820436  0.999470
867.543524  1.005222
870.818590  1.002876
873.909663  1.001993
877.000736  1.003936
880.091809  0.999874
883.182882  1.004112
886.273955  1.003053
889.365029  1.001817
892.456102  1.003759
895.547175  1.001287
898.638248  0.997932
901.729321  1.001817
904.820394  0.999521
907.911467  0.998815
911.002541  1.001817
914.093614  0.997225
917.184687  0.993693
920.275760  0.998285
923.366833  0.998638
926.457906  0.996695
929.548979  1.001287
932.640053  0.993693
935.731126  0.989985
938.822199  0.991221
941.913272  0.993693
945.004345  0.988926
948.095418  0.987690
951.186491  0.986453
954.277565  0.985526
957.368638  0.988396
959.583907  0.981792
962.520426  0.984864
965.611499  0.986807
968.702573  0.981156
971.793646  0.981686
974.884719  0.980273
977.975792  0.978330
981.066865  0.975328
984.157938  0.973386
987.249011  0.974622
990.340085  0.976565
993.431158  0.970207
996.522231  0.973563
998.840536  0.976141
