 3.00114199999999983e+02	 1.18133425895718000e-01
 3.00388800000000003e+02	 1.28669594604808007e-01
 3.00663400000000024e+02	 1.40796608382052990e-01
 3.00937999999999988e+02	 1.54979926110429989e-01
 3.01212600000000009e+02	 1.63630022780120010e-01
 3.01487199999999973e+02	 1.64125341969799998e-01
 3.01761799999999994e+02	 1.58148434447345998e-01
 3.02036400000000015e+02	 1.54542149050231004e-01
 3.02310999999999979e+02	 1.57610625704841995e-01
 3.02585599999999999e+02	 1.63668796066619993e-01
 3.02860200000000020e+02	 1.69261290873948006e-01
 3.03134799999999984e+02	 1.75525073706533002e-01
 3.03409400000000005e+02	 1.77623439564398994e-01
 3.03684000000000026e+02	 1.72045286080490994e-01
 3.03958599999999990e+02	 1.64342012456440006e-01
 3.04233200000000011e+02	 1.62924606726117999e-01
 3.04507799999999975e+02	 1.71409508428937013e-01
 3.04782399999999996e+02	 1.81963876067950003e-01
 3.05057000000000016e+02	 1.86754405808882001e-01
 3.05331599999999980e+02	 1.83663624262046993e-01
 3.05606200000000001e+02	 1.79095590571712010e-01
 3.05880800000000022e+02	 1.80989510408379989e-01
 3.06155399999999986e+02	 1.86836597826111006e-01
 3.06430000000000007e+02	 1.90385936156191010e-01
 3.06704600000000028e+02	 1.90054334838888006e-01
 3.06979199999999992e+02	 1.92088048802139005e-01
 3.07253800000000012e+02	 1.98115320531624006e-01
 3.07528399999999976e+02	 2.03375042266251999e-01
 3.07802999999999997e+02	 2.03890553582952994e-01
 3.08077600000000018e+02	 1.98993013956037995e-01
 3.08352199999999982e+02	 1.94692244214124011e-01
 3.08626800000000003e+02	 1.92799015666780010e-01
 3.08901400000000024e+02	 1.93799719221690009e-01
 3.09175999999999988e+02	 1.90605972962489989e-01
 3.09450600000000009e+02	 1.83468465994039986e-01
 3.09725199999999973e+02	 1.77571514086343002e-01
 3.09999799999999993e+02	 1.82728442866595009e-01
 3.10274400000000014e+02	 1.99468126517702987e-01
 3.10548999999999978e+02	 2.17696594316198005e-01
 3.10823599999999999e+02	 2.25903966436881987e-01
 3.11098200000000020e+02	 2.19258423274510006e-01
 3.11372799999999984e+02	 2.05712307861457999e-01
 3.11647400000000005e+02	 1.95312011097858007e-01
 3.11922000000000025e+02	 1.93539037904789990e-01
 3.12196599999999989e+02	 1.97829786873333996e-01
 3.12471200000000010e+02	 2.02273167336786991e-01
 3.12745799999999974e+02	 2.04731978559741012e-01
 3.13020399999999995e+02	 2.07068543236604008e-01
 3.13295000000000016e+02	 2.12238257471648012e-01
 3.13569599999999980e+02	 2.19599219456528993e-01
 3.13844200000000001e+02	 2.22780471799996993e-01
 3.14118800000000022e+02	 2.19036491802095001e-01
 3.14393399999999986e+02	 2.12530179662701990e-01
 3.14668000000000006e+02	 2.11638391187585012e-01
 3.14942600000000027e+02	 2.14292796404224994e-01
 3.15217199999999991e+02	 2.12506396922477997e-01
 3.15491800000000012e+02	 2.01505483145325986e-01
 3.15766399999999976e+02	 1.90074637265232993e-01
 3.16040999999999997e+02	 1.88298708940599996e-01
 3.16315600000000018e+02	 1.99922837243380003e-01
 3.16590199999999982e+02	 2.16863093187168010e-01
 3.16864800000000002e+02	 2.28072101489290996e-01
 3.17139400000000023e+02	 2.28299177863972996e-01
 3.17413999999999987e+02	 2.18971174599298990e-01
 3.17688600000000008e+02	 2.07325158900959011e-01
 3.17963199999999972e+02	 2.00734205858885989e-01
 3.18237799999999993e+02	 2.05823560069759992e-01
 3.18512400000000014e+02	 2.17565782321692991e-01
 3.18786999999999978e+02	 2.25644868279348987e-01
 3.19061599999999999e+02	 2.22612161764529998e-01
 3.19336200000000019e+02	 2.17414442552208986e-01
 3.19610799999999983e+02	 2.18287278161406001e-01
 3.19885400000000004e+02	 2.27672487697287013e-01
 3.20160000000000025e+02	 2.36077082112573999e-01
 3.20434599999999989e+02	 2.36464629162544987e-01
 3.20709200000000010e+02	 2.28220009680061009e-01
 3.20983799999999974e+02	 2.19012228141315990e-01
 3.21258399999999995e+02	 2.17787087433878007e-01
 3.21533000000000015e+02	 2.25356801248513011e-01
 3.21807599999999979e+02	 2.34890274714086994e-01
 3.22082200000000000e+02	 2.37884507796334993e-01
 3.22356800000000021e+02	 2.32379034436384996e-01
 3.22631399999999985e+02	 2.23897082959959998e-01
 3.22906000000000006e+02	 2.19728864155859988e-01
 3.23180600000000027e+02	 2.22580188265162987e-01
 3.23455199999999991e+02	 2.27419712541337998e-01
 3.23729800000000012e+02	 2.31637255463065989e-01
 3.24004399999999976e+02	 2.33978254552383996e-01
 3.24278999999999996e+02	 2.35306252229751989e-01
 3.24553600000000017e+02	 2.33572300935336014e-01
 3.24828199999999981e+02	 2.29922077552980997e-01
 3.25102800000000002e+02	 2.29832141216270991e-01
 3.25377400000000023e+02	 2.36125585539279009e-01
 3.25651999999999987e+02	 2.44914566527868999e-01
 3.25926600000000008e+02	 2.49646859170670005e-01
 3.26201199999999972e+02	 2.47874111922486012e-01
 3.26475799999999992e+02	 2.43517176456749002e-01
 3.26750400000000013e+02	 2.40572090467180005e-01
 3.27024999999999977e+02	 2.40810871165790003e-01
 3.27299599999999998e+02	 2.42145283197313987e-01
 3.27574200000000019e+02	 2.42618470689082988e-01
 3.27848799999999983e+02	 2.41591468619783006e-01
 3.28123400000000004e+02	 2.39494883844095008e-01
 3.28398000000000025e+02	 2.37278569672444012e-01
 3.28672599999999989e+02	 2.36017161465128994e-01
 3.28947200000000009e+02	 2.38359036220727988e-01
 3.29221799999999973e+02	 2.45511304476677988e-01
 3.29496399999999994e+02	 2.53614495804962981e-01
 3.29771000000000015e+02	 2.59276113514970985e-01
 3.30045599999999979e+02	 2.57215803087608996e-01
 3.30320200000000000e+02	 2.51659151041132012e-01
 3.30594800000000021e+02	 2.45803031609280992e-01
 3.30869399999999985e+02	 2.45691102166468001e-01
 3.31144000000000005e+02	 2.48790137786931986e-01
 3.31418600000000026e+02	 2.52079975191326022e-01
 3.31693199999999990e+02	 2.52139896569725019e-01
 3.31967800000000011e+02	 2.50006721245552010e-01
 3.32242399999999975e+02	 2.47513901314056012e-01
 3.32516999999999996e+02	 2.47685539082646011e-01
 3.32791600000000017e+02	 2.50539960253288008e-01
 3.33066199999999981e+02	 2.52477767504138972e-01
 3.33340800000000002e+02	 2.52158260228075026e-01
 3.33615400000000022e+02	 2.50784210388472983e-01
 3.33889999999999986e+02	 2.53155402746271019e-01
 3.34164600000000007e+02	 2.57660065823340001e-01
 3.34439200000000028e+02	 2.61456697747437017e-01
 3.34713799999999992e+02	 2.64697887539854015e-01
 3.34988400000000013e+02	 2.69602565638862979e-01
 3.35262999999999977e+02	 2.74647259935034027e-01
 3.35537599999999998e+02	 2.71378944507914999e-01
 3.35812200000000018e+02	 2.61222334637582987e-01
 3.36086799999999982e+02	 2.52514421915708998e-01
 3.36361400000000003e+02	 2.53709413718351984e-01
 3.36636000000000024e+02	 2.57413673975284973e-01
 3.36910599999999988e+02	 2.60033442101240020e-01
 3.37185200000000009e+02	 2.61975251796635999e-01
 3.37459799999999973e+02	 2.67174040381583988e-01
 3.37734399999999994e+02	 2.69191053524143020e-01
 3.38009000000000015e+02	 2.66866262042267988e-01
 3.38283599999999979e+02	 2.59361599058664016e-01
 3.38558199999999999e+02	 2.40431638588041008e-01
 3.38832800000000020e+02	 2.20416511002348992e-01
 3.39107399999999984e+02	 2.07827820436717992e-01
 3.39382000000000005e+02	 2.29846098969300999e-01
 3.39656600000000026e+02	 2.61408980789709977e-01
 3.39931199999999990e+02	 2.89293460398063973e-01
 3.40205800000000011e+02	 2.92631050637703005e-01
 3.40480399999999975e+02	 2.84354299673458988e-01
 3.40754999999999995e+02	 2.75126228050179999e-01
 3.41029600000000016e+02	 2.71038041237490979e-01
 3.41304199999999980e+02	 2.73836054412729013e-01
 3.41578800000000001e+02	 2.80338258869952006e-01
 3.41853400000000022e+02	 2.86172304081660001e-01
 3.42127999999999986e+02	 2.89161485650707983e-01
 3.42402600000000007e+02	 2.89182474470942974e-01
 3.42677200000000028e+02	 2.90487851440767997e-01
 3.42951799999999992e+02	 2.92465432653643997e-01
 3.43226400000000012e+02	 2.91786263414378022e-01
 3.43500999999999976e+02	 2.83543577381710987e-01
 3.43775599999999997e+02	 2.69141194440875975e-01
 3.44050200000000018e+02	 2.55631921285702002e-01
 3.44324799999999982e+02	 2.54834739121699017e-01
 3.44599400000000003e+02	 2.69233453037100001e-01
 3.44874000000000024e+02	 2.88984396957197021e-01
 3.45148599999999988e+02	 3.01817990976562978e-01
 3.45423200000000008e+02	 3.01242703607086992e-01
 3.45697799999999972e+02	 2.93852109906947989e-01
 3.45972399999999993e+02	 2.85985012505643010e-01
 3.46247000000000014e+02	 2.87237985655663997e-01
 3.46521599999999978e+02	 2.94900981755715996e-01
 3.46796199999999999e+02	 3.03039956318678028e-01
 3.47070800000000020e+02	 3.00758101251260013e-01
 3.47345399999999984e+02	 2.93159030370511997e-01
 3.47620000000000005e+02	 2.87414647929662981e-01
 3.47894600000000025e+02	 2.91724582327129001e-01
 3.48169199999999989e+02	 2.99669932840904985e-01
 3.48443800000000010e+02	 3.03763695034010017e-01
 3.48718399999999974e+02	 3.00167082060845025e-01
 3.48992999999999995e+02	 2.92170043852100991e-01
 3.49267600000000016e+02	 2.87392136116617014e-01
 3.49542199999999980e+02	 2.89843020478273983e-01
 3.49816800000000001e+02	 2.98677231452917025e-01
 3.50091400000000021e+02	 3.09518334129785022e-01
 3.50365999999999985e+02	 3.15676330495591018e-01
 3.50640600000000006e+02	 3.14917572516227984e-01
 3.50915200000000027e+02	 3.07926866220635975e-01
 3.51189799999999991e+02	 3.03840906665705013e-01
 3.51464400000000012e+02	 3.07718480155881990e-01
 3.51738999999999976e+02	 3.14894746175970019e-01
 3.52013599999999997e+02	 3.13973597029187979e-01
 3.52288200000000018e+02	 3.03773685044800013e-01
 3.52562799999999982e+02	 2.95839866465173018e-01
 3.52837400000000002e+02	 2.99953535832487017e-01
 3.53112000000000023e+02	 3.12143219633159996e-01
 3.53386599999999987e+02	 3.22986493599517976e-01
 3.53661200000000008e+02	 3.26247434208436993e-01
 3.53935799999999972e+02	 3.26142266244498991e-01
 3.54210399999999993e+02	 3.25243057598189000e-01
 3.54485000000000014e+02	 3.27173527350314020e-01
 3.54759599999999978e+02	 3.28759963322544979e-01
 3.55034199999999998e+02	 3.28826899442248022e-01
 3.55308800000000019e+02	 3.27179405117955013e-01
 3.55583399999999983e+02	 3.28056609442988978e-01
 3.55858000000000004e+02	 3.32006538007092011e-01
 3.56132600000000025e+02	 3.32041714718702974e-01
 3.56407199999999989e+02	 3.22700061692611007e-01
 3.56681800000000010e+02	 3.09625277468735027e-01
 3.56956399999999974e+02	 3.07834829742257010e-01
 3.57230999999999995e+02	 3.21688876011737013e-01
 3.57505600000000015e+02	 3.38791862668816002e-01
 3.57780199999999979e+02	 3.42708672749971022e-01
 3.58054800000000000e+02	 3.29298375192625004e-01
 3.58329400000000021e+02	 3.11800880032600980e-01
 3.58603999999999985e+02	 3.06127232783312997e-01
 3.58878600000000006e+02	 3.16811999876697004e-01
 3.59153200000000027e+02	 3.39786215254968993e-01
 3.59427799999999991e+02	 3.61685744142173027e-01
 3.59702400000000011e+02	 3.77309867901385987e-01
 3.59976999999999975e+02	 3.76837489761248978e-01
 3.60251599999999996e+02	 3.61341815448467996e-01
 3.60526200000000017e+02	 3.39705868192379024e-01
 3.60800799999999981e+02	 3.27597932000751990e-01
 3.61075400000000002e+02	 3.30612574334789022e-01
 3.61350000000000023e+02	 3.37066180890024991e-01
 3.61624599999999987e+02	 3.36502965333978998e-01
 3.61899200000000008e+02	 3.34225249759035004e-01
 3.62173800000000028e+02	 3.42541274463085021e-01
 3.62448399999999992e+02	 3.60754109439853976e-01
 3.62723000000000013e+02	 3.70317002061783973e-01
 3.62997599999999977e+02	 3.61827178313538000e-01
 3.63272199999999998e+02	 3.47060869976930975e-01
 3.63546800000000019e+02	 3.44779890216640017e-01
 3.63821399999999983e+02	 3.55331631855114016e-01
 3.64096000000000004e+02	 3.61758739559617015e-01
 3.64370600000000024e+02	 3.53733960909398015e-01
 3.64645199999999988e+02	 3.39460031471555013e-01
 3.64919800000000009e+02	 3.34200307981889988e-01
 3.65194399999999973e+02	 3.43778722741464982e-01
 3.65468999999999994e+02	 3.61713920751014995e-01
 3.65743600000000015e+02	 3.76290238033704982e-01
 3.66018199999999979e+02	 3.80962291088586980e-01
 3.66292800000000000e+02	 3.74172801083122009e-01
 3.66567400000000021e+02	 3.64067623370839977e-01
 3.66841999999999985e+02	 3.59049937617797021e-01
 3.67116600000000005e+02	 3.62116755598317019e-01
 3.67391200000000026e+02	 3.67972323613732999e-01
 3.67665799999999990e+02	 3.68034310395972009e-01
 3.67940400000000011e+02	 3.63178692460353003e-01
 3.68214999999999975e+02	 3.56706845491620017e-01
 3.68489599999999996e+02	 3.54876666625258019e-01
 3.68764200000000017e+02	 3.56642638801463019e-01
 3.69038799999999981e+02	 3.62311231473607998e-01
 3.69313400000000001e+02	 3.71275733286507981e-01
 3.69588000000000022e+02	 3.81989642165184995e-01
 3.69862599999999986e+02	 3.90007766430804981e-01
 3.70137200000000007e+02	 3.85667827730692026e-01
 3.70411800000000028e+02	 3.71455316780073985e-01
 3.70686399999999992e+02	 3.57703811013712014e-01
 3.70961000000000013e+02	 3.62747026391657013e-01
 3.71235599999999977e+02	 3.81704798055497008e-01
 3.71510199999999998e+02	 3.94514754215126995e-01
 3.71784800000000018e+02	 3.84446134708471998e-01
 3.72059399999999982e+02	 3.65439926248612990e-01
 3.72334000000000003e+02	 3.62248051384459979e-01
 3.72608600000000024e+02	 3.80155621810301991e-01
 3.72883199999999988e+02	 3.95176643246240022e-01
 3.73157800000000009e+02	 3.89007429018024986e-01
 3.73432399999999973e+02	 3.73491362885175981e-01
 3.73706999999999994e+02	 3.73272064479823973e-01
 3.73981600000000014e+02	 3.91225366971852007e-01
 3.74256199999999978e+02	 4.00692495465758025e-01
 3.74530799999999999e+02	 3.85776410998631025e-01
 3.74805400000000020e+02	 3.66252925672568008e-01
 3.75079999999999984e+02	 3.68969527481896986e-01
 3.75354600000000005e+02	 3.93849763102871009e-01
 3.75629200000000026e+02	 4.13094351992960018e-01
 3.75903799999999990e+02	 4.12134751346673989e-01
 3.76178400000000011e+02	 3.99704831299179997e-01
 3.76452999999999975e+02	 3.88859412882819999e-01
 3.76727599999999995e+02	 3.83884662912197028e-01
 3.77002200000000016e+02	 3.85077160654657025e-01
 3.77276799999999980e+02	 3.93911703072975017e-01
 3.77551400000000001e+02	 4.08545384740989004e-01
 3.77826000000000022e+02	 4.23229414541080984e-01
 3.78100599999999986e+02	 4.29435557795057987e-01
 3.78375200000000007e+02	 4.26455476780706999e-01
 3.78649800000000027e+02	 4.15866012574550026e-01
 3.78924399999999991e+02	 4.07616830132636998e-01
 3.79199000000000012e+02	 4.00547438745818996e-01
 3.79473599999999976e+02	 3.94501900071399014e-01
 3.79748199999999997e+02	 3.90222726708977008e-01
 3.80022800000000018e+02	 3.96688110433922991e-01
 3.80297399999999982e+02	 4.15656540401607988e-01
 3.80572000000000003e+02	 4.37652636517737004e-01
 3.80846600000000024e+02	 4.50206921829486018e-01
 3.81121199999999988e+02	 4.47370226060418985e-01
 3.81395800000000008e+02	 4.31768383745787021e-01
 3.81670399999999972e+02	 4.17096579628348008e-01
 3.81944999999999993e+02	 4.10722035273465014e-01
 3.82219600000000014e+02	 4.10222611680516991e-01
 3.82494199999999978e+02	 4.08926172526077991e-01
 3.82768799999999999e+02	 4.05022393036777006e-01
 3.83043400000000020e+02	 4.04948701152690993e-01
 3.83317999999999984e+02	 4.03227392622517000e-01
 3.83592600000000004e+02	 3.98736117947301016e-01
 3.83867200000000025e+02	 3.97106494779291996e-01
 3.84141799999999989e+02	 4.09575855874337980e-01
 3.84416400000000010e+02	 4.35783677831096006e-01
 3.84690999999999974e+02	 4.60720093169485978e-01
 3.84965599999999995e+02	 4.70795540687837022e-01
 3.85240200000000016e+02	 4.61525876950427016e-01
 3.85514799999999980e+02	 4.38528079272762994e-01
 3.85789400000000001e+02	 4.18633028229308979e-01
 3.86064000000000021e+02	 4.16395048784916011e-01
 3.86338599999999985e+02	 4.32584249688421019e-01
 3.86613200000000006e+02	 4.46421502201072018e-01
 3.86887800000000027e+02	 4.45900163027801999e-01
 3.87162399999999991e+02	 4.39384590490660976e-01
 3.87437000000000012e+02	 4.39419476572665002e-01
 3.87711599999999976e+02	 4.45033510815113997e-01
 3.87986199999999997e+02	 4.43351337138581991e-01
 3.88260800000000017e+02	 4.34222695006132975e-01
 3.88535399999999981e+02	 4.24243026249211008e-01
 3.88810000000000002e+02	 4.23654755420275975e-01
 3.89084600000000023e+02	 4.34853951216636003e-01
 3.89359199999999987e+02	 4.52565308235256980e-01
 3.89633800000000008e+02	 4.65914135440010979e-01
 3.89908399999999972e+02	 4.66781089548193973e-01
 3.90182999999999993e+02	 4.57037293992243021e-01
 3.90457600000000014e+02	 4.49173635269405014e-01
 3.90732199999999978e+02	 4.52167451450886992e-01
 3.91006799999999998e+02	 4.64593412243731019e-01
 3.91281400000000019e+02	 4.76394970142587026e-01
 3.91555999999999983e+02	 4.81260833521352016e-01
 3.91830600000000004e+02	 4.82427044693844009e-01
 3.92105200000000025e+02	 4.81942899003170999e-01
 3.92379799999999989e+02	 4.74924490676112976e-01
 3.92654400000000010e+02	 4.49505365810557000e-01
 3.92928999999999974e+02	 4.06385060001553999e-01
 3.93203599999999994e+02	 3.65532643638912025e-01
 3.93478200000000015e+02	 3.57611907778014992e-01
 3.93752799999999979e+02	 3.85741614170757974e-01
 3.94027400000000000e+02	 4.32083598164410998e-01
 3.94302000000000021e+02	 4.69800144316178003e-01
 3.94576599999999985e+02	 4.94440663254473001e-01
 3.94851200000000006e+02	 5.07068546297365974e-01
 3.95125800000000027e+02	 5.13130081096793034e-01
 3.95400399999999991e+02	 5.17953369736939950e-01
 3.95675000000000011e+02	 5.23072034541257946e-01
 3.95949599999999975e+02	 5.17603434929256978e-01
 3.96224199999999996e+02	 4.80913808790329023e-01
 3.96498800000000017e+02	 4.15957890544230990e-01
 3.96773399999999981e+02	 3.55385412001544998e-01
 3.97048000000000002e+02	 3.45511227952431998e-01
 3.97322600000000023e+02	 3.93822384535530978e-01
 3.97597199999999987e+02	 4.67428373059312008e-01
 3.97871800000000007e+02	 5.15559707358938968e-01
 3.98146400000000028e+02	 5.24861851796686985e-01
 3.98420999999999992e+02	 5.09543608679809967e-01
 3.98695600000000013e+02	 4.97846657332265019e-01
 3.98970199999999977e+02	 4.94240397416889021e-01
 3.99244799999999998e+02	 4.93651426620139999e-01
 3.99519400000000019e+02	 4.91504462309782009e-01
 3.99793999999999983e+02	 4.90620977520495993e-01
 4.00068600000000004e+02	 4.91842085825305975e-01
 4.00343200000000024e+02	 4.91935991884481005e-01
 4.00617799999999988e+02	 4.91203677893074009e-01
 4.00892400000000009e+02	 4.95088560640601028e-01
 4.01166999999999973e+02	 5.03604502826944023e-01
 4.01441599999999994e+02	 5.10606960117380049e-01
 4.01716200000000015e+02	 5.13746783847149002e-01
 4.01990799999999979e+02	 5.14816692507438001e-01
 4.02265400000000000e+02	 5.18654895767494017e-01
 4.02540000000000020e+02	 5.19761783449344983e-01
 4.02814599999999984e+02	 5.14955027887848971e-01
 4.03089200000000005e+02	 5.06478767066551039e-01
 4.03363800000000026e+02	 5.06625099003178980e-01
 4.03638399999999990e+02	 5.20416026515460040e-01
 4.03913000000000011e+02	 5.32861152759760981e-01
 4.04187599999999975e+02	 5.29776776855736986e-01
 4.04462199999999996e+02	 5.16010549403681962e-01
 4.04736800000000017e+02	 5.11208313325596020e-01
 4.05011399999999981e+02	 5.21832491636597950e-01
 4.05286000000000001e+02	 5.32696900046985999e-01
 4.05560600000000022e+02	 5.34710428571669949e-01
 4.05835199999999986e+02	 5.27706767293451007e-01
 4.06109800000000007e+02	 5.21701704369208041e-01
 4.06384400000000028e+02	 5.19967705970166949e-01
 4.06658999999999992e+02	 5.24783683035372039e-01
 4.06933600000000013e+02	 5.33234453942304953e-01
 4.07208199999999977e+02	 5.36612735227920967e-01
 4.07482799999999997e+02	 5.34052314844729037e-01
 4.07757400000000018e+02	 5.30118568747573016e-01
 4.08031999999999982e+02	 5.33609951949830963e-01
 4.08306600000000003e+02	 5.45241825810276026e-01
 4.08581200000000024e+02	 5.59701444593944997e-01
 4.08855799999999988e+02	 5.72544998763797053e-01
 4.09130400000000009e+02	 5.75618353625118040e-01
 4.09404999999999973e+02	 5.65658059634694954e-01
 4.09679599999999994e+02	 5.44325550903068001e-01
 4.09954200000000014e+02	 5.26741111999687983e-01
 4.10228799999999978e+02	 5.25607443937585961e-01
 4.10503399999999999e+02	 5.42545801663286031e-01
 4.10778000000000020e+02	 5.61837470067320988e-01
 4.11052599999999984e+02	 5.72433931469618962e-01
 4.11327200000000005e+02	 5.73630043845367976e-01
 4.11601800000000026e+02	 5.71948661742472053e-01
 4.11876399999999990e+02	 5.70240182165202003e-01
 4.12151000000000010e+02	 5.68493144676180950e-01
 4.12425599999999974e+02	 5.66511949729517017e-01
 4.12700199999999995e+02	 5.63212769187966034e-01
 4.12974800000000016e+02	 5.59799721396756045e-01
 4.13249399999999980e+02	 5.62063762697002978e-01
 4.13524000000000001e+02	 5.73675321393076976e-01
 4.13798600000000022e+02	 5.86382441027287982e-01
 4.14073199999999986e+02	 5.90857159453509029e-01
 4.14347800000000007e+02	 5.86972553545518028e-01
 4.14622400000000027e+02	 5.83783295468977004e-01
 4.14896999999999991e+02	 5.84183367679681043e-01
 4.15171600000000012e+02	 5.81903830470081984e-01
 4.15446199999999976e+02	 5.77310235184039011e-01
 4.15720799999999997e+02	 5.75285500914178960e-01
 4.15995400000000018e+02	 5.80793466676843950e-01
 4.16269999999999982e+02	 5.88953518894920980e-01
 4.16544600000000003e+02	 5.92836159989446054e-01
 4.16819200000000023e+02	 5.90318300124864970e-01
 4.17093799999999987e+02	 5.84649495674890995e-01
 4.17368400000000008e+02	 5.81542422055602026e-01
 4.17642999999999972e+02	 5.84796279749154047e-01
 4.17917599999999993e+02	 5.90978452581013003e-01
 4.18192200000000014e+02	 5.95171859030266037e-01
 4.18466799999999978e+02	 5.95929952442188049e-01
 4.18741399999999999e+02	 5.98332916175937979e-01
 4.19016000000000020e+02	 6.03100188216948996e-01
 4.19290599999999984e+02	 6.03158461187487949e-01
 4.19565200000000004e+02	 5.92412551952773980e-01
 4.19839800000000025e+02	 5.76533748115536038e-01
 4.20114399999999989e+02	 5.69652910053170980e-01
 4.20389000000000010e+02	 5.78800628149712004e-01
 4.20663599999999974e+02	 5.97679379606913974e-01
 4.20938199999999995e+02	 6.12405193321791996e-01
 4.21212800000000016e+02	 6.17055981545775012e-01
 4.21487399999999980e+02	 6.18416144003064994e-01
 4.21762000000000000e+02	 6.24860765293487996e-01
 4.22036600000000021e+02	 6.30414565784501946e-01
 4.22311199999999985e+02	 6.23962204039787971e-01
 4.22585800000000006e+02	 6.08271149353824980e-01
 4.22860400000000027e+02	 5.98363463283812957e-01
 4.23134999999999991e+02	 5.99878226378858015e-01
 4.23409600000000012e+02	 6.02059134129246054e-01
 4.23684199999999976e+02	 6.00894940559183022e-01
 4.23958799999999997e+02	 6.00375530638363020e-01
 4.24233400000000017e+02	 6.04835610529402046e-01
 4.24507999999999981e+02	 6.06118161484201945e-01
 4.24782600000000002e+02	 6.03113529302314988e-01
 4.25057200000000023e+02	 5.99945661255763985e-01
 4.25331799999999987e+02	 6.03080486701139007e-01
 4.25606400000000008e+02	 6.06587855127384001e-01
 4.25880999999999972e+02	 6.09676123932054947e-01
 4.26155599999999993e+02	 6.15052993084930999e-01
 4.26430200000000013e+02	 6.24090122575798989e-01
 4.26704799999999977e+02	 6.27016134939547998e-01
 4.26979399999999998e+02	 6.18634878320775017e-01
 4.27254000000000019e+02	 6.11631034802125995e-01
 4.27528599999999983e+02	 6.19171014615516047e-01
 4.27803200000000004e+02	 6.39238397024869953e-01
 4.28077800000000025e+02	 6.54435076079728950e-01
 4.28352399999999989e+02	 6.55567402098269025e-01
 4.28627000000000010e+02	 6.46760901018655021e-01
 4.28901599999999974e+02	 6.40209412976082026e-01
 4.29176199999999994e+02	 6.40570816547973987e-01
 4.29450800000000015e+02	 6.42711825123177038e-01
 4.29725399999999979e+02	 6.38688953893808975e-01
 4.30000000000000000e+02	 6.31276860406727036e-01
 4.30274600000000021e+02	 6.18655716672176004e-01
 4.30549199999999985e+02	 5.99479030356449005e-01
 4.30823800000000006e+02	 5.71013250859554011e-01
 4.31098400000000026e+02	 5.61619470888615968e-01
 4.31372999999999990e+02	 5.87492075258429947e-01
 4.31647600000000011e+02	 6.40513141570896005e-01
 4.31922199999999975e+02	 6.76453847528493024e-01
 4.32196799999999996e+02	 6.74605900131378999e-01
 4.32471400000000017e+02	 6.52036170811674975e-01
 4.32745999999999981e+02	 6.42885612169926013e-01
 4.33020600000000002e+02	 6.54860273727944975e-01
 4.33295200000000023e+02	 6.62731007341585965e-01
 4.33569799999999987e+02	 6.45879766922536014e-01
 4.33844400000000007e+02	 6.13629069475010946e-01
 4.34119000000000028e+02	 5.96570600076045010e-01
 4.34393599999999992e+02	 6.11245933705428013e-01
 4.34668200000000013e+02	 6.41333939502223949e-01
 4.34942799999999977e+02	 6.63275605443554017e-01
 4.35217399999999998e+02	 6.66831680570289964e-01
 4.35492000000000019e+02	 6.62916611787846000e-01
 4.35766599999999983e+02	 6.60957601939446970e-01
 4.36041200000000003e+02	 6.61224954462126036e-01
 4.36315800000000024e+02	 6.60302303489205045e-01
 4.36590399999999988e+02	 6.55639953527487052e-01
 4.36865000000000009e+02	 6.49692377331209991e-01
 4.37139599999999973e+02	 6.45586345204276046e-01
 4.37414199999999994e+02	 6.49467239519228023e-01
 4.37688800000000015e+02	 6.58262354321907051e-01
 4.37963399999999979e+02	 6.64617819388158004e-01
 4.38238000000000000e+02	 6.60247855382877002e-01
 4.38512600000000020e+02	 6.51660810276169955e-01
 4.38787199999999984e+02	 6.45861311976917984e-01
 4.39061800000000005e+02	 6.47303920526263954e-01
 4.39336400000000026e+02	 6.53485203159104966e-01
 4.39610999999999990e+02	 6.62947160080529008e-01
 4.39885600000000011e+02	 6.70620497743149024e-01
 4.40160199999999975e+02	 6.70499558788324013e-01
 4.40434799999999996e+02	 6.64477063289583003e-01
 4.40709400000000016e+02	 6.60544579120744046e-01
 4.40983999999999980e+02	 6.61254477328312995e-01
 4.41258600000000001e+02	 6.61859483193164011e-01
 4.41533200000000022e+02	 6.59423860137971052e-01
 4.41807799999999986e+02	 6.58652165591644967e-01
 4.42082400000000007e+02	 6.61254782708963984e-01
 4.42357000000000028e+02	 6.64551677620241033e-01
 4.42631599999999992e+02	 6.66559808711565949e-01
 4.42906200000000013e+02	 6.67260373658801975e-01
 4.43180799999999977e+02	 6.67547305150195003e-01
 4.43455399999999997e+02	 6.67545352077966947e-01
 4.43730000000000018e+02	 6.67624030815088032e-01
 4.44004599999999982e+02	 6.68898770059455972e-01
 4.44279200000000003e+02	 6.72106162279859976e-01
 4.44553800000000024e+02	 6.80510323823420027e-01
 4.44828399999999988e+02	 6.92423518031286989e-01
 4.45103000000000009e+02	 6.98717038399479962e-01
 4.45377599999999973e+02	 6.92990617729295044e-01
 4.45652199999999993e+02	 6.78024047282978048e-01
 4.45926800000000014e+02	 6.66951910125490044e-01
 4.46201399999999978e+02	 6.65531886813184981e-01
 4.46475999999999999e+02	 6.70567856529991957e-01
 4.46750600000000020e+02	 6.74707448177323976e-01
 4.47025199999999984e+02	 6.75876851668009038e-01
 4.47299800000000005e+02	 6.78798157963510951e-01
 4.47574400000000026e+02	 6.82932686770312047e-01
 4.47848999999999990e+02	 6.87503799654196945e-01
 4.48123600000000010e+02	 6.90340515093429974e-01
 4.48398199999999974e+02	 6.94008605937295964e-01
 4.48672799999999995e+02	 6.95792446808899956e-01
 4.48947400000000016e+02	 6.92066962753864034e-01
 4.49221999999999980e+02	 6.84343604016356966e-01
 4.49496600000000001e+02	 6.78619452143125024e-01
 4.49771200000000022e+02	 6.78686142267352022e-01
 4.50045799999999986e+02	 6.83249320256613002e-01
 4.50320400000000006e+02	 6.89528074721310946e-01
 4.50595000000000027e+02	 6.96251113193232962e-01
 4.50869599999999991e+02	 7.00922496943619966e-01
 4.51144200000000012e+02	 7.02435044270942055e-01
 4.51418799999999976e+02	 7.03329172184939955e-01
 4.51693399999999997e+02	 7.08300248979611968e-01
 4.51968000000000018e+02	 7.16970445879994034e-01
 4.52242599999999982e+02	 7.20959383869120951e-01
 4.52517200000000003e+02	 7.11506507349400019e-01
 4.52791800000000023e+02	 6.92938159256863973e-01
 4.53066399999999987e+02	 6.76985126068699983e-01
 4.53341000000000008e+02	 6.76016026058758990e-01
 4.53615599999999972e+02	 6.88556308151967000e-01
 4.53890199999999993e+02	 7.06981603659226021e-01
 4.54164800000000014e+02	 7.19631848947632990e-01
 4.54439399999999978e+02	 7.19999897214747997e-01
 4.54713999999999999e+02	 7.10659463909464995e-01
 4.54988600000000019e+02	 6.98079932420703986e-01
 4.55263199999999983e+02	 6.91467474600251042e-01
 4.55537800000000004e+02	 6.92175131351374984e-01
 4.55812400000000025e+02	 6.99157723115189977e-01
 4.56086999999999989e+02	 7.04995812711897041e-01
 4.56361600000000010e+02	 7.06137312633270953e-01
 4.56636199999999974e+02	 7.03244630436759999e-01
 4.56910799999999995e+02	 7.01945752005965984e-01
 4.57185400000000016e+02	 7.05289227110986960e-01
 4.57459999999999980e+02	 7.11721692122573968e-01
 4.57734600000000000e+02	 7.16740782415109967e-01
 4.58009200000000021e+02	 7.17215693040925029e-01
 4.58283799999999985e+02	 7.15761347580905039e-01
 4.58558400000000006e+02	 7.16887301007948952e-01
 4.58833000000000027e+02	 7.20529612883916037e-01
 4.59107599999999991e+02	 7.22417822047873970e-01
 4.59382200000000012e+02	 7.19464335149265999e-01
 4.59656799999999976e+02	 7.15022980166435951e-01
 4.59931399999999996e+02	 7.11953709433371995e-01
 4.60206000000000017e+02	 7.12683454668257998e-01
 4.60480599999999981e+02	 7.16747881591771052e-01
 4.60755200000000002e+02	 7.24031576296468971e-01
 4.61029800000000023e+02	 7.30781666009262976e-01
 4.61304399999999987e+02	 7.34629318423879019e-01
 4.61579000000000008e+02	 7.34025665338199018e-01
 4.61853599999999972e+02	 7.30665597799298960e-01
 4.62128199999999993e+02	 7.26838901591322029e-01
 4.62402800000000013e+02	 7.25808197687405010e-01
 4.62677399999999977e+02	 7.28725335443867972e-01
 4.62951999999999998e+02	 7.33969481598995999e-01
 4.63226600000000019e+02	 7.37817765953401983e-01
 4.63501199999999983e+02	 7.39000157702501048e-01
 4.63775800000000004e+02	 7.38849336742867013e-01
 4.64050400000000025e+02	 7.38280504786237968e-01
 4.64324999999999989e+02	 7.34770251047153988e-01
 4.64599600000000009e+02	 7.28070496942133993e-01
 4.64874199999999973e+02	 7.20433903901876005e-01
 4.65148799999999994e+02	 7.19931075488827954e-01
 4.65423400000000015e+02	 7.27231821062674033e-01
 4.65697999999999979e+02	 7.41550024675925012e-01
 4.65972600000000000e+02	 7.54324830794476986e-01
 4.66247200000000021e+02	 7.56671725666714035e-01
 4.66521799999999985e+02	 7.46314258616764037e-01
 4.66796400000000006e+02	 7.30596317359261005e-01
 4.67071000000000026e+02	 7.24167220531505951e-01
 4.67345599999999990e+02	 7.27764839225842008e-01
 4.67620200000000011e+02	 7.33952329134286985e-01
 4.67894799999999975e+02	 7.35910379785491009e-01
 4.68169399999999996e+02	 7.36218044296073959e-01
 4.68444000000000017e+02	 7.40220168760280961e-01
 4.68718599999999981e+02	 7.46172549729640977e-01
 4.68993200000000002e+02	 7.51868014228824988e-01
 4.69267800000000022e+02	 7.55370645969512977e-01
 4.69542399999999986e+02	 7.57774334476768008e-01
 4.69817000000000007e+02	 7.57354337919354026e-01
 4.70091600000000028e+02	 7.53674916977518983e-01
 4.70366199999999992e+02	 7.47465718354596964e-01
 4.70640800000000013e+02	 7.42240112028476950e-01
 4.70915399999999977e+02	 7.38465430856842020e-01
 4.71189999999999998e+02	 7.37795865926433980e-01
 4.71464600000000019e+02	 7.41220064241694954e-01
 4.71739199999999983e+02	 7.50061408623514003e-01
 4.72013800000000003e+02	 7.60481043291043046e-01
 4.72288400000000024e+02	 7.65060599437842992e-01
 4.72562999999999988e+02	 7.60496830773011001e-01
 4.72837600000000009e+02	 7.50344567825174003e-01
 4.73112199999999973e+02	 7.42358783349047036e-01
 4.73386799999999994e+02	 7.40118343520574040e-01
 4.73661400000000015e+02	 7.42746667017542994e-01
 4.73935999999999979e+02	 7.47850386348166030e-01
 4.74210599999999999e+02	 7.54237901836232960e-01
 4.74485200000000020e+02	 7.60147917417829055e-01
 4.74759799999999984e+02	 7.64137597141001046e-01
 4.75034400000000005e+02	 7.64918167110984037e-01
 4.75309000000000026e+02	 7.64913688200540953e-01
 4.75583599999999990e+02	 7.65577304837361972e-01
 4.75858200000000011e+02	 7.67870313077591016e-01
 4.76132799999999975e+02	 7.67039057663897017e-01
 4.76407399999999996e+02	 7.62501144677676046e-01
 4.76682000000000016e+02	 7.56074497697717951e-01
 4.76956599999999980e+02	 7.53759188828123983e-01
 4.77231200000000001e+02	 7.57329238340207045e-01
 4.77505800000000022e+02	 7.64607529216039028e-01
 4.77780399999999986e+02	 7.72495016294730052e-01
 4.78055000000000007e+02	 7.76480831067638988e-01
 4.78329600000000028e+02	 7.74539398362104947e-01
 4.78604199999999992e+02	 7.67301431788708022e-01
 4.78878800000000012e+02	 7.60534782324316039e-01
 4.79153399999999976e+02	 7.59406769992971964e-01
 4.79427999999999997e+02	 7.63600132230960016e-01
 4.79702600000000018e+02	 7.68788035350641996e-01
 4.79977199999999982e+02	 7.71017372903016973e-01
 4.80251800000000003e+02	 7.69329452116071955e-01
 4.80526400000000024e+02	 7.65335876077641974e-01
 4.80800999999999988e+02	 7.61475182285531016e-01
 4.81075600000000009e+02	 7.61594933794607964e-01
 4.81350199999999973e+02	 7.66953816683146994e-01
 4.81624799999999993e+02	 7.75145940139557954e-01
 4.81899400000000014e+02	 7.81277675251748960e-01
 4.82173999999999978e+02	 7.82749751077628009e-01
 4.82448599999999999e+02	 7.80541591085729958e-01
 4.82723200000000020e+02	 7.78053031643791027e-01
 4.82997799999999984e+02	 7.76709005301063016e-01
 4.83272400000000005e+02	 7.76615235707194040e-01
 4.83547000000000025e+02	 7.76057196312727959e-01
 4.83821599999999989e+02	 7.75092124489179968e-01
 4.84096200000000010e+02	 7.76321384698148043e-01
 4.84370799999999974e+02	 7.82596915658620995e-01
 4.84645399999999995e+02	 7.93637978191615967e-01
 4.84920000000000016e+02	 8.03780359912255049e-01
 4.85194599999999980e+02	 8.04979693777645999e-01
 4.85469200000000001e+02	 7.89728870377232051e-01
 4.85743800000000022e+02	 7.61262747183670041e-01
 4.86018399999999986e+02	 7.39030222987429042e-01
 4.86293000000000006e+02	 7.41785608914678041e-01
 4.86567600000000027e+02	 7.66816699255496004e-01
 4.86842199999999991e+02	 7.89386716737482952e-01
 4.87116800000000012e+02	 7.95325456115276053e-01
 4.87391399999999976e+02	 7.93043404891036974e-01
 4.87665999999999997e+02	 7.95015008949878976e-01
 4.87940600000000018e+02	 8.00081573998469020e-01
 4.88215199999999982e+02	 7.97330798221009052e-01
 4.88489800000000002e+02	 7.83281069506871042e-01
 4.88764400000000023e+02	 7.65821228775051988e-01
 4.89038999999999987e+02	 7.58981640181706996e-01
 4.89313600000000008e+02	 7.68323446553307976e-01
 4.89588199999999972e+02	 7.87592447204843005e-01
 4.89862799999999993e+02	 8.00955890178581043e-01
 4.90137400000000014e+02	 8.03313817371965055e-01
 4.90411999999999978e+02	 7.97568702942003993e-01
 4.90686599999999999e+02	 7.92933922306608974e-01
 4.90961200000000019e+02	 7.93770615554335035e-01
 4.91235799999999983e+02	 7.97238674346724019e-01
 4.91510400000000004e+02	 7.94460222294340990e-01
 4.91785000000000025e+02	 7.82230705209310040e-01
 4.92059599999999989e+02	 7.70387027542035030e-01
 4.92334200000000010e+02	 7.74755274543412975e-01
 4.92608799999999974e+02	 7.93976670879897983e-01
 4.92883399999999995e+02	 8.13720131441996952e-01
 4.93158000000000015e+02	 8.17896566021375948e-01
 4.93432599999999979e+02	 8.05814536853831975e-01
 4.93707200000000000e+02	 7.87957133492271034e-01
 4.93981800000000021e+02	 7.74942352579920946e-01
 4.94256399999999985e+02	 7.73557456041945035e-01
 4.94531000000000006e+02	 7.80862369069998952e-01
 4.94805600000000027e+02	 7.93573365696528032e-01
 4.95080199999999991e+02	 8.00545955438799028e-01
 4.95354800000000012e+02	 7.97793334412404964e-01
 4.95629399999999976e+02	 7.87170346121135012e-01
 4.95903999999999996e+02	 7.79992666152287017e-01
 4.96178600000000017e+02	 7.80557152871711013e-01
 4.96453199999999981e+02	 7.82345510468650973e-01
 4.96727800000000002e+02	 7.81814895961575052e-01
 4.97002400000000023e+02	 7.80038429086630014e-01
 4.97276999999999987e+02	 7.82445304853790047e-01
 4.97551600000000008e+02	 7.84295086868264990e-01
 4.97826199999999972e+02	 7.82174743099119052e-01
 4.98100799999999992e+02	 7.77235340709599987e-01
 4.98375400000000013e+02	 7.77771007595753017e-01
 4.98649999999999977e+02	 7.84671275083412945e-01
 4.98924599999999998e+02	 7.91688465051311963e-01
 4.99199200000000019e+02	 7.93983605449208985e-01
 4.99473799999999983e+02	 7.92912228252838025e-01
 4.99748400000000004e+02	 7.92599227905767978e-01
 5.00023000000000025e+02	 7.91691434989900023e-01
 5.00297599999999989e+02	 7.90677927955361959e-01
 5.00572200000000009e+02	 7.91245207690894015e-01
 5.00846799999999973e+02	 7.93952398259322956e-01
 5.01121399999999994e+02	 7.95579780161495997e-01
 5.01396000000000015e+02	 7.92645861879221036e-01
 5.01670599999999979e+02	 7.88481837729516966e-01
 5.01945200000000000e+02	 7.86193226772102016e-01
 5.02219800000000021e+02	 7.87595476834551000e-01
 5.02494399999999985e+02	 7.90619236437434036e-01
 5.02769000000000005e+02	 7.94111583929306031e-01
 5.03043600000000026e+02	 7.95955374827088002e-01
 5.03318199999999990e+02	 7.92844041601558969e-01
 5.03592800000000011e+02	 7.82178687782986048e-01
 5.03867399999999975e+02	 7.72379185795704970e-01
 5.04141999999999996e+02	 7.71904248864518028e-01
 5.04416600000000017e+02	 7.81940386784845010e-01
 5.04691199999999981e+02	 7.90205303455359997e-01
 5.04965800000000002e+02	 7.89200962338275969e-01
 5.05240400000000022e+02	 7.84764988877209024e-01
 5.05514999999999986e+02	 7.85160002794637046e-01
 5.05789600000000007e+02	 7.91869278848871039e-01
 5.06064200000000028e+02	 7.97116991621026005e-01
 5.06338799999999992e+02	 7.97583826477689994e-01
 5.06613400000000013e+02	 7.94532990949872953e-01
 5.06887999999999977e+02	 7.93338346368611003e-01
 5.07162599999999998e+02	 7.93530536083928983e-01
 5.07437200000000018e+02	 7.91847616471740956e-01
 5.07711799999999982e+02	 7.85491819055245011e-01
 5.07986400000000003e+02	 7.78819955555817955e-01
 5.08261000000000024e+02	 7.78655898154455017e-01
 5.08535599999999988e+02	 7.87619949415645948e-01
 5.08810200000000009e+02	 8.01086081100024994e-01
 5.09084799999999973e+02	 8.10187144016645044e-01
 5.09359399999999994e+02	 8.08735940276143039e-01
 5.09634000000000015e+02	 7.97725506565426956e-01
 5.09908599999999979e+02	 7.85606777523058963e-01
 5.10183199999999999e+02	 7.78051830232809993e-01
 5.10457800000000020e+02	 7.74664413864460055e-01
 5.10732399999999984e+02	 7.72183204085796993e-01
 5.11007000000000005e+02	 7.71805331271516959e-01
 5.11281600000000026e+02	 7.77211433258669038e-01
 5.11556199999999990e+02	 7.86874410713725991e-01
 5.11830800000000011e+02	 7.95451855094123972e-01
 5.12105400000000031e+02	 7.96885350288036975e-01
 5.12379999999999995e+02	 7.92896202368810976e-01
 5.12654599999999959e+02	 7.88400998576197054e-01
 5.12929200000000037e+02	 7.88403194087661019e-01
 5.13203800000000001e+02	 7.90559360833287039e-01
 5.13478399999999965e+02	 7.89528367693560051e-01
 5.13753000000000043e+02	 7.83138825072052014e-01
 5.14027600000000007e+02	 7.75277263338090994e-01
 5.14302199999999971e+02	 7.71145552698807024e-01
 5.14576800000000048e+02	 7.70870657184206998e-01
 5.14851400000000012e+02	 7.72302727132821998e-01
 5.15125999999999976e+02	 7.76238634895739965e-01
 5.15400600000000054e+02	 7.86703124305771051e-01
 5.15675200000000018e+02	 8.03941807362521965e-01
 5.15949799999999982e+02	 8.19381189660840947e-01
 5.16224399999999946e+02	 8.16924034041923042e-01
 5.16499000000000024e+02	 7.91503877277850987e-01
 5.16773599999999988e+02	 7.52258095777748048e-01
 5.17048199999999952e+02	 7.27852500593192953e-01
 5.17322800000000029e+02	 7.35265653208151959e-01
 5.17597399999999993e+02	 7.67295397710686999e-01
 5.17871999999999957e+02	 7.93791971099881977e-01
 5.18146600000000035e+02	 7.96288433714464006e-01
 5.18421199999999999e+02	 7.85921245429872961e-01
 5.18695799999999963e+02	 7.81407916733476982e-01
 5.18970400000000041e+02	 7.85276921787334992e-01
 5.19245000000000005e+02	 7.88891725958180023e-01
 5.19519599999999969e+02	 7.90557709402929021e-01
 5.19794200000000046e+02	 7.95390473860823954e-01
 5.20068800000000010e+02	 7.98751095098920949e-01
 5.20343399999999974e+02	 7.94505209937737988e-01
 5.20618000000000052e+02	 7.84074147566157009e-01
 5.20892600000000016e+02	 7.76920758750498042e-01
 5.21167199999999980e+02	 7.76740041233123013e-01
 5.21441799999999944e+02	 7.80473939178618958e-01
 5.21716400000000021e+02	 7.87243418259364947e-01
 5.21990999999999985e+02	 7.94976139389189984e-01
 5.22265599999999949e+02	 7.97389083442321955e-01
 5.22540200000000027e+02	 7.89538186691017052e-01
 5.22814799999999991e+02	 7.75580639834775987e-01
 5.23089399999999955e+02	 7.67878065616369954e-01
 5.23364000000000033e+02	 7.70308052829339007e-01
 5.23638599999999997e+02	 7.79543521559586949e-01
 5.23913199999999961e+02	 7.88198903002481965e-01
 5.24187800000000038e+02	 7.91836247220437994e-01
 5.24462400000000002e+02	 7.90578730980504019e-01
 5.24736999999999966e+02	 7.86057004038414053e-01
 5.25011600000000044e+02	 7.83233626295192997e-01
 5.25286200000000008e+02	 7.87042293007744975e-01
 5.25560799999999972e+02	 7.99996841641380962e-01
 5.25835400000000050e+02	 8.15195891799304961e-01
 5.26110000000000014e+02	 8.20126518902398960e-01
 5.26384599999999978e+02	 8.06748767312914006e-01
 5.26659200000000055e+02	 7.83451268237940979e-01
 5.26933800000000019e+02	 7.64644459486962025e-01
 5.27208399999999983e+02	 7.62197926403526016e-01
 5.27482999999999947e+02	 7.72567205436406002e-01
 5.27757600000000025e+02	 7.85543018138529003e-01
 5.28032199999999989e+02	 7.92434392195805026e-01
 5.28306799999999953e+02	 7.96062453418800997e-01
 5.28581400000000031e+02	 8.02407740804281011e-01
 5.28855999999999995e+02	 8.11755020398197025e-01
 5.29130599999999959e+02	 8.15083890719315973e-01
 5.29405200000000036e+02	 8.06026220907961055e-01
 5.29679800000000000e+02	 7.89894667161883945e-01
 5.29954399999999964e+02	 7.77401090129713035e-01
 5.30229000000000042e+02	 7.77506087508463950e-01
 5.30503600000000006e+02	 7.85762038090811021e-01
 5.30778199999999970e+02	 7.95924508536974051e-01
 5.31052800000000047e+02	 8.00902102726670950e-01
 5.31327400000000011e+02	 8.02476307708517966e-01
 5.31601999999999975e+02	 8.04645598477851998e-01
 5.31876600000000053e+02	 8.10767863151266033e-01
 5.32151200000000017e+02	 8.13669843758573985e-01
 5.32425799999999981e+02	 8.05982588245440001e-01
 5.32700399999999945e+02	 7.88338016595603985e-01
 5.32975000000000023e+02	 7.74387755958627966e-01
 5.33249599999999987e+02	 7.73755015136624036e-01
 5.33524199999999951e+02	 7.81839728296659042e-01
 5.33798800000000028e+02	 7.90261303236353019e-01
 5.34073399999999992e+02	 7.93422778982610044e-01
 5.34347999999999956e+02	 7.94011125669803031e-01
 5.34622600000000034e+02	 7.92022009821814033e-01
 5.34897199999999998e+02	 7.88829338880567055e-01
 5.35171799999999962e+02	 7.87893739084588041e-01
 5.35446400000000040e+02	 7.92622426113932965e-01
 5.35721000000000004e+02	 8.01555215462394055e-01
 5.35995599999999968e+02	 8.08086911240751049e-01
 5.36270200000000045e+02	 8.06202004826694019e-01
 5.36544800000000009e+02	 7.95422359342385032e-01
 5.36819399999999973e+02	 7.82166664103375986e-01
 5.37094000000000051e+02	 7.76861929671505025e-01
 5.37368600000000015e+02	 7.83864204822275035e-01
 5.37643199999999979e+02	 7.96205854885572051e-01
 5.37917800000000057e+02	 8.03538259440174985e-01
 5.38192400000000021e+02	 8.03523986279798041e-01
 5.38466999999999985e+02	 8.02455372051099958e-01
 5.38741599999999949e+02	 8.02618527657553038e-01
 5.39016200000000026e+02	 8.02733770183427953e-01
 5.39290799999999990e+02	 8.00633240903498966e-01
 5.39565399999999954e+02	 8.00017407192286978e-01
 5.39840000000000032e+02	 8.01100751356382035e-01
 5.40114599999999996e+02	 8.01307871506656055e-01
 5.40389199999999960e+02	 7.96603528660190019e-01
 5.40663800000000037e+02	 7.88724824330793051e-01
 5.40938400000000001e+02	 7.83149279930918985e-01
 5.41212999999999965e+02	 7.84293725833597022e-01
 5.41487600000000043e+02	 7.90754140822721996e-01
 5.41762200000000007e+02	 7.98075113841042016e-01
 5.42036799999999971e+02	 8.03347359473602030e-01
 5.42311400000000049e+02	 8.06373900171854952e-01
 5.42586000000000013e+02	 8.06692130044951994e-01
 5.42860599999999977e+02	 8.02678818304645048e-01
 5.43135200000000054e+02	 7.95321517228018027e-01
 5.43409800000000018e+02	 7.91169063841481002e-01
 5.43684399999999982e+02	 7.94551400218505011e-01
 5.43958999999999946e+02	 8.02626107951814993e-01
 5.44233600000000024e+02	 8.06060827859436002e-01
 5.44508199999999988e+02	 8.01858945133229972e-01
 5.44782799999999952e+02	 7.95850424286094982e-01
 5.45057400000000030e+02	 7.94418523370482021e-01
 5.45331999999999994e+02	 7.97590195769020016e-01
 5.45606599999999958e+02	 8.00289807106911000e-01
 5.45881200000000035e+02	 8.00665645055459008e-01
 5.46155799999999999e+02	 7.99329601962834979e-01
 5.46430399999999963e+02	 7.98014094868072954e-01
 5.46705000000000041e+02	 7.97171675107103961e-01
 5.46979600000000005e+02	 7.97229762488779969e-01
 5.47254199999999969e+02	 7.97488943863907007e-01
 5.47528800000000047e+02	 7.98241453087603969e-01
 5.47803400000000011e+02	 7.98257652685298025e-01
 5.48077999999999975e+02	 7.99228263368633951e-01
 5.48352600000000052e+02	 7.99243481233219977e-01
 5.48627200000000016e+02	 7.99503181080867042e-01
 5.48901799999999980e+02	 7.98896793577245967e-01
 5.49176399999999944e+02	 7.99139102796550982e-01
 5.49451000000000022e+02	 8.01484944814812028e-01
 5.49725599999999986e+02	 8.05925936005208010e-01
 5.50039800000000014e+02	 8.03936204476341953e-01
 5.50528000000000020e+02	 8.00546579669051961e-01
 5.51016200000000026e+02	 8.00572779471747986e-01
 5.51504400000000032e+02	 8.02958171516659047e-01
 5.51992600000000039e+02	 8.06262074648729010e-01
 5.52480800000000045e+02	 8.06129871934938014e-01
 5.52969000000000051e+02	 8.07640045392730044e-01
 5.53457199999999943e+02	 8.08075544187622952e-01
 5.53945399999999950e+02	 8.08545129403162033e-01
 5.54433599999999956e+02	 8.05775045455896954e-01
 5.54921799999999962e+02	 8.16091451285049008e-01
 5.55409999999999968e+02	 8.08640855863044017e-01
 5.55898199999999974e+02	 8.09734864626492024e-01
 5.56386399999999981e+02	 8.09393880298714952e-01
 5.56874599999999987e+02	 8.12200349920615960e-01
 5.57362799999999993e+02	 8.13496941894686021e-01
 5.57850999999999999e+02	 8.03618539082930017e-01
 5.58339200000000005e+02	 8.18625027545836992e-01
 5.58827400000000011e+02	 8.10491124912767980e-01
 5.59315600000000018e+02	 8.09399820001877046e-01
 5.59803800000000024e+02	 8.13064324340834976e-01
 5.60292000000000030e+02	 8.13212279092903945e-01
 5.60780200000000036e+02	 8.16544531521996020e-01
 5.61268400000000042e+02	 8.19659890130359003e-01
 5.61756600000000049e+02	 8.18784055629306007e-01
 5.62244800000000055e+02	 8.18199358386843989e-01
 5.62732999999999947e+02	 8.21893800807450003e-01
 5.63221199999999953e+02	 8.24300264791654969e-01
 5.63709399999999960e+02	 8.25006759734352002e-01
 5.64197599999999966e+02	 8.21826477741378958e-01
 5.64685799999999972e+02	 8.16960159470636049e-01
 5.65173999999999978e+02	 8.24433379355441032e-01
 5.65662199999999984e+02	 8.27586823988734954e-01
 5.66150399999999991e+02	 8.17620097392568024e-01
 5.66638599999999997e+02	 8.18989989983595956e-01
 5.67126800000000003e+02	 8.23741246937894966e-01
 5.67615000000000009e+02	 8.28116890534252970e-01
 5.68103200000000015e+02	 8.24982398086752999e-01
 5.68591400000000021e+02	 8.29915073208647991e-01
 5.69079600000000028e+02	 8.25023259272856024e-01
 5.69567800000000034e+02	 8.23458003040980047e-01
 5.70056000000000040e+02	 8.26279925071346955e-01
 5.70544200000000046e+02	 8.31280497403994012e-01
 5.71032400000000052e+02	 8.30455993495205047e-01
 5.71520599999999945e+02	 8.20829683808122046e-01
 5.72008799999999951e+02	 8.27691931638740996e-01
 5.72496999999999957e+02	 8.37389995374648977e-01
 5.72985199999999963e+02	 8.29876277787667038e-01
 5.73473399999999970e+02	 8.33795842039409041e-01
 5.73961599999999976e+02	 8.34863263534336042e-01
 5.74449799999999982e+02	 8.35837304138189019e-01
 5.74937999999999988e+02	 8.36642724756652023e-01
 5.75426199999999994e+02	 8.34263655538599047e-01
 5.75914400000000001e+02	 8.34584130574506977e-01
 5.76402600000000007e+02	 8.31020249443280012e-01
 5.76890800000000013e+02	 8.32574692432215047e-01
 5.77379000000000019e+02	 8.41138327735624025e-01
 5.77867200000000025e+02	 8.40854118785188009e-01
 5.78355400000000031e+02	 8.45228054072722945e-01
 5.78843600000000038e+02	 8.40399122628163964e-01
 5.79331800000000044e+02	 8.37357900910637998e-01
 5.79820000000000050e+02	 8.35625845481195006e-01
 5.80308200000000056e+02	 8.34449285070345992e-01
 5.80796399999999949e+02	 8.41682494618471999e-01
 5.81284599999999955e+02	 8.46495601900410954e-01
 5.81772799999999961e+02	 8.43930764896107966e-01
 5.82260999999999967e+02	 8.40111631046651985e-01
 5.82749199999999973e+02	 8.45830082694385976e-01
 5.83237399999999980e+02	 8.41473706611153949e-01
 5.83725599999999986e+02	 8.46516047306165031e-01
 5.84213799999999992e+02	 8.45936466333601977e-01
 5.84701999999999998e+02	 8.53354441927619001e-01
 5.85190200000000004e+02	 8.51846624976888012e-01
 5.85678400000000011e+02	 8.49668469515092006e-01
 5.86166600000000017e+02	 8.42009719519367983e-01
 5.86654800000000023e+02	 8.41331052176494953e-01
 5.87143000000000029e+02	 8.47040021110107011e-01
 5.87631200000000035e+02	 8.56011024013892952e-01
 5.88119400000000041e+02	 8.52231480072600966e-01
 5.88607600000000048e+02	 8.56782584932864966e-01
 5.89095800000000054e+02	 8.51938151227005003e-01
 5.89583999999999946e+02	 8.44802457015891961e-01
 5.90072199999999953e+02	 8.44547783405079966e-01
 5.90560399999999959e+02	 8.51040345781299945e-01
 5.91048599999999965e+02	 8.57869714695324026e-01
 5.91536799999999971e+02	 8.50977685447223964e-01
 5.92024999999999977e+02	 8.53459546125801993e-01
 5.92513199999999983e+02	 8.55827393578886042e-01
 5.93001399999999990e+02	 8.55724983173430043e-01
 5.93489599999999996e+02	 8.52779526888498007e-01
 5.93977800000000002e+02	 8.57069341510375948e-01
 5.94466000000000008e+02	 8.55149781975964030e-01
 5.94954200000000014e+02	 8.60267026193238027e-01
 5.95442400000000021e+02	 8.53943211206656949e-01
 5.95930600000000027e+02	 8.49924567456632030e-01
 5.96418800000000033e+02	 8.54115385501041047e-01
 5.96907000000000039e+02	 8.60121565940986987e-01
 5.97395200000000045e+02	 8.60702719862111998e-01
 5.97883400000000051e+02	 8.62882710645332951e-01
 5.98371599999999944e+02	 8.59624982537406046e-01
 5.98859799999999950e+02	 8.64453711806973946e-01
 5.99347999999999956e+02	 8.63030935899919971e-01
 5.99836199999999963e+02	 8.63097249102753983e-01
 6.00324399999999969e+02	 8.61395292005950997e-01
 6.00812599999999975e+02	 8.68435219162408956e-01
 6.01300799999999981e+02	 8.65531010831324998e-01
 6.01788999999999987e+02	 8.65903655685087981e-01
 6.02277199999999993e+02	 8.59232523694447026e-01
 6.02765400000000000e+02	 8.56991041606226966e-01
 6.03253600000000006e+02	 8.60349547111834978e-01
 6.03741800000000012e+02	 8.59919564517327983e-01
 6.04230000000000018e+02	 8.64921817667428039e-01
 6.04718200000000024e+02	 8.62997608714470954e-01
 6.05206400000000031e+02	 8.64550965571247998e-01
 6.05694600000000037e+02	 8.67084283152053992e-01
 6.06182800000000043e+02	 8.68086332889344003e-01
 6.06671000000000049e+02	 8.65297272029865949e-01
 6.07159200000000055e+02	 8.68736472156455997e-01
 6.07647399999999948e+02	 8.66271514298102008e-01
 6.08135599999999954e+02	 8.67899515851659031e-01
 6.08623799999999960e+02	 8.71056877789521011e-01
 6.09111999999999966e+02	 8.68740775903492968e-01
 6.09600199999999973e+02	 8.72255075861465001e-01
 6.10088399999999979e+02	 8.75007042140785951e-01
 6.10576599999999985e+02	 8.72875908379285970e-01
 6.11064799999999991e+02	 8.76266561012889023e-01
 6.11552999999999997e+02	 8.82021721637232026e-01
 6.12041200000000003e+02	 8.71289536783263041e-01
 6.12529400000000010e+02	 8.72341504720415051e-01
 6.13017600000000016e+02	 8.76072674120653039e-01
 6.13505800000000022e+02	 8.76342492351091962e-01
 6.13994000000000028e+02	 8.74852002922696048e-01
 6.14482200000000034e+02	 8.74546227551303956e-01
 6.14970400000000041e+02	 8.74884471682687015e-01
 6.15458600000000047e+02	 8.71953383600659993e-01
 6.15946800000000053e+02	 8.80324686266596990e-01
 6.16434999999999945e+02	 8.78107022371880985e-01
 6.16923199999999952e+02	 8.73841010361030013e-01
 6.17411399999999958e+02	 8.70732802339336032e-01
 6.17899599999999964e+02	 8.74030045490740037e-01
 6.18387799999999970e+02	 8.73270888557322045e-01
 6.18875999999999976e+02	 8.80960870415464004e-01
 6.19364199999999983e+02	 8.84909076804909045e-01
 6.19852399999999989e+02	 8.80142092753587013e-01
 6.20340599999999995e+02	 8.77656922535086981e-01
 6.20828800000000001e+02	 8.82378427214236982e-01
 6.21317000000000007e+02	 8.86681795029591990e-01
 6.21805200000000013e+02	 8.80774254284476976e-01
 6.22293400000000020e+02	 8.79709780705223987e-01
 6.22781600000000026e+02	 8.80875491858654991e-01
 6.23269800000000032e+02	 8.84346329402120990e-01
 6.23758000000000038e+02	 8.82739035270653005e-01
 6.24246200000000044e+02	 8.84240985952872038e-01
 6.24734400000000051e+02	 8.84121280170091950e-01
 6.25222600000000057e+02	 8.79818300807525988e-01
 6.25710799999999949e+02	 8.84327640936542037e-01
 6.26198999999999955e+02	 8.87047083829079042e-01
 6.26687199999999962e+02	 8.88701427787324971e-01
 6.27175399999999968e+02	 8.88204663086638035e-01
 6.27663599999999974e+02	 8.84200561251980988e-01
 6.28151799999999980e+02	 8.90644455928615963e-01
 6.28639999999999986e+02	 8.82900872009803050e-01
 6.29128199999999993e+02	 8.88129735840973988e-01
 6.29616399999999999e+02	 8.87775151188369027e-01
 6.30104600000000005e+02	 8.86370643546303016e-01
 6.30592800000000011e+02	 8.84385210244684972e-01
 6.31081000000000017e+02	 8.83896396693858999e-01
 6.31569200000000023e+02	 8.85239396905408982e-01
 6.32057400000000030e+02	 8.81037022603533004e-01
 6.32545600000000036e+02	 8.81803568890317968e-01
 6.33033800000000042e+02	 8.88619124925028037e-01
 6.33522000000000048e+02	 8.87993411576408986e-01
 6.34010200000000054e+02	 8.90398008883987013e-01
 6.34498399999999947e+02	 8.89436631649273002e-01
 6.34986599999999953e+02	 8.88319513513215031e-01
 6.35474799999999959e+02	 8.92418952335199966e-01
 6.35962999999999965e+02	 8.93297147214257015e-01
 6.36451199999999972e+02	 8.93122068847692963e-01
 6.36939399999999978e+02	 8.92393158818626020e-01
 6.37427599999999984e+02	 8.95119864618511007e-01
 6.37915799999999990e+02	 8.87488743838162009e-01
 6.38403999999999996e+02	 8.92072641881820005e-01
 6.38892200000000003e+02	 8.98388712072934026e-01
 6.39380400000000009e+02	 8.95695705839397949e-01
 6.39868600000000015e+02	 8.99620134452957965e-01
 6.40356800000000021e+02	 8.95736195264007051e-01
 6.40845000000000027e+02	 8.98030259970818978e-01
 6.41333200000000033e+02	 8.97279851451643018e-01
 6.41821400000000040e+02	 8.98375441010730968e-01
 6.42309600000000046e+02	 8.97191957086945990e-01
 6.42797800000000052e+02	 8.97903914403096026e-01
 6.43285999999999945e+02	 9.10477910937189994e-01
 6.43774199999999951e+02	 9.06717126625506964e-01
 6.44262399999999957e+02	 9.05341229451146035e-01
 6.44750599999999963e+02	 9.04542263803680968e-01
 6.45238799999999969e+02	 8.98635011880241974e-01
 6.45726999999999975e+02	 9.07842242787651021e-01
 6.46215199999999982e+02	 9.04738645527030982e-01
 6.46703399999999988e+02	 9.07775373054389045e-01
 6.47191599999999994e+02	 9.11711449631104953e-01
 6.47679800000000000e+02	 9.11427704536112993e-01
 6.48168000000000006e+02	 9.07969772352944959e-01
 6.48656200000000013e+02	 9.13346631788651053e-01
 6.49144400000000019e+02	 9.19304738229593021e-01
 6.49632600000000025e+02	 9.10838340900039012e-01
 6.50120800000000031e+02	 8.98920594286770958e-01
 6.50609000000000037e+02	 9.00219485169306055e-01
 6.51097200000000043e+02	 9.04719780081985947e-01
 6.51585400000000050e+02	 9.13613954355426028e-01
 6.52073600000000056e+02	 9.02719896344240991e-01
 6.52561799999999948e+02	 9.01910655215902968e-01
 6.53049999999999955e+02	 9.07607363353805985e-01
 6.53538199999999961e+02	 9.07768652421321987e-01
 6.54026399999999967e+02	 9.15146962742546033e-01
 6.54514599999999973e+02	 9.05261741303948986e-01
 6.55002799999999979e+02	 9.09271371473786005e-01
 6.55490999999999985e+02	 9.14731747554215047e-01
 6.55979199999999992e+02	 9.23317288736267949e-01
 6.56467399999999998e+02	 9.15021413121060001e-01
 6.56955600000000004e+02	 8.94400061960942017e-01
 6.57443800000000010e+02	 9.10996044323422960e-01
 6.57932000000000016e+02	 9.13376125380826021e-01
 6.58420200000000023e+02	 9.12918631011923054e-01
 6.58908400000000029e+02	 9.17449115760264000e-01
 6.59396600000000035e+02	 9.20347500728160961e-01
 6.59884800000000041e+02	 9.07060369870840044e-01
 6.60373000000000047e+02	 9.18906792219618018e-01
 6.60861200000000053e+02	 9.18742352506191962e-01
 6.61349399999999946e+02	 9.16779232687057966e-01
 6.61837599999999952e+02	 9.14376183777586005e-01
 6.62325799999999958e+02	 9.18454774051707945e-01
 6.62813999999999965e+02	 9.15465601652429961e-01
 6.63302199999999971e+02	 9.15546534490759956e-01
 6.63790399999999977e+02	 9.15168433450312957e-01
 6.64278599999999983e+02	 9.21575744480307990e-01
 6.64766799999999989e+02	 9.21871919139773954e-01
 6.65254999999999995e+02	 9.14543394796394016e-01
 6.65743200000000002e+02	 9.28180108907034951e-01
 6.66231400000000008e+02	 9.25492196688232016e-01
 6.66719600000000014e+02	 9.19007605425259055e-01
 6.67207800000000020e+02	 9.19929331824421048e-01
 6.67696000000000026e+02	 9.18941369724979973e-01
 6.68184200000000033e+02	 9.18474476342084012e-01
 6.68672400000000039e+02	 9.18813259044436004e-01
 6.69160600000000045e+02	 9.22257909123446962e-01
 6.69648800000000051e+02	 9.19593112445553973e-01
 6.70136999999999944e+02	 9.25254509600323960e-01
 6.70625199999999950e+02	 9.26468620249009001e-01
 6.71113399999999956e+02	 9.26255839555629956e-01
 6.71601599999999962e+02	 9.32309693263902006e-01
 6.72089799999999968e+02	 9.16791199205299945e-01
 6.72577999999999975e+02	 9.21178190287328946e-01
 6.73066199999999981e+02	 9.21365360446359971e-01
 6.73554399999999987e+02	 9.25157352007798028e-01
 6.74042599999999993e+02	 9.30248353692803009e-01
 6.74530799999999999e+02	 9.25143477530986025e-01
 6.75019000000000005e+02	 9.23652469319625968e-01
 6.75507200000000012e+02	 9.29436270481820981e-01
 6.75995400000000018e+02	 9.27337583527954035e-01
 6.76483600000000024e+02	 9.30296033137686051e-01
 6.76971800000000030e+02	 9.33476290479372972e-01
 6.77460000000000036e+02	 9.35209021942840946e-01
 6.77948200000000043e+02	 9.21846792569410045e-01
 6.78436400000000049e+02	 9.24870161004875957e-01
 6.78924600000000055e+02	 9.29405279742897994e-01
 6.79412799999999947e+02	 9.25031843958957989e-01
 6.79900999999999954e+02	 9.27199520175482017e-01
 6.80389199999999960e+02	 9.31028986598276043e-01
 6.80877399999999966e+02	 9.31743413139320964e-01
 6.81365599999999972e+02	 9.23534553749926990e-01
 6.81853799999999978e+02	 9.21382418610902976e-01
 6.82341999999999985e+02	 9.27496294955207023e-01
 6.82830199999999991e+02	 9.30776282105875041e-01
 6.83318399999999997e+02	 9.38241731579253946e-01
 6.83806600000000003e+02	 9.32661041906692967e-01
 6.84294800000000009e+02	 9.30168758267872042e-01
 6.84783000000000015e+02	 9.16615671559634970e-01
 6.85271200000000022e+02	 9.28210227175168989e-01
 6.85759400000000028e+02	 9.31470213041904027e-01
 6.86247600000000034e+02	 9.34899090157114032e-01
 6.86735800000000040e+02	 9.30670941105230964e-01
 6.87224000000000046e+02	 9.31779221562248017e-01
 6.87712200000000053e+02	 9.39105656521782017e-01
 6.88200399999999945e+02	 9.39971552847531977e-01
 6.88688599999999951e+02	 9.38096161050253952e-01
 6.89176799999999957e+02	 9.36810541382068984e-01
 6.89664999999999964e+02	 9.37182020633942958e-01
 6.90153199999999970e+02	 9.36526701455686950e-01
 6.90641399999999976e+02	 9.33836765219514975e-01
 6.91129599999999982e+02	 9.41697241115349026e-01
 6.91617799999999988e+02	 9.43101659544750004e-01
 6.92105999999999995e+02	 9.33285208314042047e-01
 6.92594200000000001e+02	 9.32014588422560020e-01
 6.93082400000000007e+02	 9.42270234255785044e-01
 6.93570600000000013e+02	 9.42738702798837980e-01
 6.94058800000000019e+02	 9.40398220798393969e-01
 6.94547000000000025e+02	 9.34806688407722963e-01
 6.95035200000000032e+02	 9.29295152921651990e-01
 6.95523400000000038e+02	 9.45261052427620041e-01
 6.96011600000000044e+02	 9.53330311751350967e-01
 6.96499800000000050e+02	 9.39473085426808963e-01
 6.96988000000000056e+02	 9.38610844735201955e-01
 6.97476199999999949e+02	 9.48333493398655025e-01
 6.97964399999999955e+02	 9.45246551568181048e-01
 6.98452599999999961e+02	 9.39991484499381968e-01
 6.98940799999999967e+02	 9.33880852071509948e-01
 6.99428999999999974e+02	 9.43918327596529050e-01
 6.99917199999999980e+02	 9.48043849571149955e-01
 7.00405399999999986e+02	 9.47833746223400997e-01
 7.00893599999999992e+02	 9.41565389740285030e-01
 7.01381799999999998e+02	 9.41652678138663046e-01
 7.01870000000000005e+02	 9.48698682523888004e-01
 7.02358200000000011e+02	 9.48602683943409963e-01
 7.02846400000000017e+02	 9.46339901652486049e-01
 7.03334600000000023e+02	 9.43845306378382043e-01
 7.03822800000000029e+02	 9.47926753840403036e-01
 7.04311000000000035e+02	 9.49393989495692980e-01
 7.04799200000000042e+02	 9.47899159772652045e-01
 7.05287400000000048e+02	 9.42847296862645012e-01
 7.05775600000000054e+02	 9.30500633519178999e-01
 7.06263799999999947e+02	 9.47632821506559031e-01
 7.06751999999999953e+02	 9.52810923030867007e-01
 7.07240199999999959e+02	 9.55536713538135962e-01
 7.07728399999999965e+02	 9.42732113057773047e-01
 7.08216599999999971e+02	 9.36957195435053958e-01
 7.08704799999999977e+02	 9.43009476668771995e-01
 7.09192999999999984e+02	 9.54444538668192011e-01
 7.09681199999999990e+02	 9.53614607889159971e-01
 7.10169399999999996e+02	 9.54173834483030947e-01
 7.10657600000000002e+02	 9.48594232389680991e-01
 7.11145800000000008e+02	 9.51367865354382003e-01
 7.11634000000000015e+02	 9.45045211742120972e-01
 7.12122200000000021e+02	 9.46189888122860978e-01
 7.12610400000000027e+02	 9.57271461524560996e-01
 7.13098600000000033e+02	 9.55530644488668979e-01
 7.13586800000000039e+02	 9.55977580669700955e-01
 7.14075000000000045e+02	 9.53055592343256985e-01
 7.14563200000000052e+02	 9.53747488513065012e-01
 7.15051399999999944e+02	 9.50025283995487024e-01
 7.15539599999999950e+02	 9.49991734000573018e-01
 7.16027799999999957e+02	 9.43833445785254965e-01
 7.16515999999999963e+02	 9.56426542164583005e-01
 7.17004199999999969e+02	 9.53930238172564948e-01
 7.17492399999999975e+02	 9.57504433527729959e-01
 7.17980599999999981e+02	 9.66283929705084033e-01
 7.18468799999999987e+02	 9.51797982625447014e-01
 7.18956999999999994e+02	 9.56285205701666974e-01
 7.19445200000000000e+02	 9.52915591246917049e-01
 7.19933400000000006e+02	 9.60035161777219037e-01
 7.20421600000000012e+02	 9.58219432149047035e-01
 7.20909800000000018e+02	 9.59540089681060970e-01
 7.21398000000000025e+02	 9.58205094536569990e-01
 7.21886200000000031e+02	 9.52363300552779957e-01
 7.22374400000000037e+02	 9.52852060323099992e-01
 7.22862600000000043e+02	 9.57044107571136005e-01
 7.23350800000000049e+02	 9.59035765926551043e-01
 7.23839000000000055e+02	 9.59061113860337988e-01
 7.24327199999999948e+02	 9.57924444835314026e-01
 7.24815399999999954e+02	 9.72642915649360007e-01
 7.25303599999999960e+02	 9.69980791026007982e-01
 7.25791799999999967e+02	 9.61612217460666052e-01
 7.26279999999999973e+02	 9.54643853642283990e-01
 7.26768199999999979e+02	 9.57227502168373046e-01
 7.27256399999999985e+02	 9.55434140624573991e-01
 7.27744599999999991e+02	 9.59732824955226049e-01
 7.28232799999999997e+02	 9.61663939924935041e-01
 7.28721000000000004e+02	 9.71910863079535003e-01
 7.29209200000000010e+02	 9.73234570302461965e-01
 7.29697400000000016e+02	 9.61495139840709001e-01
 7.30185600000000022e+02	 9.65554586917700020e-01
 7.30673800000000028e+02	 9.66939789270594985e-01
 7.31162000000000035e+02	 9.66759240717927959e-01
 7.31650200000000041e+02	 9.61430534136070047e-01
 7.32138400000000047e+02	 9.67681381181664024e-01
 7.32626600000000053e+02	 9.70958852094381042e-01
 7.33114799999999946e+02	 9.60324818243408984e-01
 7.33602999999999952e+02	 9.63908740391118957e-01
 7.34091199999999958e+02	 9.70814144993828010e-01
 7.34579399999999964e+02	 9.64959127930617999e-01
 7.35067599999999970e+02	 9.65658123116694966e-01
 7.35555799999999977e+02	 9.58432476190691052e-01
 7.36043999999999983e+02	 9.63079416699434976e-01
 7.36532199999999989e+02	 9.57958984114547052e-01
 7.37020399999999995e+02	 9.55273608620953008e-01
 7.37508600000000001e+02	 9.71308296580045027e-01
 7.37996800000000007e+02	 9.67735696476389018e-01
 7.38485000000000014e+02	 9.76947323787065947e-01
 7.38973200000000020e+02	 9.72003890545172000e-01
 7.39461400000000026e+02	 9.67571463335337945e-01
 7.39949600000000032e+02	 9.69367509017933005e-01
 7.40437800000000038e+02	 9.77441912712178951e-01
 7.40926000000000045e+02	 9.80016660904923009e-01
 7.41414200000000051e+02	 9.69607240835495987e-01
 7.41902399999999943e+02	 9.66847083050412004e-01
 7.42390599999999949e+02	 9.65862069575074034e-01
 7.42878799999999956e+02	 9.72435617959085952e-01
 7.43366999999999962e+02	 9.64809262085274955e-01
 7.43855199999999968e+02	 9.64333945642670054e-01
 7.44343399999999974e+02	 9.66208270170586969e-01
 7.44831599999999980e+02	 9.75538009497059044e-01
 7.45319799999999987e+02	 9.73365915130104953e-01
 7.45807999999999993e+02	 9.72713113200070034e-01
 7.46296199999999999e+02	 9.68753896600363040e-01
 7.46784400000000005e+02	 9.64747976149160968e-01
 7.47272600000000011e+02	 9.64465208278928010e-01
 7.47760800000000017e+02	 9.72471109020136004e-01
 7.48249000000000024e+02	 9.81466749434057983e-01
 7.48737200000000030e+02	 9.78186363748413945e-01
 7.49225400000000036e+02	 9.74878948363240960e-01
 7.49713600000000042e+02	 9.73660529659014951e-01
 7.50201800000000048e+02	 9.66163540804264032e-01
 7.50690000000000055e+02	 9.68604795574192989e-01
 7.51178199999999947e+02	 9.76023899460386035e-01
 7.51666399999999953e+02	 9.68344297797189002e-01
 7.52154599999999959e+02	 9.63994483860995954e-01
 7.52642799999999966e+02	 9.65880555786294948e-01
 7.53130999999999972e+02	 9.84556492518940951e-01
 7.53619199999999978e+02	 9.80152426198450999e-01
 7.54107399999999984e+02	 9.82546315479646992e-01
 7.54595599999999990e+02	 9.77353354503227023e-01
 7.55083799999999997e+02	 9.66331083221099951e-01
 7.55572000000000003e+02	 9.59399034463014999e-01
 7.56060200000000009e+02	 9.70408628357125047e-01
 7.56548400000000015e+02	 9.80471863229246954e-01
 7.57036600000000021e+02	 9.70619925128658023e-01
 7.57524800000000027e+02	 9.78982916446104023e-01
 7.58013000000000034e+02	 9.83479930868320973e-01
 7.58501200000000040e+02	 9.80052837688635048e-01
 7.58989400000000046e+02	 9.74985052321316048e-01
 7.59477600000000052e+02	 9.74404746152567003e-01
 7.59965799999999945e+02	 9.73636067240636005e-01
 7.60453999999999951e+02	 9.68185333241944002e-01
 7.60942199999999957e+02	 9.71672243230588983e-01
 7.61430399999999963e+02	 9.76286596680828955e-01
 7.61918599999999969e+02	 9.76401074172479011e-01
 7.62406799999999976e+02	 9.72658916627669012e-01
 7.62894999999999982e+02	 9.79947733380336028e-01
 7.63383199999999988e+02	 9.80958977549522992e-01
 7.63871399999999994e+02	 9.83251197650945041e-01
 7.64359600000000000e+02	 9.75248130679827963e-01
 7.64847800000000007e+02	 9.75815844766458995e-01
 7.65336000000000013e+02	 9.83454468491580025e-01
 7.65824200000000019e+02	 9.81074237167186003e-01
 7.66312400000000025e+02	 9.74083765209756036e-01
 7.66800600000000031e+02	 9.58189958298158007e-01
 7.67288800000000037e+02	 9.67384457447103996e-01
 7.67777000000000044e+02	 9.69742855212754051e-01
 7.68265200000000050e+02	 9.73284572214622945e-01
 7.68753400000000056e+02	 9.84887767797058999e-01
 7.69241599999999949e+02	 9.81757394593333999e-01
 7.69729799999999955e+02	 9.70666813420034025e-01
 7.70217999999999961e+02	 9.67597096861678052e-01
 7.70706199999999967e+02	 9.82120900039480049e-01
 7.71194399999999973e+02	 9.85304048832944979e-01
 7.71682599999999979e+02	 9.75853048187823036e-01
 7.72170799999999986e+02	 9.79005483504581053e-01
 7.72658999999999992e+02	 9.74960918446988956e-01
 7.73147199999999998e+02	 9.87286196982985031e-01
 7.73635400000000004e+02	 9.84658223990905968e-01
 7.74123600000000010e+02	 9.79023150639026007e-01
 7.74611800000000017e+02	 9.86061249085353975e-01
 7.75100000000000023e+02	 9.78991980336773038e-01
 7.75588200000000029e+02	 9.76413407358904029e-01
 7.76076400000000035e+02	 9.84992355294744049e-01
 7.76564600000000041e+02	 9.82255813954194035e-01
 7.77052800000000047e+02	 9.79913595694852035e-01
 7.77541000000000054e+02	 9.74966549428716966e-01
 7.78029199999999946e+02	 9.65938722673950978e-01
 7.78517399999999952e+02	 9.64476300775595985e-01
 7.79005599999999959e+02	 9.65359636678048028e-01
 7.79493799999999965e+02	 9.69974992172853989e-01
 7.79981999999999971e+02	 9.75466229797539053e-01
 7.80470199999999977e+02	 9.79962851839643045e-01
 7.80958399999999983e+02	 9.64330754128728040e-01
 7.81446599999999989e+02	 9.67839443435847047e-01
 7.81934799999999996e+02	 9.78482887678017055e-01
 7.82423000000000002e+02	 9.73748680951803003e-01
 7.82911200000000008e+02	 9.82291291097385999e-01
 7.83399400000000014e+02	 9.84289370310866052e-01
 7.83887600000000020e+02	 9.74760213561259969e-01
 7.84375800000000027e+02	 9.75136089537120054e-01
 7.84864000000000033e+02	 9.85695316194647009e-01
 7.85352200000000039e+02	 9.93111763206120046e-01
 7.85840400000000045e+02	 9.76665625077752009e-01
 7.86328600000000051e+02	 9.88181505752408040e-01
 7.86816799999999944e+02	 9.88063497512945976e-01
 7.87304999999999950e+02	 9.96072740905034948e-01
 7.87793199999999956e+02	 9.84510777391841008e-01
 7.88281399999999962e+02	 9.73596226514653051e-01
 7.88769599999999969e+02	 9.87112232386707977e-01
 7.89257799999999975e+02	 9.94465708645657975e-01
 7.89745999999999981e+02	 9.91808661288564042e-01
 7.90234199999999987e+02	 9.79583697555612032e-01
 7.90722399999999993e+02	 9.76836305943140970e-01
 7.91210599999999999e+02	 9.85733926188699039e-01
 7.91698800000000006e+02	 9.86788248256659006e-01
 7.92187000000000012e+02	 9.84379944965110054e-01
 7.92675200000000018e+02	 9.82388095814314966e-01
 7.93163400000000024e+02	 9.86455722604561047e-01
 7.93651600000000030e+02	 9.81833387120394030e-01
 7.94139800000000037e+02	 9.90173895280334948e-01
 7.94628000000000043e+02	 9.92380533255581954e-01
 7.95116200000000049e+02	 9.92318145418764952e-01
 7.95604400000000055e+02	 9.83598143381534951e-01
 7.96092599999999948e+02	 9.91636379949097035e-01
 7.96580799999999954e+02	 9.92026824161957976e-01
 7.97068999999999960e+02	 9.87788477680673016e-01
 7.97557199999999966e+02	 9.96473455295039945e-01
 7.98045399999999972e+02	 9.83029453814372012e-01
 7.98533599999999979e+02	 9.76306214651351034e-01
 7.99021799999999985e+02	 9.83293993371649022e-01
 7.99509999999999991e+02	 9.80448846237547023e-01
 7.99998199999999997e+02	 9.78927536588414027e-01
 8.00486400000000003e+02	 9.82819302326991995e-01
 8.00974600000000009e+02	 9.81904434545228022e-01
 8.01462800000000016e+02	 9.96496144038128029e-01
 8.01951000000000022e+02	 9.81602752552107050e-01
 8.02439200000000028e+02	 9.64505941314827031e-01
 8.02927400000000034e+02	 9.75790004560448954e-01
 8.03415600000000040e+02	 9.86797497039419991e-01
 8.03903800000000047e+02	 9.91225193124073978e-01
 8.04392000000000053e+02	 1.00484910248488002e+00
 8.04880199999999945e+02	 1.00217195256090008e+00
 8.05368399999999951e+02	 9.78174868419609989e-01
 8.05856599999999958e+02	 9.89252620847415054e-01
 8.06344799999999964e+02	 9.93341789287686017e-01
 8.06832999999999970e+02	 9.97242662552564996e-01
 8.07321199999999976e+02	 9.98480199518177014e-01
 8.07809399999999982e+02	 9.96220484275732954e-01
 8.08297599999999989e+02	 1.01329340426843006e+00
 8.08785799999999995e+02	 1.00666070593802992e+00
 8.09274000000000001e+02	 9.88781951516862989e-01
 8.09762200000000007e+02	 9.91228179889713013e-01
 8.10250400000000013e+02	 9.73397369564778958e-01
 8.10738600000000019e+02	 9.87619899081529029e-01
 8.11226800000000026e+02	 1.01030240519276004e+00
 8.11715000000000032e+02	 9.95341632406427035e-01
 8.12203200000000038e+02	 9.83651142171750981e-01
 8.12691400000000044e+02	 9.85375367167672045e-01
 8.13179600000000050e+02	 9.80163638495672007e-01
 8.13667800000000057e+02	 9.74969334134417998e-01
 8.14155999999999949e+02	 9.88753745615787993e-01
 8.14644199999999955e+02	 9.97257105819564948e-01
 8.15132399999999961e+02	 1.00242043249993995e+00
 8.15620599999999968e+02	 9.86364918061252038e-01
 8.16108799999999974e+02	 1.00071454089417999e+00
 8.16596999999999980e+02	 9.97499840362485957e-01
 8.17085199999999986e+02	 9.94551870321570997e-01
 8.17573399999999992e+02	 9.91376752971831032e-01
 8.18061599999999999e+02	 9.93265600589040010e-01
 8.18549800000000005e+02	 9.96984136965004986e-01
 8.19038000000000011e+02	 9.90374125983368048e-01
 8.19526200000000017e+02	 1.01139612900928011e+00
 8.20014400000000023e+02	 1.01056401346439007e+00
 8.20502600000000029e+02	 1.00952121423305008e+00
 8.20990800000000036e+02	 1.02252396501857001e+00
 8.21479000000000042e+02	 9.97211890924933009e-01
 8.21967200000000048e+02	 9.75600084695624981e-01
 8.22455400000000054e+02	 9.74292980767219041e-01
 8.22943599999999947e+02	 9.84870668339720035e-01
 8.23431799999999953e+02	 1.01108489616739994e+00
 8.23919999999999959e+02	 1.00022613041200992e+00
 8.24408199999999965e+02	 9.91314571465850003e-01
 8.24896399999999971e+02	 9.98963541967058055e-01
 8.25384599999999978e+02	 9.97006001562610988e-01
 8.25872799999999984e+02	 1.00247556505119007e+00
 8.26360999999999990e+02	 9.83772548500876032e-01
 8.26849199999999996e+02	 9.93759800500762958e-01
 8.27337400000000002e+02	 9.85970518576404054e-01
 8.27825600000000009e+02	 9.86356048881102954e-01
 8.28313800000000015e+02	 1.00588623196014004e+00
 8.28802000000000021e+02	 1.00192123579766990e+00
 8.29290200000000027e+02	 9.98246345462956985e-01
 8.29778400000000033e+02	 9.99282888506734968e-01
 8.30266600000000039e+02	 9.90414051394618022e-01
 8.30754800000000046e+02	 9.90235675387330039e-01
 8.31243000000000052e+02	 9.89646439419298973e-01
 8.31731199999999944e+02	 9.96718972827997041e-01
 8.32219399999999951e+02	 1.00995266962923003e+00
 8.32707599999999957e+02	 1.00726851280789997e+00
 8.33195799999999963e+02	 1.01297979679903993e+00
 8.33683999999999969e+02	 9.86919838995330978e-01
 8.34172199999999975e+02	 9.81407568775230055e-01
 8.34660399999999981e+02	 9.78152499133813969e-01
 8.35148599999999988e+02	 9.78841768608159968e-01
 8.35636799999999994e+02	 9.83991344946730018e-01
 8.36125000000000000e+02	 9.88162331506718949e-01
 8.36613200000000006e+02	 1.00148269708108995e+00
 8.37101400000000012e+02	 9.97655230072816979e-01
 8.37589600000000019e+02	 9.93078827978762013e-01
 8.38077800000000025e+02	 9.92425764433409019e-01
 8.38566000000000031e+02	 9.86736586233386004e-01
 8.39054200000000037e+02	 9.79512861205705021e-01
 8.39542400000000043e+02	 9.85552775384382018e-01
 8.40030600000000049e+02	 9.56579013740422979e-01
 8.40518800000000056e+02	 9.96040902494997993e-01
 8.41006999999999948e+02	 9.87266095586664005e-01
 8.41495199999999954e+02	 9.91734026642338007e-01
 8.41983399999999961e+02	 1.00679772247214006e+00
 8.42471599999999967e+02	 1.03042401576868992e+00
 8.42959799999999973e+02	 1.01310254247875009e+00
 8.43447999999999979e+02	 9.84103703357437021e-01
 8.43936199999999985e+02	 9.89624555524154959e-01
 8.44424399999999991e+02	 9.97552210838303033e-01
 8.44912599999999998e+02	 9.90013666347084986e-01
 8.45400800000000004e+02	 9.88295139437993964e-01
 8.45889000000000010e+02	 9.98431589299699995e-01
 8.46377200000000016e+02	 1.00367167081035991e+00
 8.46865400000000022e+02	 1.00062979669168994e+00
 8.47353600000000029e+02	 9.95666926366058025e-01
 8.47841800000000035e+02	 1.00834214015076995e+00
 8.48330000000000041e+02	 9.99147099224834023e-01
 8.48818200000000047e+02	 9.95495142055005000e-01
 8.49306400000000053e+02	 1.01218204129253997e+00
 8.49794599999999946e+02	 1.00489431775467009e+00
 8.50282799999999952e+02	 9.93155963345889958e-01
 8.50770999999999958e+02	 1.00797055457850004e+00
 8.51259199999999964e+02	 1.00823232685136999e+00
 8.51747399999999971e+02	 1.00296233388706990e+00
 8.52235599999999977e+02	 9.92134535550587948e-01
 8.52723799999999983e+02	 9.86358684150991039e-01
 8.53211999999999989e+02	 9.92809444099484018e-01
 8.53700199999999995e+02	 1.00780952430477000e+00
 8.54188400000000001e+02	 1.01022488486926010e+00
 8.54676600000000008e+02	 9.79935559583165028e-01
 8.55164800000000014e+02	 9.81570521048010014e-01
 8.55653000000000020e+02	 9.99520870768643044e-01
 8.56141200000000026e+02	 1.01234804510068011e+00
 8.56629400000000032e+02	 1.00804830481137997e+00
 8.57117600000000039e+02	 1.00674315037350004e+00
 8.57605800000000045e+02	 9.97143770104812033e-01
 8.58094000000000051e+02	 1.00235149777733001e+00
 8.58582199999999943e+02	 9.99741392508134985e-01
 8.59070399999999950e+02	 9.94738961860941018e-01
 8.59558599999999956e+02	 9.95032933546469045e-01
 8.60046799999999962e+02	 9.96140492807200961e-01
 8.60534999999999968e+02	 1.00902083398593989e+00
 8.61023199999999974e+02	 1.01591672207546990e+00
 8.61511399999999981e+02	 1.01459446372131001e+00
 8.61999599999999987e+02	 1.01462122431712998e+00
 8.62487799999999993e+02	 1.00546924843755003e+00
 8.62975999999999999e+02	 1.01822111836775009e+00
 8.63464200000000005e+02	 1.00558552396908008e+00
 8.63952400000000011e+02	 1.00301762769761993e+00
 8.64440600000000018e+02	 1.00599158053279991e+00
 8.64928800000000024e+02	 1.01997135760302005e+00
 8.65417000000000030e+02	 1.00927128978963010e+00
 8.65905200000000036e+02	 1.02166648772046997e+00
 8.66393400000000042e+02	 1.00705647576847990e+00
 8.66881600000000049e+02	 9.87728416657024044e-01
 8.67369800000000055e+02	 9.82598428957306980e-01
 8.67857999999999947e+02	 9.99257170539708972e-01
 8.68346199999999953e+02	 1.00843450337574003e+00
 8.68834399999999960e+02	 1.00957422975274991e+00
 8.69322599999999966e+02	 1.01815427423535998e+00
 8.69810799999999972e+02	 1.00543001061039994e+00
 8.70298999999999978e+02	 1.00400477033385993e+00
 8.70787199999999984e+02	 1.00770860061190004e+00
 8.71275399999999991e+02	 1.02479770600359998e+00
 8.71763599999999997e+02	 1.01330646353708009e+00
 8.72251800000000003e+02	 1.00949143698023991e+00
 8.72740000000000009e+02	 1.02863589935155009e+00
 8.73228200000000015e+02	 1.02187020557084995e+00
 8.73716400000000021e+02	 1.02037673258633999e+00
 8.74204600000000028e+02	 1.01041632321872998e+00
 8.74692800000000034e+02	 1.01675246219132998e+00
 8.75181000000000040e+02	 1.00651127960220999e+00
 8.75669200000000046e+02	 9.95089086522314981e-01
 8.76157400000000052e+02	 1.00815640782750005e+00
 8.76645599999999945e+02	 1.01334346328392000e+00
 8.77133799999999951e+02	 1.01666123329744007e+00
 8.77621999999999957e+02	 1.01379062918574991e+00
 8.78110199999999963e+02	 1.00366569515399995e+00
 8.78598399999999970e+02	 1.01227646838490992e+00
 8.79086599999999976e+02	 9.95676473327319012e-01
 8.79574799999999982e+02	 1.01140894759976008e+00
 8.80062999999999988e+02	 1.00828480501205009e+00
 8.80551199999999994e+02	 1.01091385057158001e+00
 8.81039400000000001e+02	 1.01338408918638989e+00
 8.81527600000000007e+02	 1.01083131019326000e+00
 8.82015800000000013e+02	 1.02219369471814003e+00
 8.82504000000000019e+02	 1.01833446905602010e+00
 8.82992200000000025e+02	 1.01544611637515003e+00
 8.83480400000000031e+02	 9.96209524213046982e-01
 8.83968600000000038e+02	 9.99534391148565016e-01
 8.84456800000000044e+02	 9.90704380672455032e-01
 8.84945000000000050e+02	 1.00689336692746001e+00
 8.85433200000000056e+02	 1.01501759523832003e+00
 8.85921399999999949e+02	 1.01974069560776992e+00
 8.86409599999999955e+02	 1.00376853723469006e+00
 8.86897799999999961e+02	 1.01119183147213998e+00
 8.87385999999999967e+02	 9.94375654964257949e-01
 8.87874199999999973e+02	 1.00772624389214993e+00
 8.88362399999999980e+02	 1.00996789581423996e+00
 8.88850599999999986e+02	 1.01741299922924000e+00
 8.89338799999999992e+02	 1.01667502744032001e+00
 8.89826999999999998e+02	 1.00580855420517001e+00
 8.90315200000000004e+02	 1.01184786949359995e+00
 8.90803400000000011e+02	 1.01930008108536008e+00
 8.91291600000000017e+02	 1.01937440639093002e+00
 8.91779800000000023e+02	 1.00684848664200000e+00
 8.92268000000000029e+02	 1.00334332715936991e+00
 8.92756200000000035e+02	 9.96166667819305962e-01
 8.93244400000000041e+02	 1.00687398054082999e+00
 8.93732600000000048e+02	 9.96704525549385045e-01
 8.94220800000000054e+02	 1.01773600383753005e+00
 8.94708999999999946e+02	 1.00345108642767999e+00
 8.95197199999999953e+02	 1.00782209369389997e+00
 8.95685399999999959e+02	 1.01075537874214993e+00
 8.96173599999999965e+02	 1.01056840681311999e+00
 8.96661799999999971e+02	 1.00565183459572993e+00
 8.97149999999999977e+02	 1.02151211602547010e+00
 8.97638199999999983e+02	 1.03237762222537000e+00
 8.98126399999999990e+02	 1.01201230470418002e+00
 8.98614599999999996e+02	 1.01116328480033002e+00
 8.99102800000000002e+02	 1.01471345001178004e+00
 8.99591000000000008e+02	 1.01933858429330004e+00
 9.00079200000000014e+02	 1.01575014666388008e+00
 9.00567400000000021e+02	 1.01005644507185011e+00
 9.01055600000000027e+02	 1.02040503821877993e+00
 9.01543800000000033e+02	 1.01988480122934999e+00
 9.02032000000000039e+02	 9.97538508306328953e-01
 9.02520200000000045e+02	 1.01033044450149001e+00
 9.03008400000000051e+02	 1.01413812798463998e+00
 9.03496599999999944e+02	 1.01235347625890992e+00
 9.03984799999999950e+02	 1.01756227962442991e+00
 9.04472999999999956e+02	 1.02307256565731008e+00
 9.04961199999999963e+02	 1.02167703452850001e+00
 9.05449399999999969e+02	 1.01501166926342989e+00
 9.05937599999999975e+02	 9.97458769518512978e-01
 9.06425799999999981e+02	 9.95239264909382970e-01
 9.06913999999999987e+02	 1.01072303033116007e+00
 9.07402199999999993e+02	 1.01845829931938003e+00
 9.07890400000000000e+02	 1.01852029374449993e+00
 9.08378600000000006e+02	 1.01614471049850996e+00
 9.08866800000000012e+02	 1.01225873565380997e+00
 9.09355000000000018e+02	 9.99843536635848018e-01
 9.09843200000000024e+02	 1.00707509667989004e+00
 9.10331400000000031e+02	 1.00513398006386989e+00
 9.10819600000000037e+02	 1.01353639518514993e+00
 9.11307800000000043e+02	 1.01955887544241008e+00
 9.11796000000000049e+02	 1.01580361962583998e+00
 9.12284200000000055e+02	 1.01146959608381004e+00
 9.12772399999999948e+02	 1.02128440504687990e+00
 9.13260599999999954e+02	 1.03273715532136001e+00
 9.13748799999999960e+02	 1.01752538607482990e+00
 9.14236999999999966e+02	 1.01923800562280009e+00
 9.14725199999999973e+02	 1.03076236936935994e+00
 9.15213399999999979e+02	 9.99172499593126040e-01
 9.15701599999999985e+02	 1.01012499200713002e+00
 9.16189799999999991e+02	 1.00980697190380009e+00
 9.16677999999999997e+02	 1.01613090675379003e+00
 9.17166200000000003e+02	 1.01024290165672004e+00
 9.17654400000000010e+02	 1.02391022098194995e+00
 9.18142600000000016e+02	 1.02890751122058011e+00
 9.18630800000000022e+02	 1.02010192369906005e+00
 9.19119000000000028e+02	 1.02143426135870996e+00
 9.19607200000000034e+02	 1.01067957268317010e+00
 9.20095400000000041e+02	 1.01753691308727001e+00
 9.20583600000000047e+02	 1.00694271935769009e+00
 9.21071800000000053e+02	 1.01843741991865011e+00
 9.21559999999999945e+02	 1.03015114655529993e+00
 9.22048199999999952e+02	 1.01444029720315010e+00
 9.22536399999999958e+02	 1.01359894488209989e+00
 9.23024599999999964e+02	 1.01352270751213003e+00
 9.23512799999999970e+02	 1.02227019500738003e+00
 9.24000999999999976e+02	 1.02915626469092003e+00
 9.24489199999999983e+02	 1.02529258754376995e+00
 9.24977399999999989e+02	 1.00702653151441002e+00
 9.25465599999999995e+02	 1.01663586636757008e+00
 9.25953800000000001e+02	 1.00650285699694009e+00
 9.26442000000000007e+02	 1.01845111274339994e+00
 9.26930200000000013e+02	 9.91168498036582024e-01
 9.27418400000000020e+02	 9.99106000548309003e-01
 9.27906600000000026e+02	 1.01818639365878005e+00
 9.28394800000000032e+02	 1.01150413605707001e+00
 9.28883000000000038e+02	 1.00720753196002000e+00
 9.29371200000000044e+02	 9.94614055968666033e-01
 9.29859400000000051e+02	 1.02495954525577004e+00
 9.30347600000000057e+02	 1.02615910923358000e+00
 9.30835799999999949e+02	 1.00993426846418011e+00
 9.31323999999999955e+02	 1.00166168966572999e+00
 9.31812199999999962e+02	 1.00071554332819002e+00
 9.32300399999999968e+02	 1.02757396148056990e+00
 9.32788599999999974e+02	 1.01581157303681002e+00
 9.33276799999999980e+02	 1.01233075696774000e+00
 9.33764999999999986e+02	 1.01247468776910998e+00
 9.34253199999999993e+02	 1.01459174865010993e+00
 9.34741399999999999e+02	 1.01715113260592993e+00
 9.35229600000000005e+02	 1.01667689400233008e+00
 9.35717800000000011e+02	 1.02237321665794001e+00
 9.36206000000000017e+02	 1.01067910367936009e+00
 9.36694200000000023e+02	 1.02290361796784990e+00
 9.37182400000000030e+02	 1.03852841905751991e+00
 9.37670600000000036e+02	 1.02355629910371992e+00
 9.38158800000000042e+02	 1.01755756106195006e+00
 9.38647000000000048e+02	 1.02176814720436004e+00
 9.39135200000000054e+02	 1.02932678443178993e+00
 9.39623399999999947e+02	 1.00818318399694995e+00
 9.40111599999999953e+02	 1.01260936872505991e+00
 9.40599799999999959e+02	 1.02530620115561999e+00
 9.41087999999999965e+02	 1.01876681195988006e+00
 9.41576199999999972e+02	 1.01583378786570999e+00
 9.42064399999999978e+02	 1.02130591995073994e+00
 9.42552599999999984e+02	 1.01850185013068995e+00
 9.43040799999999990e+02	 1.01570443342371997e+00
 9.43528999999999996e+02	 1.02074636459075996e+00
 9.44017200000000003e+02	 1.01512910574374993e+00
 9.44505400000000009e+02	 1.01285824313225992e+00
 9.44993600000000015e+02	 1.00475678552191994e+00
 9.45481800000000021e+02	 1.01284586445946001e+00
 9.45970000000000027e+02	 1.02726275543941004e+00
 9.46458200000000033e+02	 1.03037005564706008e+00
 9.46946400000000040e+02	 1.01381139830177003e+00
 9.47434600000000046e+02	 1.01501503127064008e+00
 9.47922800000000052e+02	 1.01285538445387990e+00
 9.48410999999999945e+02	 1.01965257908493001e+00
 9.48899199999999951e+02	 1.03513821033523001e+00
 9.49387399999999957e+02	 1.02251177293140993e+00
 9.49875599999999963e+02	 1.01412232072933994e+00
 9.50363799999999969e+02	 1.01801402056241996e+00
 9.50851999999999975e+02	 1.03184259200697004e+00
 9.51340199999999982e+02	 1.01976710903033996e+00
 9.51828399999999988e+02	 1.03494941447439004e+00
 9.52316599999999994e+02	 1.02888073245715006e+00
 9.52804800000000000e+02	 1.01696124016447009e+00
 9.53293000000000006e+02	 1.00829270288235007e+00
 9.53781200000000013e+02	 1.02646112625369001e+00
 9.54269400000000019e+02	 1.01811053653903993e+00
 9.54757600000000025e+02	 1.01296770178979001e+00
 9.55245800000000031e+02	 1.00195447283829009e+00
 9.55734000000000037e+02	 1.00723867191425009e+00
 9.56222200000000043e+02	 1.02524006135192991e+00
 9.56710400000000050e+02	 1.02564670179026995e+00
 9.57198600000000056e+02	 1.00839161405807998e+00
 9.57686799999999948e+02	 1.00337398172254999e+00
 9.58174999999999955e+02	 1.00282967860790007e+00
 9.58663199999999961e+02	 1.01588674543532997e+00
 9.59151399999999967e+02	 1.02104428365788991e+00
 9.59639599999999973e+02	 1.03191574377540007e+00
 9.60127799999999979e+02	 1.01854761272414995e+00
 9.60615999999999985e+02	 1.01689959062911006e+00
 9.61104199999999992e+02	 1.02464097864184001e+00
 9.61592399999999998e+02	 1.00588088151289989e+00
 9.62080600000000004e+02	 9.99881735286302975e-01
 9.62568800000000010e+02	 9.97434520733332053e-01
 9.63057000000000016e+02	 1.01591397037388997e+00
 9.63545200000000023e+02	 1.01086385377707999e+00
 9.64033400000000029e+02	 1.00277299667993991e+00
 9.64521600000000035e+02	 1.02189934458685006e+00
 9.65009800000000041e+02	 1.02351837927848011e+00
 9.65498000000000047e+02	 1.01265318171421992e+00
 9.65986200000000053e+02	 9.93449778444749021e-01
 9.66474399999999946e+02	 1.00235723621695993e+00
 9.66962599999999952e+02	 1.00278470740292991e+00
 9.67450799999999958e+02	 1.00777205777583001e+00
 9.67938999999999965e+02	 1.02749704856784008e+00
 9.68427199999999971e+02	 1.02989411742781001e+00
 9.68915399999999977e+02	 1.00687260161645997e+00
 9.69403599999999983e+02	 1.00460720814055993e+00
 9.69891799999999989e+02	 1.00595321087589995e+00
 9.70379999999999995e+02	 1.03364823750326007e+00
 9.70868200000000002e+02	 1.02119249044136007e+00
 9.71356400000000008e+02	 1.02845222930064994e+00
 9.71844600000000014e+02	 1.02447997236841992e+00
 9.72332800000000020e+02	 1.01435361097676990e+00
 9.72821000000000026e+02	 1.01931676973207996e+00
 9.73309200000000033e+02	 1.01350592328747990e+00
 9.73797400000000039e+02	 1.01117350126431993e+00
 9.74285600000000045e+02	 1.02728874062671993e+00
 9.74773800000000051e+02	 1.01172253469138007e+00
 9.75261999999999944e+02	 1.00453639961973007e+00
 9.75750199999999950e+02	 1.01317490191292991e+00
 9.76238399999999956e+02	 1.02999099407885009e+00
 9.76726599999999962e+02	 1.01660378046038002e+00
 9.77214799999999968e+02	 1.01460996668864989e+00
 9.77702999999999975e+02	 1.02357580825688999e+00
 9.78191199999999981e+02	 1.01359035960591992e+00
 9.78679399999999987e+02	 1.01914004157456994e+00
 9.79167599999999993e+02	 1.01531018989992994e+00
 9.79655799999999999e+02	 1.01525582564796002e+00
 9.80144000000000005e+02	 1.03228288582184002e+00
 9.80632200000000012e+02	 1.00846481697099999e+00
 9.81120400000000018e+02	 9.88941320911579047e-01
 9.81608600000000024e+02	 9.83058586750952035e-01
 9.82096800000000030e+02	 1.00631324290877999e+00
 9.82585000000000036e+02	 1.01186795094547999e+00
 9.83073200000000043e+02	 1.00366257462343000e+00
 9.83561400000000049e+02	 1.00243978327540995e+00
 9.84049600000000055e+02	 1.00923957731380010e+00
 9.84537799999999947e+02	 1.02648711103308998e+00
 9.85025999999999954e+02	 1.03138753236649006e+00
 9.85514199999999960e+02	 1.02426973898336993e+00
 9.86002399999999966e+02	 1.02683182193238998e+00
 9.86490599999999972e+02	 1.02932022056563999e+00
 9.86978799999999978e+02	 1.02369015824811993e+00
 9.87466999999999985e+02	 1.02013149023807004e+00
 9.87955199999999991e+02	 1.01288111079972998e+00
 9.88443399999999997e+02	 1.02146275414633991e+00
 9.88931600000000003e+02	 1.00469444846249001e+00
 9.89419800000000009e+02	 9.82508105434159007e-01
 9.89908000000000015e+02	 9.94697939767673955e-01
 9.90396200000000022e+02	 1.02307095437846995e+00
 9.90884400000000028e+02	 1.01242258932973006e+00
 9.91372600000000034e+02	 9.88150975217340966e-01
 9.91860800000000040e+02	 1.00419491629328994e+00
 9.92349000000000046e+02	 9.95693006873221043e-01
 9.92837200000000053e+02	 9.92459676250583955e-01
 9.93325399999999945e+02	 1.00580481852335990e+00
 9.93813599999999951e+02	 1.00754065856990005e+00
 9.94301799999999957e+02	 1.00618205876519995e+00
 9.94789999999999964e+02	 1.00870982050561997e+00
 9.95278199999999970e+02	 1.01993239346136000e+00
 9.95766399999999976e+02	 1.00209410863552995e+00
 9.96254599999999982e+02	 9.89865335874518970e-01
 9.96742799999999988e+02	 9.97713565738238994e-01
 9.97230999999999995e+02	 1.01881632051099991e+00
 9.97719200000000001e+02	 9.97905891364465947e-01
 9.98207400000000007e+02	 9.80680749568490051e-01
 9.98695600000000013e+02	 9.82138316637363951e-01
 9.99183800000000019e+02	 9.89365543151211946e-01
 9.99672000000000025e+02	 9.87689445861908988e-01
 1.00016020000000003e+03	 9.87112093778689026e-01

