300.88591947256884  0.37678091397849456
303.0038850953614  0.3794196161887693
305.12185071815395  0.3809788493130226
307.0633192057138  0.37502177917164464
308.29879915234284  0.36970439441457575
310.4167647751354  0.3686249253285543
312.53473039792794  0.3707838635005973
314.6526960207205  0.37282286066308234
316.77066164351305  0.3751017398446833
318.8886272663056  0.3770207959976104
321.00659288909816  0.37917973416965345
323.12455851189077  0.38133867234169644
325.2425241346833  0.3832577284946236
327.3604897574759  0.3854166666666666
329.47845538026843  0.38757560483870956
331.596421003061  0.3896146020011947
333.71438662585354  0.3920134221923536
335.8323522486461  0.39573159348864984
337.95031787143864  0.40016941084229385
340.0682834942312  0.40400752314814803
342.18624911702375  0.40580663829151725
344.3042147398163  0.4071259893966547
346.42218036260886  0.40856528151134996
348.54014598540147  0.4096447505973715
350.658111608194  0.41108404271206683
352.7760772309866  0.41240339381720426
354.8940428537791  0.4136028039127837
357.0120084765717  0.41492215501792107
359.1299740993643  0.41588168309438467
361.24793972215684  0.41684121117084816
363.3659053449494  0.41780073924731176
365.48387096774195  0.4187602673237753
367.6018365905345  0.41971979540023885
369.71980221332706  0.42067932347670245
371.8377678361196  0.421638851553166
373.95573345891216  0.42259837962962954
376.0736990817047  0.42355790770609314
378.19166470449727  0.42415761275388286
380.3096303272898  0.42499719982078843
382.4275959500824  0.42631655092592585
384.54556157287493  0.4275159610215053
386.66352719566754  0.42895525313620064
388.7814928184601  0.430394545250896
390.89945844125265  0.43159395534647543
393.0174240640452  0.43291330645161286
395.13538968683775  0.4342326575567502
397.25335530963036  0.43543206765232967
399.3713209324229  0.43591183169056147
401.4892865552155  0.4362716547192353
403.607252178008  0.4366314777479091
405.7252178008006  0.436991300776583
407.84318342359313  0.4373511238052568
409.9611490463857  0.43771094683393064
412.07911466917824  0.43819071087216244
414.1970802919708  0.4384305928912783
416.31504591476335  0.4389103569295101
418.4330115375559  0.439150238948626
420.55097716034845  0.4395100619772998
422.668942783141  0.4398698850059737
424.78690840593356  0.4402297080346475
426.90487402872617  0.44070947207287925
429.0228396515187  0.44094935409199515
431.1408052743113  0.44142911813022695
433.25877089710383  0.44166900014934285
435.37673651989644  0.4421487641875746
437.494702142689  0.4423886462066905
439.61266776548155  0.4428684102449223
441.7306333882741  0.44310829226403814
443.84859901106665  0.44358805630226994
445.9665646338592  0.44382793832138584
448.08453025665176  0.4443077023596176
450.2024958794443  0.4447874663978494
452.32046150223687  0.4455071124551971
454.4384271250294  0.4461068175029868
456.556392747822  0.44670652255077653
458.6743583706145  0.44730622759856625
460.7923239934071  0.4480258736559139
462.91028961619963  0.4486255787037036
465.02825523899224  0.4493452247610513
467.1462208617848  0.44994492980884104
469.26418648457735  0.45042469384707284
471.3821521073699  0.45102439889486257
473.50011773016246  0.45186398596176813
475.618083352955  0.45246369100955786
477.73604897574756  0.4530633960573476
479.8540145985402  0.4536631011051373
481.97198022133273  0.454382747162485
484.0899458441253  0.4548625112007168
486.20791146691784  0.45558215725806445
488.3258770897104  0.45594198028673827
490.44384271250294  0.45606192129629625
492.5618083352955  0.45630180331541215
494.67977395808805  0.45642174432497007
496.7977395808806  0.45666162634408597
498.9157052036732  0.45666162634408597
501.03367082646577  0.4570214493727598
503.1516364492583  0.4571413903823177
505.2696020720509  0.4573812724014336
507.3875676948434  0.4573812724014336
509.505533317636  0.4576211544205495
511.62349894042853  0.45774109543010744
513.7414645632211  0.4581009184587813
515.8594301860137  0.4581009184587813
517.9773958088062  0.4583408004778972
520.0953614315988  0.45846074148745514
522.2133270543914  0.45870062350657104
524.3312926771839  0.45894050552568694
526.4492582999765  0.45906044653524486
528.567223922769  0.45918038754480284
530.6851895455616  0.4594202695639187
532.8031551683541  0.45954021057347666
534.9211207911467  0.45978009259259256
537.0390864139392  0.4599000336021505
539.1570520367318  0.4601399156212664
541.2750176595243  0.4603797976403823
543.3929832823169  0.4604997386499402
545.5109489051094  0.4604997386499402
547.628914527902  0.460859561678614
549.7468801506946  0.460979502688172
551.8648457734871  0.46121938470728785
553.9828113962797  0.4615792077359617
556.1007770190723  0.46181908975507757
558.2187426418649  0.46205897177419347
560.3367082646574  0.4624187948028673
562.45467388745  0.46265867682198325
564.5726395102425  0.4630184998506571
566.6906051330351  0.463258381869773
568.8085707558276  0.4634982638888888
570.9265363786202  0.4638580869175627
573.0445020014128  0.46409796893667854
575.1624676242053  0.4644577919653524
577.280433246998  0.46469767398446826
579.3983988697905  0.46493755600358416
581.5163644925831  0.465297379032258
583.6343301153756  0.46565720206093186
585.7522957381682  0.4658970840800477
587.8702613609607  0.4662569071087216
589.9882269837533  0.4662569071087216
592.1061926065458  0.4662569071087216
594.2241582293384  0.4662569071087216
596.342123852131  0.4662569071087216
598.4600894749235  0.4662569071087216
600.5780550977161  0.4661369660991636
602.6960207205086  0.4660170250896057
604.8139863433012  0.4658970840800477
606.9319519660937  0.4657771430704898
609.0499175888863  0.4657771430704898
611.1678832116788  0.4657771430704898
613.2858488344714  0.4655372610513739
615.4038144572639  0.46517743802270006
617.5217800800565  0.46469767398446826
619.639745702849  0.4644577919653524
621.7577113256416  0.4639780279271206
623.8756769484341  0.4637381459080047
625.9936425712267  0.463258381869773
628.1116081940193  0.4630184998506571
630.2295738168118  0.4625387358124253
632.3475394396044  0.4613393257168458
634.465505062397  0.45918038754480284
636.5834706851896  0.45774109543010744
638.7014363079821  0.4573812724014336
640.8194019307747  0.4567815673536439
642.9373675535672  0.45642174432497007
645.0553331763598  0.45606192129629625
647.1732987991523  0.45558215725806445
649.2912644219449  0.4551023932198327
651.4092300447375  0.4546226291816009
653.5271956675301  0.454382747162485
655.6451612903227  0.4541428651433691
657.7631269131152  0.4537830421146953
659.8810925359078  0.4535431600955794
661.9990581587003  0.45318333706690556
664.1170237814929  0.45294345504778966
666.2349894042854  0.45246369100955786
668.352955027078  0.452223808990442
670.4709206498705  0.4519839269713261
672.5888862726631  0.4516241039426523
674.7068518954557  0.4513842219235364
676.8248175182482  0.45102439889486257
678.9427831410408  0.4509044578853046
681.0607487638333  0.45054463485663077
683.1787143866259  0.45018481182795694
685.2966800094184  0.44994492980884104
687.414645632211  0.4495851067801672
689.5326112550035  0.44946516577060924
691.6505768777961  0.4492252837514934
693.7685425005886  0.4491053427419354
695.8865081233812  0.4488654607228195
698.0044737461737  0.4487455197132616
700.1224393689663  0.4485056376941457
702.2404049917589  0.4483856966845877
704.3583706145514  0.4482657556750298
706.476336237344  0.4480258736559139
708.5943018601365  0.447905932646356
710.7122674829291  0.4476660506272401
712.8302331057217  0.4471862865890083
714.9481987285143  0.44694640456989243
717.0661643513068  0.44646664053166063
719.1841299740994  0.44622675851254473
721.302095596892  0.445746994474313
723.4200612196845  0.4452672304360812
725.538026842477  0.4450273484169653
727.6559924652696  0.44454758437873354
729.7739580880622  0.4443077023596176
731.8919237108547  0.44418776135005966
734.0098893336473  0.44382793832138584
736.1278549564398  0.44370799731182786
738.2458205792324  0.443468115292712
740.363786202025  0.4432282332735961
742.4817518248176  0.4429883512544802
744.5997174476101  0.4428684102449223
746.7176830704027  0.4426285282258064
748.8356486931953  0.4423886462066905
750.9536143159878  0.4419088821684587
753.0715799387804  0.44142911813022695
755.1895455615729  0.44094935409199515
757.3075111843655  0.4403496490442054
759.425476807158  0.4392701799581839
761.5434424299506  0.43771094683393064
763.6614080527431  0.43747106481481474
765.7793736755357  0.43723118279569884
767.8973392983282  0.43723118279569884
770.0153049211208  0.436991300776583
772.1332705439133  0.436991300776583
774.2512361667059  0.436991300776583
776.3692017894984  0.436991300776583
778.487167412291  0.43675141875746704
780.6051330350837  0.43675141875746704
782.7230986578762  0.4365115367383512
784.8410642806688  0.4365115367383512
786.9590299034613  0.4365115367383512
789.0769955262539  0.4362716547192353
791.1949611490464  0.4362716547192353
793.312926771839  0.4361517137096773
795.4308923946315  0.4360317727001194
797.5488580174241  0.4360317727001194
799.6668236402166  0.43591183169056147
801.7847892630092  0.43567194967144557
803.9027548858018  0.4355520086618876
806.0207205085943  0.4355520086618876
808.1386861313869  0.43531212664277175
810.2566517541794  0.43531212664277175
812.374617376972  0.43507224462365585
814.4925829997645  0.43495230361409787
816.6105486225571  0.43483236260453995
818.7285142453497  0.434712421594982
820.8464798681423  0.4345924805854241
822.9644454909348  0.4345924805854241
825.0824111137274  0.43435259856630815
827.20037673652  0.43435259856630815
829.3183423593125  0.4342326575567502
831.4363079821051  0.4341127165471923
833.5542736048976  0.4341127165471923
835.6722392276902  0.4341127165471923
837.7902048504827  0.4341127165471923
839.9081704732753  0.4341127165471923
842.0261360960678  0.4344725395758661
844.1441017188604  0.434712421594982
846.2620673416529  0.4351921856332138
848.3800329644455  0.43543206765232967
850.497998587238  0.43567194967144557
852.6159642100306  0.4360317727001194
854.7339298328232  0.4362716547192353
856.8518954556158  0.4366314777479091
858.9698610784084  0.436991300776583
861.0878267012009  0.4371112417861409
863.2057923239935  0.43747106481481474
865.323757946786  0.43783088784348856
867.4417235695786  0.43819071087216244
869.5596891923711  0.4384305928912783
871.6776548151637  0.43879041591995216
873.7956204379562  0.4389103569295101
875.9135860607488  0.439030297939068
878.0315516835414  0.4392701799581839
880.1495173063339  0.4393901209677419
882.2674829291265  0.4395100619772998
884.385448551919  0.4398698850059737
886.5034141747116  0.4398698850059737
888.6213797975041  0.4401097670250895
890.7393454202967  0.4402297080346475
892.8573110430892  0.4404695900537634
894.9752766658819  0.44070947207287925
897.0932422886744  0.44094935409199515
899.211207911467  0.44118923611111105
901.3291735342596  0.44130917712066897
903.4471391570521  0.44154905913978487
905.5651047798447  0.44178894115890077
907.6830704026372  0.44202882317801667
909.8010360254298  0.44226870519713257
911.9190016482223  0.4423886462066905
914.0369672710149  0.4427484692353643
916.1549328938074  0.4428684102449223
918.2728985166  0.44310829226403814
920.3908641393925  0.443468115292712
922.5088297621851  0.44358805630226994
924.6267953849776  0.44370799731182786
926.7447610077702  0.44370799731182786
928.8627266305627  0.44370799731182786
930.9806922533553  0.44370799731182786
933.0986578761479  0.44370799731182786
935.2166234989405  0.44358805630226994
937.3345891217331  0.44310829226403814
939.4525547445256  0.44226870519713257
941.5705203673182  0.44178894115890077
943.6884859901107  0.4410692951015531
945.8064516129033  0.4403496490442054
947.9244172356958  0.4395100619772998
950.0423828584884  0.43807076986260446
952.160348481281  0.43495230361409787
954.2783141040735  0.4331531884707287
956.396279726866  0.432553483422939
958.5142453496586  0.4320737193847072
960.6322109724512  0.43147401433691746
962.7501765952437  0.43087430928912773
964.8681422180363  0.4301546632317801
966.9861078408288  0.4283555480884109
969.1040734636214  0.4269162559737156
971.2220390864139  0.4261966099163679
973.3400047092066  0.42547696385902023
975.4579703319991  0.4246373767921146
977.5759359547917  0.4240376717443249
979.6939015775843  0.42319808467741926
981.8118672003768  0.4224784386200716
983.9298328231694  0.42127902852449217
986.0477984459619  0.42019955943847065
988.1657640687545  0.4192400313620071
990.283729691547  0.4187602673237753
992.4016953143396  0.4184004442951015
994.5196609371321  0.4180406212664276
996.6376265599247  0.41768079823775384
998.7555921827172  0.41732097520907996
1000  0.41732097520907996