305  0.012023
310  0.012184
315  0.012430
320  0.012557
325  0.012667
330  0.013068
335  0.013397
340  0.013779
345  0.014265
350  0.014780
355  0.015197
360  0.015523
365  0.016186
370  0.016872
375  0.017175
380  0.017177
385  0.017367
390  0.017990
395  0.018563
400  0.019132
405  0.019629
410  0.020026
415  0.020452
420  0.020646
425  0.021043
430  0.021608
435  0.021990
440  0.022177
445  0.022451
450  0.022974
455  0.023182
460  0.023425
465  0.023860
470  0.024318
475  0.024691
480  0.025123
485  0.025590
490  0.025879
495  0.026181
500  0.026479
505  0.026701
510  0.027333
515  0.027941
520  0.028411
525  0.028626
530  0.028876
535  0.029090
540  0.029470
545  0.029631
550  0.029917
555  0.030534
560  0.031105
565  0.031473
570  0.031709
575  0.031918
580  0.031919
585  0.032110
590  0.032599
595  0.033059
600  0.033424
605  0.033724
610  0.033956
615  0.034185
620  0.034231
625  0.034346
630  0.034197
635  0.034456
640  0.034885
645  0.035457
650  0.035787
655  0.036079
660  0.036378
665  0.036642
670  0.036641
675  0.036787
680  0.037306
685  0.037746
690  0.037867
695  0.037598
700  0.037350
705  0.037339
710  0.037597
715  0.038036
720  0.038679
725  0.039000
730  0.039066
735  0.039359
740  0.039497
745  0.039870
750  0.040513
755  0.040960
760  0.041246
765  0.041237
770  0.040559
775  0.040580
780  0.040678
785  0.040453
790  0.040844
795  0.041143
800  0.041589
805  0.042513
810  0.042457
815  0.041499
820  0.040047
825  0.040146
830  0.040600
835  0.041579
840  0.043069
845  0.044444
850  0.045167
855  0.044919
860  0.043343
865  0.042063
870  0.041392
875  0.041353
880  0.041875
885  0.043306
890  0.044795
895  0.046017
905  0.047454
910  0.046649
915  0.045841
920  0.045046
925  0.044425
930  0.043784
935  0.043366
940  0.043299
945  0.043533
950  0.043947
955  0.044117
960  0.043751
965  0.043457
970  0.043210
975  0.043128
980  0.042906
985  0.042924
990  0.043076
995  0.043230
1000  0.043289
1005  0.043599
1010  0.044183
1015  0.045145
1020  0.045342
1025  0.044876
1030  0.044747
1035  0.044513
1040  0.044984
1045  0.045463
1050  0.045946
1055  0.045773
1060  0.045325
1065  0.044884
1070  0.044607
1075  0.044652
1080  0.044705
1085  0.044828
1090  0.045281
1095  0.045681
1100  0.046243
1105  0.046996
1110  0.047884
1115  0.048703
1120  0.049154
1125  0.049384
1130  0.049618
1135  0.049543
1140  0.048831
1145  0.048160
1150  0.047894
1155  0.049199
1160  0.050594
1165  0.052364
1170  0.052180
1175  0.051287
1180  0.050478
1185  0.050226
1190  0.050372
1195  0.050573
1200  0.050800
1205  0.050685
1210  0.050643
1215  0.050524
1220  0.050378
1225  0.050226
1230  0.050041
1235  0.050447
1240  0.051136
1245  0.051847
1250  0.052243
1255  0.052386
1260  0.052480
1265  0.052584
1270  0.052953
1275  0.053331
1280  0.054090
1285  0.055568
1290  0.057615
1295  0.059446
1300  0.059710
1305  0.058697
1310  0.057326
1315  0.056703
1320  0.056245
1325  0.055873
1330  0.055626
1335  0.056406
1340  0.057218
1345  0.058020
1350  0.058110
1355  0.057969
1360  0.057802
1365  0.058011
1370  0.058752
1375  0.059497
1380  0.059908
1385  0.059008
1390  0.058134
1395  0.057326
1400  0.056576
1405  0.055827
1410  0.055078
1415  0.055503
1420  0.056392
1425  0.057285
1430  0.057977
1435  0.058346
1440  0.058666
1445  0.059064
1450  0.059785
1455  0.060530
1460  0.061244
1465  0.061462
1470  0.061571
1475  0.061662
1480  0.060596
1485  0.058727
1490  0.057319