482.61793011899687  0.5109276514113457
483.55094107049734  0.4898602356810085
484.4839520219978  0.4628939435461771
485.41696297349836  0.4468827075911209
486.4277248376239  0.46626473006303104
487.2829848764993  0.49618046040010966
488.21599582799985  0.539579336804604
489.1490067795003  0.5539051795012333
490.08201773100086  0.5539051795012333
491.01502868250134  0.5555905727596602
491.9480396340018  0.5589613592765141
492.8810505855023  0.5572759660180872
493.81406153700283  0.5522197862428062
494.7470724885033  0.5505343929843793
495.68008344000384  0.5488489997259524
496.6130943915043  0.5496916963551659
497.5461053430048  0.5539051795012333
498.47911629450533  0.5505343929843793
499.4121272460058  0.5488489997259524
500.3451381975063  0.5480063030967388
501.2781491490068  0.5471636064675254
502.2111601005073  0.5437928199506714
503.1441710520078  0.539579336804604
504.0771820035083  0.5336804604001096
505.0101929550088  0.5235681008495479
505.9432039065093  0.5159838311866265
506.8762148580098  0.5050287750068512
507.8092258095103  0.490702932310222
508.74223676101076  0.47721978624280625
509.6752477125113  0.4763770896135928
510.60825866401177  0.4822759660180872
511.5412696155123  0.4957591120855029
512.4742805670128  0.513455741298986
513.4072915185133  0.5311523705124692
514.3403024700137  0.5404220334338175
515.2733134215143  0.5437928199506714
516.2063243730148  0.5454782132090984
517.1393353245153  0.5437928199506714
518.0723462760158  0.5378939435461771
519.0053572275162  0.5328377637708961
519.9383681790167  0.5244107974787613
520.8713791305172  0.5151411345574131
521.8043900820178  0.5100849547821321
522.7374010335183  0.5100849547821321
523.6704119850187  0.5109276514113457
524.6034229365192  0.5168265278158399
525.5364338880197  0.5235681008495479
526.4694448395203  0.5269388873664018
527.4024557910208  0.5303096738832558
528.3354667425212  0.5303096738832558
529.2684776940217  0.5260961907371883
530.2014886455222  0.5201973143326939
531.1344995970228  0.5109276514113457
532.0675105485233  0.49828720197314336
533.0005215000238  0.48143326938887365
533.9335324515242  0.4637366401753905
534.8665434030247  0.4426692244450534
535.7995543545252  0.41401753905179506
536.7325653060257  0.38452315702932316
537.6655762575263  0.35250068511921073
538.5985872090267  0.32384899972595227
539.5315981605272  0.29772540422033433
540.4646091120277  0.26907371882707587
541.3976200635282  0.24547821320909835
542.3306310150288  0.23115237051246917
543.2636419665292  0.23283776377089616
544.2744038306547  0.2544669772540421
545.1296638695302  0.301517539051795
545.8294220831556  0.32300630309673883
546.1793011899682  0.37188270759112085
546.9956857725313  0.42834338174842423
547.8509458114066  0.4724445053439299
548.8617076755322  0.5117703480405591
549.7947186270327  0.5252534941079748
550.7277295785332  0.5269388873664018
551.6607405300336  0.5252534941079748
552.5937514815341  0.5218827075911209
553.5267624330347  0.518511921074267
554.4597733845352  0.5151411345574131
555.3927843360357  0.5117703480405591
556.3257952875362  0.5083995615237051
557.2588062390366  0.5067141682652783
558.1918171905372  0.5083995615237051
559.1248281420377  0.5100849547821321
560.0578390935382  0.5092422581529186
560.9908500450387  0.5050287750068512
561.9238609965391  0.49912989860235685
562.8568719480397  0.4949164154562894
563.7898828995402  0.4873321457933681
564.7228938510407  0.47974787613044667
565.6559048025412  0.4713209098383119
566.5889157540416  0.45783776377089613
567.5219267055421  0.440141134557413
568.4549376570426  0.4232872019731433
569.3879486085432  0.40727596601808713
570.3209595600437  0.391264730063031
571.2539705115441  0.37609619073718825
572.1869814630446  0.3575568648944917
573.1199924145451  0.33817484242258156
574.0530033660457  0.31710742669224445
574.9860143175462  0.30193888736640173
575.6857725311716  0.3027815839956153
604.842364765562  0.38620855028775003
605.7753757170626  0.3659838311866265
606.7083866685631  0.33986023568100854
607.6413976200636  0.3137366401753905
608.574408571564  0.288455741298986
609.5074195230645  0.26401753905179504
610.4404304745651  0.23873664017539054
611.3734414260655  0.21008495478213207
612.3064523775661  0.1831186626473006
613.2394633290666  0.15278158399561526
614.172474280567  0.135084954782132
615.1054852320675  0.12581529186078377
616.038496183568  0.11907371882707585
616.9715071350686  0.11317484242258147
617.904518086569  0.10896135927651407
618.8375290380695  0.10643326938887365
619.77053998957  0.10474787613044667
620.7035509410705  0.10811866264730063
621.6365618925711  0.11317484242258147
622.5695728440716  0.12075911208550283
623.502583795572  0.14014113455741295
624.4355947470725  0.16710742669224443
625.368605698573  0.1957591120855029
626.3016166500736  0.2214613592765141
627.234627601574  0.26401753905179504
628.1676385530745  0.3053096738832557
629.100649504575  0.3457591120855029
630.0336604560755  0.3668265278158399
630.966671407576  0.3836804604001096
631.8996823590765  0.39716360646752535
632.832693310577  0.39884899972595234
633.7657042620775  0.39716360646752535
634.698715213578  0.39463551657988494
635.6317261650785  0.38873664017539056
636.564737116579  0.37778158399561523
637.4977480680795  0.3685119210742669
638.43075901958  0.3558714716360647
639.3637699710805  0.33986023568100854
640.296780922581  0.32384899972595227
641.2297918740815  0.30868046040010966
642.162802825582  0.29856810084954777
643.0958137770824  0.29772540422033433
644.028824728583  0.30025349410797475
644.9618356800835  0.30025349410797475
645.894846631584  0.2951973143326939
646.8278575830844  0.29014113455741297
647.7608685345849  0.28339956152370516
648.6938794860855  0.27244450534392983
649.626890437586  0.2589613592765141
650.5599013890865  0.24716360646752533
651.4929123405869  0.23705124691696355
652.4259232920874  0.2277815839956152
653.358934243588  0.22019731433269385
654.2919451950885  0.21008495478213207
655.224956146589  0.19660180871471633
656.1579670980894  0.18480405590572757
657.0909780495899  0.17384899972595225
658.0239890010905  0.16795012332145787
658.9569999525909  0.16289394354617703
659.8900109040915  0.15868046040010964
660.823021855592  0.15278158399561526
661.7560328070924  0.14604001096190733
662.6890437585929  0.13929843792819951
663.6220547100934  0.1325568648944916
664.555065661594  0.1283433817484242
665.4880766130944  0.12328720197314325
666.4210875645949  0.12244450534392981
667.3540985160954  0.12328720197314325
668.2871094675959  0.12497259523157023
669.2201204190965  0.13171416826527815
670.153131370597  0.1451973143326939
671.0861423220974  0.1603658536585365
672.0191532735979  0.17806248287201976
672.9521642250984  0.20165798848999728
673.8851751765989  0.2277815839956152
674.8181861280993  0.2522197862428063
675.7511970795999  0.26907371882707587
676.6842080311004  0.28339956152370516
677.6172189826009  0.29351192107426693
678.5502299341014  0.285084954782132
679.4832408856018  0.26401753905179504
680.4162518371024  0.24295012332145793
681.3492627886029  0.22609619073718823
682.2822737401034  0.21177034804055905
683.2152846916039  0.1982872019731433
684.1482956431043  0.19070293231022195
685.0813065946049  0.19744450534392988
686.0143175461054  0.2067141682652781
686.9473284976059  0.21514113455741302
687.8803394491064  0.2235681008495478
688.8133504006069  0.23030967388325563
689.7463613521073  0.23873664017539054
690.6793723036078  0.24042203343381752
691.6123832551084  0.23705124691696355
692.5453942066089  0.23536585365853657
693.4784051581094  0.22272540422033427
694.4114161096098  0.20334338174842426
695.3444270611103  0.1831186626473006
696.2774380126109  0.16373664017539047
697.2104489641114  0.14435461770348035
698.1434599156119  0.12412989860235679
699.0764708671123  0.10896135927651407
700.0094818186128  0.09716360646752531
700.9424927701134  0.08789394354617697
701.8755037216139  0.0803096738832556
702.8085146731144  0.07946697725404217
703.7415256246148  0.08115237051246915
704.6745365761153  0.08199506714168259
705.6075475276159  0.08789394354617697
706.5405584791163  0.09547821320909833
707.4735694306169  0.10221978624280625
708.4065803821173  0.10980405590572762
709.3395913336178  0.11907371882707585
710.2726022851183  0.1283433817484242
711.2056132366188  0.135084954782132
712.1386241881194  0.13592765141134555
713.0716351396197  0.13592765141134555
714.0046460911203  0.1308714716360646
714.9376570426208  0.11233214579336803
715.8706679941213  0.09126473006303093
716.8036789456219  0.07356810084954779
717.7366898971222  0.06429843792819945
718.6697008486228  0.059242258152918614
719.6027118001233  0.05587147163606465
720.5357227516238  0.05165798848999725
721.4687337031244  0.05165798848999725
722.4017446546247  0.049129898602356725
723.3347556061253  0.04828720197314329
724.2677665576258  0.04491641545628933
725.2007775091263  0.04238832556864891
726.1337884606268  0.041545628939435364
727.0667994121272  0.041545628939435364
727.9998103636278  0.041545628939435364
728.9328213151282  0.041545628939435364
729.8658322666288  0.04238832556864891
730.7988432181293  0.04491641545628933
731.7318541696297  0.04575911208550287
732.6648651211303  0.04828720197314329
733.5978760726307  0.04997259523157027
734.5308870241313  0.05165798848999725
735.4638979756318  0.05418607837763767
736.3969089271322  0.05839956152370507
737.3299198786328  0.065141134557413
738.2629308301332  0.07188270759112081
739.1959417816338  0.08368046040010957
740.1289527331343  0.10221978624280625
741.0619636846347  0.12244450534392981
741.9949746361352  0.14266922444505337
742.9279855876357  0.1603658536585365
743.8609965391363  0.1772197862428062
744.7940074906367  0.19070293231022195
745.7270184421373  0.19660180871471633
746.6600293936377  0.19660180871471633
747.5930403451382  0.19660180871471633
748.5260512966388  0.19660180871471633
749.4590622481392  0.19660180871471633
750.3920731996398  0.19660180871471633
751.3250841511402  0.19660180871471633
752.2580951026407  0.19660180871471633
753.1911060541413  0.19912989860235675
754.1241170056417  0.19744450534392988
755.0571279571423  0.19070293231022195
755.9901389086427  0.1831186626473006
756.9231498601432  0.17553439298437923
757.8561608116437  0.16542203343381745
758.7891717631442  0.15278158399561526
759.7221827146448  0.14014113455741295
760.6551936661451  0.12750068511921075
761.5882046176457  0.115702932310222
762.5212155691462  0.10390517950123312
763.4542265206467  0.09547821320909833
764.3872374721473  0.09126473006303093
765.3202484236476  0.08620855028774999
766.2532593751482  0.08283776377089613
767.1862703266487  0.08283776377089613
768.1192812781492  0.08452315702932311
769.0522922296498  0.08452315702932311
769.9853031811501  0.08115237051246915
770.9183141326507  0.07778158399561519
771.8513250841512  0.07441079747876123
772.7843360356517  0.06935461770348039
773.7173469871522  0.065141134557413
774.6503579386526  0.060927651411345485
775.5833688901532  0.05755686489449163
776.5163798416536  0.05418607837763767
777.4493907931542  0.05165798848999725
778.3824017446547  0.04828720197314329
779.3154126961551  0.04575911208550287
780.2484236476557  0.04238832556864891
781.1814345991561  0.041545628939435364
782.1144455506567  0.03901753905179495
783.0474565021572  0.03817484242258151
783.9804674536576  0.03817484242258151
784.9134784051582  0.03817484242258151
785.8464893566586  0.03817484242258151
786.7795003081592  0.04070293231022193
787.7125112596597  0.041545628939435364
788.6455222111601  0.041545628939435364
789.5785331626606  0.041545628939435364
790.5115441141611  0.03901753905179495
791.4445550656617  0.03817484242258151
792.377566017162  0.03648944916415453
793.3105769686626  0.03480405590572755
794.2435879201631  0.03480405590572755
795.1765988716636  0.03480405590572755
796.1096098231642  0.03480405590572755
797.0426207746646  0.03480405590572755
797.9756317261651  0.03480405590572755
798.9086426776656  0.03480405590572755
799.8416536291661  0.03480405590572755
800.7746645806667  0.03480405590572755
801.7076755321671  0.035646752534940984
802.6406864836677  0.037332145793367966
803.5736974351681  0.03817484242258151
804.5067083866686  0.03817484242258151
805.4397193381691  0.03817484242258151
806.3727302896696  0.03901753905179495
807.3057412411702  0.041545628939435364
808.2387521926705  0.041545628939435364
809.1717631441711  0.04238832556864891
810.1047740956716  0.04407371882707589
811.0377850471721  0.04575911208550287
811.9707959986727  0.049129898602356725
812.903806950173  0.05250068511921069
813.8368179016736  0.05587147163606465
814.7698288531741  0.06177034804055903
815.7028398046746  0.06851192107426685
816.6358507561752  0.07525349410797477
817.5688617076755  0.08283776377089613
818.5018726591761  0.09295012332145791
819.4348836106766  0.10137708961359271
820.3678945621771  0.11064675253494105
821.3009055136775  0.11738832556864887
822.233916465178  0.11907371882707585
823.1669274166786  0.1199164154562894
824.099938368179  0.12244450534392981
825.0329493196796  0.1199164154562894
825.96596027118  0.11907371882707585
826.8989712226805  0.11654562893943543
827.8319821741811  0.12497259523157023
828.7649931256815  0.13592765141134555
829.6980040771821  0.1451973143326939
830.6310150286826  0.1494107974787613
831.564025980183  0.1477254042203343
832.4970369316835  0.1477254042203343
833.430047883184  0.1308714716360646
834.3630588346846  0.10306248287201969
835.2960697861851  0.07356810084954779
836.2290807376855  0.05165798848999725
837.162091689186  0.04238832556864891
838.0951026406865  0.03817484242258151
839.0281135921871  0.03227596601808713
839.9611245436874  0.031433269388873586
840.894135495188  0.031433269388873586
841.8271464466885  0.029747876130446604
842.760157398189  0.031433269388873586
843.6931683496896  0.031433269388873586
844.62617930119  0.03311866264730057
845.5591902526905  0.03480405590572755
846.492201204191  0.037332145793367966
847.4252121556915  0.03901753905179495
848.358223107192  0.03986023568100849
849.2912340586925  0.03901753905179495
850.224245010193  0.03817484242258151
851.1572559616935  0.03817484242258151
852.090266913194  0.035646752534940984
853.0232778646945  0.03227596601808713
853.956288816195  0.03059057275966015
854.8892997676955  0.028062482872019734
855.8223107191959  0.028062482872019734
856.7553216706965  0.025534392984379206
857.688332622197  0.02469169635516577
858.6213435736975  0.02469169635516577
859.554354525198  0.023848999725952225
860.4873654766984  0.021320909838311808
861.420376428199  0.021320909838311808
862.3533873796995  0.021320909838311808
863.2863983312  0.021320909838311808
864.2194092827004  0.021320909838311808
865.1524202342009  0.021320909838311808
866.0854311857015  0.021320909838311808
867.018442137202  0.021320909838311808
867.9514530887025  0.021320909838311808
868.8844640402029  0.021320909838311808
869.8174749917034  0.02300630309673879
870.750485943204  0.023848999725952225
871.6834968947044  0.02469169635516577
872.616507846205  0.02469169635516577
873.5495187977054  0.02469169635516577
874.4825297492059  0.02469169635516577
875.4155407007065  0.02469169635516577
876.3485516522069  0.02469169635516577
877.2815626037075  0.02469169635516577
878.214573555208  0.023848999725952225
879.1475845067084  0.021320909838311808
880.0805954582089  0.01879281995067139
881.0136064097094  0.01710742669224441
881.94661736121  0.015422033433817428
882.8796283127103  0.013736640175390447
883.8126392642109  0.01120855028775003
884.7456502157114  0.01120855028775003
885.6786611672119  0.01120855028775003
886.6116721187125  0.010365853658536484
887.5446830702128  0.010365853658536484
888.4776940217134  0.01120855028775003
889.4107049732139  0.01120855028775003
890.3437159247144  0.01120855028775003
891.276726876215  0.01120855028775003
892.2097378277153  0.01120855028775003
893.1427487792159  0.01120855028775003
894.0757597307164  0.01120855028775003
895.0087706822169  0.01120855028775003
895.9417816337174  0.01120855028775003
896.8747925852178  0.01120855028775003
897.8078035367184  0.01120855028775003
898.7408144882188  0.012893943546177011
899.6738254397194  0.014579336804603993
900.6068363912199  0.014579336804603993
901.5398473427203  0.014579336804603993
902.4728582942209  0.015422033433817428
903.4058692457213  0.017950123321457845
904.3388801972219  0.017950123321457845
905.2718911487224  0.017950123321457845
906.2049021002229  0.019635516579884826
907.1379130517234  0.021320909838311808
908.0709240032238  0.021320909838311808
909.0039349547244  0.021320909838311808
909.9369459062249  0.021320909838311808
910.8699568577254  0.021320909838311808
911.8029678092258  0.021320909838311808
912.7359787607263  0.021320909838311808
913.6689897122269  0.021320909838311808
914.6020006637273  0.021320909838311808
915.5350116152279  0.021320909838311808
916.4680225667283  0.02300630309673879
917.4010335182288  0.023848999725952225
918.3340444697294  0.02469169635516577
919.2670554212298  0.025534392984379206
920.2000663727304  0.028062482872019734
921.1330773242308  0.02890517950123317
922.0660882757313  0.033961359276514114
922.9990992272319  0.03817484242258151
923.9321101787323  0.04407371882707589
924.8651211302329  0.04828720197314329
925.7981320817333  0.055028775006851105
926.7311430332338  0.06261304466977247
927.6641539847343  0.07272540422033424
928.5971649362348  0.08789394354617697
929.5301758877354  0.10306248287201969
930.4631868392357  0.11738832556864887
931.3961977907363  0.1283433817484242
932.3292087422368  0.1409838311866265