380.0 0.298
381.0 0.351
382.0 0.3
383.0 0.259
384.0 0.243
385.0 0.305
386.0 0.303
387.0 0.318
388.0 0.301
389.0 0.313
390.0 0.344
391.0 0.377
392.0 0.366
393.0 0.258
394.0 0.215
395.0 0.344
396.0 0.364
397.0 0.224
398.0 0.35
399.0 0.447
400.0 0.469
401.0 0.473
402.0 0.497
403.0 0.5
404.0 0.497
405.0 0.478
406.0 0.481
407.0 0.461
408.0 0.464
409.0 0.513
410.0 0.446
411.0 0.488
412.0 0.512
413.0 0.496
414.0 0.503
415.0 0.494
416.0 0.501
417.0 0.499
418.0 0.473
419.0 0.468
420.0 0.466
421.0 0.493
422.0 0.502
423.0 0.464
424.0 0.478
425.0 0.471
426.0 0.463
427.0 0.447
428.0 0.447
429.0 0.428
430.0 0.38
431.0 0.353
432.0 0.456
433.0 0.464
434.0 0.426
435.0 0.465
436.0 0.491
437.0 0.489
438.0 0.459
439.0 0.441
440.0 0.455
441.0 0.488
442.0 0.49
443.0 0.509
444.0 0.484
445.0 0.503
446.0 0.459
447.0 0.491
448.0 0.488
449.0 0.516
450.0 0.521
451.0 0.539
452.0 0.514
453.0 0.484
454.0 0.495
455.0 0.501
456.0 0.511
457.0 0.515
458.0 0.501
459.0 0.489
460.0 0.484
461.0 0.501
462.0 0.486
463.0 0.509
464.0 0.49
465.0 0.479
466.0 0.491
467.0 0.475
468.0 0.474
469.0 0.467
470.0 0.462
471.0 0.462
472.0 0.478
473.0 0.459
474.0 0.456
475.0 0.468
476.0 0.446
477.0 0.451
478.0 0.466
479.0 0.455
480.0 0.461
481.0 0.457
482.0 0.46
483.0 0.463
484.0 0.444
485.0 0.442
486.0 0.374
487.0 0.381
488.0 0.418
489.0 0.41
490.0 0.43
491.0 0.425
492.0 0.4
493.0 0.412
494.0 0.417
495.0 0.427
496.0 0.417
497.0 0.415
498.0 0.405
499.0 0.403
500.0 0.398
501.0 0.386
502.0 0.382
503.0 0.383
504.0 0.364
505.0 0.375
506.0 0.389
507.0 0.382
508.0 0.365
509.0 0.381
510.0 0.377
511.0 0.375
512.0 0.38
513.0 0.365
514.0 0.358
515.0 0.366
516.0 0.356
517.0 0.317
518.0 0.327
519.0 0.331
520.0 0.348
521.0 0.349
522.0 0.354
523.0 0.345
524.0 0.357
525.0 0.348
526.0 0.338
527.0 0.317
528.0 0.336
529.0 0.349
530.0 0.339
531.0 0.353
532.0 0.336
533.0 0.33
534.0 0.335
535.0 0.339
536.0 0.345
537.0 0.326
538.0 0.335
539.0 0.33
540.0 0.311
541.0 0.309
542.0 0.315
543.0 0.315
544.0 0.311
545.0 0.318
546.0 0.309
547.0 0.315
548.0 0.306
549.0 0.314
550.0 0.306
551.0 0.304
552.0 0.309
553.0 0.304
554.0 0.303
555.0 0.313
556.0 0.298
557.0 0.297
558.0 0.296
559.0 0.278
560.0 0.29
561.0 0.284
562.0 0.276
563.0 0.28
564.0 0.28
565.0 0.285
566.0 0.268
567.0 0.279
568.0 0.263
569.0 0.264
570.0 0.262
571.0 0.25
572.0 0.256
573.0 0.259
574.0 0.252
575.0 0.251
576.0 0.243
577.0 0.255
578.0 0.248
579.0 0.238
580.0 0.254
581.0 0.251
582.0 0.259
583.0 0.257
584.0 0.261
585.0 0.258
586.0 0.244
587.0 0.248
588.0 0.23
589.0 0.2
590.0 0.2
591.0 0.214
592.0 0.215
593.0 0.217
594.0 0.217
595.0 0.214
596.0 0.22
597.0 0.224
598.0 0.222
599.0 0.218
600.0 0.227
601.0 0.227
602.0 0.225
603.0 0.231
604.0 0.229
605.0 0.234
606.0 0.225
607.0 0.226
608.0 0.224
609.0 0.226
610.0 0.219
611.0 0.223
612.0 0.207
613.0 0.213
614.0 0.209
615.0 0.21
616.0 0.206
617.0 0.207
618.0 0.21
619.0 0.211
620.0 0.216
621.0 0.211
622.0 0.207
623.0 0.198
624.0 0.201
625.0 0.189
626.0 0.196
627.0 0.198
628.0 0.172
629.0 0.194
630.0 0.175
631.0 0.182
632.0 0.181
633.0 0.192
634.0 0.192
635.0 0.192
636.0 0.183
637.0 0.202
638.0 0.203
639.0 0.194
640.0 0.192
641.0 0.195
642.0 0.186
643.0 0.194
644.0 0.196
645.0 0.179
646.0 0.184
647.0 0.165
648.0 0.154
649.0 0.166
650.0 0.168
651.0 0.175
652.0 0.158
653.0 0.175
654.0 0.18
655.0 0.162
656.0 0.147
657.0 0.153
658.0 0.172
659.0 0.168
660.0 0.182
661.0 0.172
662.0 0.19
663.0 0.185
664.0 0.178
665.0 0.169
666.0 0.172
667.0 0.171
668.0 0.168
669.0 0.175
670.0 0.166
671.0 0.175
672.0 0.166
673.0 0.176
674.0 0.171
675.0 0.163
676.0 0.166
677.0 0.162
678.0 0.159
679.0 0.166
680.0 0.157
681.0 0.16
682.0 0.162
683.0 0.157
684.0 0.161
685.0 0.157
686.0 0.158
687.0 0.107
688.0 0.114
689.0 0.122
690.0 0.132
691.0 0.126
692.0 0.133
693.0 0.127
694.0 0.119
695.0 0.133
696.0 0.125
697.0 0.143
698.0 0.129
699.0 0.129
700.0 0.126
701.0 0.105
702.0 0.127
703.0 0.131
704.0 0.131
705.0 0.144
706.0 0.128
707.0 0.138
708.0 0.143
709.0 0.136
710.0 0.139
711.0 0.147
712.0 0.137
713.0 0.15
714.0 0.145
715.0 0.138
716.0 0.138
717.0 0.082
718.0 0.073
719.0 0.096
720.0 0.073
721.0 0.085
722.0 0.111
723.0 0.106
724.0 0.082
725.0 0.075
726.0 0.076
727.0 0.09
728.0 0.086
729.0 0.091
730.0 0.107
731.0 0.094
732.0 0.082
733.0 0.093
734.0 0.132
735.0 0.104
736.0 0.117
737.0 0.124
738.0 0.12
739.0 0.119
740.0 0.131
741.0 0.137
742.0 0.119
743.0 0.137
744.0 0.133
745.0 0.157
746.0 0.155
747.0 0.136
748.0 0.15
749.0 0.147
750.0 0.135
751.0 0.116
752.0 0.144
753.0 0.123
754.0 0.142
755.0 0.151
756.0 0.143
757.0 0.135
758.0 0.128
759.0 0.121
