380.0 0.206
381.0 0.234
382.0 0.187
383.0 0.161
384.0 0.15
385.0 0.19
386.0 0.184
387.0 0.193
388.0 0.187
389.0 0.195
390.0 0.225
391.0 0.222
392.0 0.225
393.0 0.167
394.0 0.131
395.0 0.207
396.0 0.216
397.0 0.133
398.0 0.226
399.0 0.264
400.0 0.288
401.0 0.28
402.0 0.3
403.0 0.285
404.0 0.297
405.0 0.28
406.0 0.291
407.0 0.277
408.0 0.281
409.0 0.302
410.0 0.27
411.0 0.276
412.0 0.308
413.0 0.28
414.0 0.284
415.0 0.278
416.0 0.284
417.0 0.279
418.0 0.277
419.0 0.268
420.0 0.267
421.0 0.285
422.0 0.282
423.0 0.254
424.0 0.256
425.0 0.265
426.0 0.241
427.0 0.244
428.0 0.248
429.0 0.229
430.0 0.204
431.0 0.178
432.0 0.256
433.0 0.245
434.0 0.229
435.0 0.237
436.0 0.262
437.0 0.257
438.0 0.239
439.0 0.232
440.0 0.242
441.0 0.262
442.0 0.258
443.0 0.263
444.0 0.258
445.0 0.277
446.0 0.251
447.0 0.262
448.0 0.262
449.0 0.274
450.0 0.266
451.0 0.28
452.0 0.273
453.0 0.253
454.0 0.258
455.0 0.262
456.0 0.256
457.0 0.256
458.0 0.253
459.0 0.251
460.0 0.26
461.0 0.255
462.0 0.261
463.0 0.256
464.0 0.255
465.0 0.248
466.0 0.237
467.0 0.234
468.0 0.24
469.0 0.235
470.0 0.236
471.0 0.233
472.0 0.242
473.0 0.238
474.0 0.231
475.0 0.235
476.0 0.228
477.0 0.23
478.0 0.23
479.0 0.226
480.0 0.222
481.0 0.218
482.0 0.223
483.0 0.217
484.0 0.219
485.0 0.214
486.0 0.189
487.0 0.185
488.0 0.198
489.0 0.202
490.0 0.212
491.0 0.202
492.0 0.196
493.0 0.2
494.0 0.206
495.0 0.199
496.0 0.196
497.0 0.206
498.0 0.197
499.0 0.189
500.0 0.186
501.0 0.179
502.0 0.187
503.0 0.184
504.0 0.18
505.0 0.184
506.0 0.185
507.0 0.181
508.0 0.178
509.0 0.184
510.0 0.182
511.0 0.179
512.0 0.18
513.0 0.169
514.0 0.171
515.0 0.165
516.0 0.171
517.0 0.147
518.0 0.149
519.0 0.156
520.0 0.164
521.0 0.166
522.0 0.164
523.0 0.164
524.0 0.165
525.0 0.167
526.0 0.159
527.0 0.146
528.0 0.16
529.0 0.165
530.0 0.161
531.0 0.161
532.0 0.157
533.0 0.157
534.0 0.157
535.0 0.157
536.0 0.157
537.0 0.149
538.0 0.155
539.0 0.151
540.0 0.146
541.0 0.144
542.0 0.146
543.0 0.144
544.0 0.15
545.0 0.145
546.0 0.144
547.0 0.14
548.0 0.14
549.0 0.141
550.0 0.142
551.0 0.137
552.0 0.135
553.0 0.139
554.0 0.142
555.0 0.139
556.0 0.131
557.0 0.139
558.0 0.131
559.0 0.129
560.0 0.126
561.0 0.133
562.0 0.129
563.0 0.129
564.0 0.135
565.0 0.124
566.0 0.121
567.0 0.122
568.0 0.118
569.0 0.119
570.0 0.114
571.0 0.118
572.0 0.115
573.0 0.118
574.0 0.116
575.0 0.113
576.0 0.107
577.0 0.114
578.0 0.111
579.0 0.115
580.0 0.112
581.0 0.116
582.0 0.11
583.0 0.113
584.0 0.12
585.0 0.116
586.0 0.116
587.0 0.108
588.0 0.107
589.0 0.093
590.0 0.093
591.0 0.101
592.0 0.098
593.0 0.102
594.0 0.095
595.0 0.098
596.0 0.095
597.0 0.101
598.0 0.101
599.0 0.101
600.0 0.106
601.0 0.099
602.0 0.096
603.0 0.102
604.0 0.1
605.0 0.099
606.0 0.096
607.0 0.098
608.0 0.106
609.0 0.096
610.0 0.092
611.0 0.097
612.0 0.094
613.0 0.094
614.0 0.092
615.0 0.094
616.0 0.087
617.0 0.089
618.0 0.1
619.0 0.086
620.0 0.098
621.0 0.099
622.0 0.095
623.0 0.094
624.0 0.081
625.0 0.086
626.0 0.08
627.0 0.083
628.0 0.079
629.0 0.081
630.0 0.081
631.0 0.077
632.0 0.084
633.0 0.087
634.0 0.082
635.0 0.079
636.0 0.08
637.0 0.091
638.0 0.084
639.0 0.082
640.0 0.084
641.0 0.074
642.0 0.072
643.0 0.085
644.0 0.074
645.0 0.079
646.0 0.074
647.0 0.07
648.0 0.071
649.0 0.068
650.0 0.073
651.0 0.07
652.0 0.06
653.0 0.08
654.0 0.077
655.0 0.071
656.0 0.056
657.0 0.073
658.0 0.077
659.0 0.078
660.0 0.072
661.0 0.074
662.0 0.08
663.0 0.074
664.0 0.08
665.0 0.083
666.0 0.078
667.0 0.078
668.0 0.068
669.0 0.079
670.0 0.07
671.0 0.078
672.0 0.07
673.0 0.064
674.0 0.068
675.0 0.071
676.0 0.07
677.0 0.07
678.0 0.065
679.0 0.073
680.0 0.075
681.0 0.07
682.0 0.07
683.0 0.061
684.0 0.068
685.0 0.066
686.0 0.062
687.0 0.042
688.0 0.047
689.0 0.048
690.0 0.058
691.0 0.053
692.0 0.052
693.0 0.052
694.0 0.039
695.0 0.059
696.0 0.062
697.0 0.066
698.0 0.06
699.0 0.055
700.0 0.056
701.0 0.053
702.0 0.056
703.0 0.064
704.0 0.058
705.0 0.058
706.0 0.051
707.0 0.064
708.0 0.048
709.0 0.057
710.0 0.066
711.0 0.056
712.0 0.072
713.0 0.054
714.0 0.063
715.0 0.061
716.0 0.064
717.0 0.044
718.0 0.057
719.0 0.04
720.0 0.049
721.0 0.066
722.0 0.069
723.0 0.047
724.0 0.046
725.0 0.027
726.0 0.053
727.0 0.043
728.0 0.036
729.0 0.04
730.0 0.038
731.0 0.031
732.0 0.036
733.0 0.048
734.0 0.045
735.0 0.054
736.0 0.041
737.0 0.045
738.0 0.047
739.0 0.037
740.0 0.065
741.0 0.064
742.0 0.047
743.0 0.055
744.0 0.05
745.0 0.058
746.0 0.024
747.0 0.066
748.0 0.049
749.0 0.044
750.0 0.041
751.0 0.032
752.0 0.047
753.0 0.056
754.0 0.038
755.0 0.066
756.0 0.054
757.0 0.058
758.0 0.056
759.0 0.067
