380.0 0.287
381.0 0.32
382.0 0.256
383.0 0.211
384.0 0.209
385.0 0.268
386.0 0.256
387.0 0.273
388.0 0.258
389.0 0.272
390.0 0.295
391.0 0.332
392.0 0.303
393.0 0.21
394.0 0.199
395.0 0.3
396.0 0.292
397.0 0.2
398.0 0.308
399.0 0.369
400.0 0.393
401.0 0.401
402.0 0.406
403.0 0.409
404.0 0.404
405.0 0.391
406.0 0.386
407.0 0.395
408.0 0.387
409.0 0.416
410.0 0.391
411.0 0.397
412.0 0.41
413.0 0.394
414.0 0.426
415.0 0.399
416.0 0.406
417.0 0.412
418.0 0.393
419.0 0.388
420.0 0.378
421.0 0.398
422.0 0.39
423.0 0.368
424.0 0.371
425.0 0.377
426.0 0.361
427.0 0.348
428.0 0.344
429.0 0.335
430.0 0.288
431.0 0.284
432.0 0.347
433.0 0.37
434.0 0.328
435.0 0.349
436.0 0.372
437.0 0.385
438.0 0.368
439.0 0.35
440.0 0.349
441.0 0.371
442.0 0.391
443.0 0.391
444.0 0.375
445.0 0.386
446.0 0.365
447.0 0.383
448.0 0.387
449.0 0.391
450.0 0.412
451.0 0.416
452.0 0.406
453.0 0.365
454.0 0.393
455.0 0.38
456.0 0.395
457.0 0.393
458.0 0.38
459.0 0.384
460.0 0.377
461.0 0.391
462.0 0.395
463.0 0.378
464.0 0.373
465.0 0.373
466.0 0.381
467.0 0.371
468.0 0.365
469.0 0.368
470.0 0.347
471.0 0.361
472.0 0.384
473.0 0.357
474.0 0.353
475.0 0.358
476.0 0.352
477.0 0.355
478.0 0.363
479.0 0.357
480.0 0.35
481.0 0.357
482.0 0.36
483.0 0.353
484.0 0.344
485.0 0.334
486.0 0.287
487.0 0.3
488.0 0.329
489.0 0.325
490.0 0.336
491.0 0.329
492.0 0.315
493.0 0.33
494.0 0.322
495.0 0.332
496.0 0.321
497.0 0.325
498.0 0.311
499.0 0.316
500.0 0.306
501.0 0.298
502.0 0.291
503.0 0.311
504.0 0.298
505.0 0.304
506.0 0.315
507.0 0.302
508.0 0.295
509.0 0.302
510.0 0.295
511.0 0.297
512.0 0.297
513.0 0.289
514.0 0.276
515.0 0.287
516.0 0.275
517.0 0.247
518.0 0.256
519.0 0.26
520.0 0.28
521.0 0.276
522.0 0.275
523.0 0.272
524.0 0.282
525.0 0.28
526.0 0.265
527.0 0.252
528.0 0.265
529.0 0.283
530.0 0.273
531.0 0.275
532.0 0.275
533.0 0.258
534.0 0.27
535.0 0.271
536.0 0.273
537.0 0.265
538.0 0.262
539.0 0.263
540.0 0.251
541.0 0.251
542.0 0.261
543.0 0.256
544.0 0.257
545.0 0.255
546.0 0.252
547.0 0.253
548.0 0.246
549.0 0.254
550.0 0.253
551.0 0.247
552.0 0.247
553.0 0.243
554.0 0.249
555.0 0.249
556.0 0.249
557.0 0.242
558.0 0.24
559.0 0.228
560.0 0.238
561.0 0.243
562.0 0.22
563.0 0.23
564.0 0.228
565.0 0.226
566.0 0.22
567.0 0.229
568.0 0.226
569.0 0.219
570.0 0.216
571.0 0.214
572.0 0.226
573.0 0.221
574.0 0.223
575.0 0.215
576.0 0.209
577.0 0.214
578.0 0.209
579.0 0.206
580.0 0.219
581.0 0.215
582.0 0.216
583.0 0.217
584.0 0.211
585.0 0.219
586.0 0.21
587.0 0.212
588.0 0.215
589.0 0.186
590.0 0.196
591.0 0.21
592.0 0.206
593.0 0.204
594.0 0.203
595.0 0.2
596.0 0.201
597.0 0.205
598.0 0.194
599.0 0.209
600.0 0.2
601.0 0.199
602.0 0.194
603.0 0.2
604.0 0.195
605.0 0.199
606.0 0.189
607.0 0.193
608.0 0.19
609.0 0.194
610.0 0.185
611.0 0.186
612.0 0.182
613.0 0.184
614.0 0.18
615.0 0.188
616.0 0.181
617.0 0.176
618.0 0.181
619.0 0.185
620.0 0.186
621.0 0.184
622.0 0.189
623.0 0.174
624.0 0.175
625.0 0.164
626.0 0.179
627.0 0.169
628.0 0.164
629.0 0.175
630.0 0.163
631.0 0.167
632.0 0.172
633.0 0.176
634.0 0.17
635.0 0.179
636.0 0.174
637.0 0.179
638.0 0.179
639.0 0.174
640.0 0.164
641.0 0.168
642.0 0.17
643.0 0.174
644.0 0.157
645.0 0.174
646.0 0.167
647.0 0.16
648.0 0.159
649.0 0.165
650.0 0.159
651.0 0.177
652.0 0.163
653.0 0.172
654.0 0.173
655.0 0.16
656.0 0.134
657.0 0.159
658.0 0.17
659.0 0.155
660.0 0.157
661.0 0.169
662.0 0.162
663.0 0.168
664.0 0.167
665.0 0.171
666.0 0.162
667.0 0.157
668.0 0.163
669.0 0.159
670.0 0.15
671.0 0.159
672.0 0.155
673.0 0.158
674.0 0.161
675.0 0.158
676.0 0.153
677.0 0.154
678.0 0.155
679.0 0.152
680.0 0.16
681.0 0.156
682.0 0.15
683.0 0.14
684.0 0.146
685.0 0.156
686.0 0.15
687.0 0.097
688.0 0.116
689.0 0.123
690.0 0.125
691.0 0.132
692.0 0.143
693.0 0.143
694.0 0.14
695.0 0.143
696.0 0.15
697.0 0.139
698.0 0.146
699.0 0.143
700.0 0.142
701.0 0.143
702.0 0.138
703.0 0.131
704.0 0.149
705.0 0.134
706.0 0.144
707.0 0.152
708.0 0.154
709.0 0.14
710.0 0.149
711.0 0.146
712.0 0.145
713.0 0.147
714.0 0.144
715.0 0.126
716.0 0.14
717.0 0.119
718.0 0.122
719.0 0.123
720.0 0.117
721.0 0.131
722.0 0.125
723.0 0.116
724.0 0.126
725.0 0.117
726.0 0.14
727.0 0.136
728.0 0.135
729.0 0.118
730.0 0.124
731.0 0.126
732.0 0.153
733.0 0.149
734.0 0.12
735.0 0.137
736.0 0.13
737.0 0.155
738.0 0.136
739.0 0.133
740.0 0.136
741.0 0.137
742.0 0.124
743.0 0.14
744.0 0.145
745.0 0.127
746.0 0.124
747.0 0.147
748.0 0.125
749.0 0.128
750.0 0.13
751.0 0.138
752.0 0.128
753.0 0.13
754.0 0.142
755.0 0.132
756.0 0.132
757.0 0.131
758.0 0.141
759.0 0.121
