380.0 0.431
381.0 0.466
382.0 0.381
383.0 0.307
384.0 0.303
385.0 0.402
386.0 0.395
387.0 0.399
388.0 0.394
389.0 0.401
390.0 0.497
391.0 0.487
392.0 0.479
393.0 0.318
394.0 0.301
395.0 0.471
396.0 0.489
397.0 0.307
398.0 0.495
399.0 0.627
400.0 0.655
401.0 0.655
402.0 0.699
403.0 0.688
404.0 0.698
405.0 0.672
406.0 0.666
407.0 0.666
408.0 0.663
409.0 0.725
410.0 0.64
411.0 0.69
412.0 0.75
413.0 0.712
414.0 0.733
415.0 0.726
416.0 0.742
417.0 0.732
418.0 0.714
419.0 0.71
420.0 0.689
421.0 0.731
422.0 0.732
423.0 0.68
424.0 0.715
425.0 0.705
426.0 0.72
427.0 0.68
428.0 0.697
429.0 0.668
430.0 0.578
431.0 0.544
432.0 0.715
433.0 0.742
434.0 0.678
435.0 0.711
436.0 0.774
437.0 0.782
438.0 0.723
439.0 0.717
440.0 0.749
441.0 0.782
442.0 0.811
443.0 0.826
444.0 0.822
445.0 0.834
446.0 0.787
447.0 0.839
448.0 0.839
449.0 0.848
450.0 0.899
451.0 0.93
452.0 0.883
453.0 0.833
454.0 0.852
455.0 0.869
456.0 0.881
457.0 0.897
458.0 0.88
459.0 0.871
460.0 0.869
461.0 0.904
462.0 0.888
463.0 0.897
464.0 0.881
465.0 0.854
466.0 0.876
467.0 0.858
468.0 0.867
469.0 0.875
470.0 0.864
471.0 0.857
472.0 0.892
473.0 0.875
474.0 0.882
475.0 0.878
476.0 0.864
477.0 0.877
478.0 0.9
479.0 0.888
480.0 0.891
481.0 0.896
482.0 0.901
483.0 0.903
484.0 0.879
485.0 0.86
486.0 0.744
487.0 0.785
488.0 0.842
489.0 0.836
490.0 0.88
491.0 0.865
492.0 0.824
493.0 0.852
494.0 0.86
495.0 0.876
496.0 0.864
497.0 0.88
498.0 0.853
499.0 0.847
500.0 0.854
501.0 0.817
502.0 0.816
503.0 0.844
504.0 0.826
505.0 0.83
506.0 0.865
507.0 0.849
508.0 0.829
509.0 0.858
510.0 0.841
511.0 0.853
512.0 0.851
513.0 0.823
514.0 0.813
515.0 0.826
516.0 0.805
517.0 0.72
518.0 0.745
519.0 0.773
520.0 0.811
521.0 0.82
522.0 0.828
523.0 0.803
524.0 0.845
525.0 0.841
526.0 0.804
527.0 0.761
528.0 0.819
529.0 0.855
530.0 0.842
531.0 0.86
532.0 0.825
533.0 0.808
534.0 0.816
535.0 0.839
536.0 0.845
537.0 0.819
538.0 0.838
539.0 0.823
540.0 0.798
541.0 0.795
542.0 0.81
543.0 0.802
544.0 0.821
545.0 0.816
546.0 0.818
547.0 0.816
548.0 0.801
549.0 0.816
550.0 0.811
551.0 0.807
552.0 0.813
553.0 0.802
554.0 0.809
555.0 0.822
556.0 0.812
557.0 0.782
558.0 0.787
559.0 0.765
560.0 0.772
561.0 0.788
562.0 0.777
563.0 0.787
564.0 0.786
565.0 0.775
566.0 0.757
567.0 0.779
568.0 0.768
569.0 0.761
570.0 0.752
571.0 0.737
572.0 0.758
573.0 0.769
574.0 0.765
575.0 0.752
576.0 0.749
577.0 0.758
578.0 0.732
579.0 0.74
580.0 0.755
581.0 0.765
582.0 0.769
583.0 0.783
584.0 0.788
585.0 0.758
586.0 0.753
587.0 0.769
588.0 0.758
589.0 0.679
590.0 0.715
591.0 0.747
592.0 0.741
593.0 0.745
594.0 0.745
595.0 0.728
596.0 0.743
597.0 0.75
598.0 0.743
599.0 0.742
600.0 0.731
601.0 0.732
602.0 0.728
603.0 0.738
604.0 0.742
605.0 0.73
606.0 0.742
607.0 0.739
608.0 0.73
609.0 0.728
610.0 0.71
611.0 0.722
612.0 0.718
613.0 0.719
614.0 0.711
615.0 0.711
616.0 0.688
617.0 0.696
618.0 0.717
619.0 0.704
620.0 0.725
621.0 0.719
622.0 0.708
623.0 0.699
624.0 0.688
625.0 0.678
626.0 0.689
627.0 0.692
628.0 0.652
629.0 0.678
630.0 0.662
631.0 0.68
632.0 0.672
634.0 0.684
635.0 0.69
636.0 0.687
637.0 0.699
638.0 0.713
639.0 0.699
640.0 0.685
641.0 0.693
642.0 0.683
643.0 0.696
644.0 0.692
645.0 0.694
646.0 0.679
647.0 0.684
648.0 0.684
649.0 0.666
650.0 0.674
651.0 0.68
652.0 0.668
653.0 0.688
654.0 0.676
655.0 0.654
656.0 0.556
657.0 0.626
658.0 0.667
659.0 0.667
660.0 0.682
661.0 0.678
662.0 0.691
663.0 0.673
664.0 0.671
665.0 0.687
666.0 0.668
667.0 0.677
668.0 0.676
669.0 0.677
670.0 0.675
671.0 0.671
672.0 0.663
673.0 0.686
674.0 0.671
675.0 0.667
676.0 0.676
677.0 0.678
678.0 0.665
679.0 0.66
680.0 0.672
681.0 0.663
682.0 0.657
683.0 0.657
684.0 0.633
685.0 0.658
686.0 0.64
687.0 0.394
688.0 0.516
689.0 0.495
690.0 0.517
691.0 0.568
692.0 0.615
693.0 0.601
694.0 0.595
695.0 0.628
696.0 0.616
697.0 0.634
698.0 0.609
699.0 0.601
700.0 0.622
701.0 0.611
702.0 0.613
703.0 0.628
704.0 0.614
705.0 0.633
706.0 0.63
707.0 0.616
708.0 0.622
709.0 0.629
710.0 0.638
711.0 0.63
712.0 0.618
713.0 0.615
714.0 0.632
715.0 0.607
716.0 0.616
717.0 0.552
718.0 0.51
719.0 0.491
720.0 0.515
721.0 0.558
722.0 0.568
723.0 0.557
724.0 0.538
725.0 0.534
726.0 0.537
727.0 0.555
728.0 0.525
729.0 0.517
730.0 0.562
731.0 0.548
732.0 0.567
733.0 0.576
734.0 0.626
735.0 0.591
736.0 0.57
737.0 0.619
738.0 0.61
739.0 0.577
740.0 0.588
741.0 0.573
742.0 0.596
743.0 0.604
744.0 0.587
745.0 0.601
746.0 0.619
747.0 0.604
748.0 0.595
749.0 0.583
750.0 0.591
751.0 0.586
752.0 0.608
753.0 0.553
754.0 0.608
755.0 0.566
756.0 0.594
757.0 0.553
758.0 0.587
759.0 0.518
