380.0 0.249
381.0 0.272
382.0 0.213
383.0 0.179
384.0 0.17
385.0 0.225
386.0 0.218
387.0 0.225
388.0 0.224
389.0 0.221
390.0 0.258
391.0 0.279
392.0 0.282
393.0 0.198
394.0 0.173
395.0 0.263
396.0 0.274
397.0 0.173
398.0 0.267
399.0 0.349
400.0 0.362
401.0 0.35
402.0 0.384
403.0 0.384
404.0 0.392
405.0 0.371
406.0 0.372
407.0 0.371
408.0 0.365
409.0 0.415
410.0 0.354
411.0 0.396
412.0 0.41
413.0 0.387
414.0 0.41
415.0 0.399
416.0 0.396
417.0 0.393
418.0 0.386
419.0 0.387
420.0 0.386
421.0 0.417
422.0 0.414
423.0 0.383
424.0 0.388
425.0 0.384
426.0 0.388
427.0 0.38
428.0 0.381
429.0 0.366
430.0 0.322
431.0 0.295
432.0 0.391
433.0 0.398
434.0 0.371
435.0 0.382
436.0 0.42
437.0 0.423
438.0 0.386
439.0 0.389
440.0 0.409
441.0 0.406
442.0 0.441
443.0 0.438
444.0 0.425
445.0 0.455
446.0 0.426
447.0 0.444
448.0 0.466
449.0 0.461
450.0 0.476
451.0 0.499
452.0 0.483
453.0 0.452
454.0 0.482
455.0 0.473
456.0 0.474
457.0 0.484
458.0 0.48
459.0 0.469
460.0 0.453
461.0 0.48
462.0 0.482
463.0 0.481
464.0 0.478
465.0 0.471
466.0 0.471
467.0 0.457
468.0 0.467
469.0 0.463
470.0 0.458
471.0 0.448
472.0 0.475
473.0 0.477
474.0 0.473
475.0 0.475
476.0 0.46
477.0 0.461
478.0 0.472
479.0 0.463
480.0 0.481
481.0 0.479
482.0 0.477
483.0 0.474
484.0 0.467
485.0 0.457
486.0 0.397
487.0 0.418
488.0 0.442
489.0 0.441
490.0 0.466
491.0 0.465
492.0 0.438
493.0 0.456
494.0 0.459
495.0 0.472
496.0 0.461
497.0 0.468
498.0 0.453
499.0 0.448
500.0 0.449
501.0 0.431
502.0 0.428
503.0 0.442
504.0 0.434
505.0 0.442
506.0 0.45
507.0 0.442
508.0 0.432
509.0 0.453
510.0 0.438
511.0 0.444
512.0 0.451
513.0 0.436
514.0 0.429
515.0 0.433
516.0 0.425
517.0 0.385
518.0 0.386
519.0 0.413
520.0 0.43
521.0 0.432
522.0 0.437
523.0 0.427
524.0 0.451
525.0 0.448
526.0 0.427
527.0 0.401
528.0 0.418
529.0 0.448
530.0 0.444
531.0 0.454
532.0 0.434
533.0 0.423
534.0 0.439
535.0 0.444
536.0 0.446
537.0 0.431
538.0 0.438
539.0 0.435
540.0 0.418
541.0 0.409
542.0 0.427
543.0 0.42
544.0 0.422
545.0 0.427
546.0 0.431
547.0 0.424
548.0 0.424
549.0 0.426
550.0 0.43
551.0 0.427
552.0 0.432
553.0 0.419
554.0 0.423
555.0 0.426
556.0 0.423
557.0 0.41
558.0 0.414
559.0 0.402
560.0 0.405
561.0 0.408
562.0 0.409
563.0 0.409
564.0 0.414
565.0 0.41
566.0 0.403
567.0 0.41
568.0 0.405
569.0 0.397
570.0 0.388
571.0 0.387
572.0 0.398
573.0 0.399
574.0 0.398
575.0 0.392
576.0 0.393
577.0 0.387
578.0 0.384
579.0 0.389
580.0 0.396
581.0 0.399
582.0 0.405
583.0 0.404
584.0 0.417
585.0 0.398
586.0 0.397
587.0 0.403
588.0 0.381
589.0 0.327
590.0 0.345
591.0 0.364
592.0 0.353
593.0 0.373
594.0 0.354
595.0 0.36
596.0 0.377
597.0 0.38
598.0 0.373
599.0 0.372
600.0 0.38
601.0 0.384
602.0 0.379
603.0 0.384
604.0 0.395
605.0 0.394
606.0 0.385
607.0 0.388
608.0 0.382
609.0 0.379
610.0 0.382
611.0 0.383
612.0 0.381
613.0 0.379
614.0 0.375
615.0 0.376
616.0 0.363
617.0 0.365
618.0 0.376
619.0 0.377
620.0 0.378
621.0 0.375
622.0 0.367
623.0 0.371
624.0 0.374
625.0 0.358
626.0 0.362
627.0 0.357
628.0 0.333
629.0 0.355
630.0 0.349
631.0 0.349
632.0 0.352
633.0 0.354
634.0 0.357
635.0 0.359
636.0 0.354
637.0 0.366
638.0 0.375
639.0 0.371
640.0 0.361
641.0 0.354
642.0 0.366
643.0 0.367
644.0 0.376
645.0 0.368
646.0 0.346
647.0 0.329
648.0 0.33
649.0 0.328
650.0 0.352
651.0 0.346
652.0 0.328
653.0 0.352
654.0 0.343
655.0 0.327
656.0 0.291
657.0 0.314
658.0 0.35
659.0 0.348
660.0 0.355
661.0 0.36
662.0 0.365
663.0 0.362
664.0 0.358
665.0 0.362
666.0 0.364
667.0 0.359
668.0 0.343
669.0 0.357
670.0 0.351
671.0 0.351
672.0 0.351
673.0 0.355
674.0 0.353
675.0 0.357
676.0 0.346
677.0 0.342
678.0 0.35
679.0 0.353
680.0 0.352
681.0 0.349
682.0 0.349
683.0 0.353
684.0 0.331
685.0 0.34
686.0 0.333
687.0 0.223
688.0 0.272
689.0 0.259
690.0 0.272
691.0 0.294
692.0 0.303
693.0 0.287
694.0 0.264
695.0 0.293
696.0 0.299
697.0 0.323
698.0 0.31
699.0 0.287
700.0 0.287
701.0 0.284
702.0 0.283
703.0 0.302
704.0 0.31
705.0 0.325
706.0 0.321
707.0 0.312
708.0 0.318
709.0 0.304
710.0 0.317
711.0 0.336
712.0 0.332
713.0 0.305
714.0 0.316
715.0 0.297
716.0 0.295
717.0 0.205
718.0 0.21
719.0 0.188
720.0 0.179
721.0 0.231
722.0 0.279
723.0 0.247
724.0 0.226
725.0 0.208
726.0 0.224
727.0 0.238
728.0 0.198
729.0 0.211
730.0 0.237
731.0 0.225
732.0 0.244
733.0 0.288
734.0 0.296
735.0 0.291
736.0 0.273
737.0 0.27
738.0 0.301
739.0 0.282
740.0 0.329
741.0 0.287
742.0 0.312
743.0 0.311
744.0 0.29
745.0 0.318
746.0 0.319
747.0 0.332
748.0 0.316
749.0 0.316
750.0 0.315
751.0 0.307
752.0 0.308
753.0 0.31
754.0 0.325
755.0 0.333
756.0 0.322
757.0 0.299
758.0 0.298
759.0 0.279
