380.0 0.245
381.0 0.28
382.0 0.225
383.0 0.18
384.0 0.18
385.0 0.245
386.0 0.204
387.0 0.216
388.0 0.225
389.0 0.232
390.0 0.273
391.0 0.279
392.0 0.259
393.0 0.191
394.0 0.177
395.0 0.258
396.0 0.28
397.0 0.174
398.0 0.284
399.0 0.347
400.0 0.366
401.0 0.367
402.0 0.391
403.0 0.396
404.0 0.387
405.0 0.371
406.0 0.366
407.0 0.367
408.0 0.382
409.0 0.402
410.0 0.363
411.0 0.386
412.0 0.406
413.0 0.398
414.0 0.409
415.0 0.394
416.0 0.401
417.0 0.414
418.0 0.405
419.0 0.39
420.0 0.383
421.0 0.416
422.0 0.401
423.0 0.375
424.0 0.399
425.0 0.402
426.0 0.388
427.0 0.363
428.0 0.379
429.0 0.366
430.0 0.305
431.0 0.296
432.0 0.388
433.0 0.407
434.0 0.366
435.0 0.387
436.0 0.432
437.0 0.427
438.0 0.403
439.0 0.383
440.0 0.409
441.0 0.433
442.0 0.448
443.0 0.445
444.0 0.435
445.0 0.449
446.0 0.419
447.0 0.464
448.0 0.46
449.0 0.466
450.0 0.48
451.0 0.498
452.0 0.474
453.0 0.446
454.0 0.46
455.0 0.456
456.0 0.484
457.0 0.478
458.0 0.472
459.0 0.47
460.0 0.452
461.0 0.466
462.0 0.478
463.0 0.478
464.0 0.483
465.0 0.46
466.0 0.467
467.0 0.452
468.0 0.466
469.0 0.473
470.0 0.45
471.0 0.448
472.0 0.466
473.0 0.463
474.0 0.477
475.0 0.467
476.0 0.461
477.0 0.469
478.0 0.474
479.0 0.477
480.0 0.478
481.0 0.481
482.0 0.48
483.0 0.475
484.0 0.466
485.0 0.45
486.0 0.396
487.0 0.416
488.0 0.448
489.0 0.44
490.0 0.463
491.0 0.459
492.0 0.437
493.0 0.455
494.0 0.455
495.0 0.464
496.0 0.452
497.0 0.461
498.0 0.451
499.0 0.449
500.0 0.449
501.0 0.425
502.0 0.427
503.0 0.437
504.0 0.426
505.0 0.442
506.0 0.449
507.0 0.444
508.0 0.424
509.0 0.451
510.0 0.437
511.0 0.443
512.0 0.447
513.0 0.436
514.0 0.424
515.0 0.426
516.0 0.427
517.0 0.374
518.0 0.391
519.0 0.404
520.0 0.43
521.0 0.433
522.0 0.434
523.0 0.42
524.0 0.448
525.0 0.441
526.0 0.423
527.0 0.392
528.0 0.422
529.0 0.44
530.0 0.439
531.0 0.446
532.0 0.435
533.0 0.426
534.0 0.433
535.0 0.439
536.0 0.443
537.0 0.428
538.0 0.437
539.0 0.429
540.0 0.412
541.0 0.413
542.0 0.425
543.0 0.419
544.0 0.426
545.0 0.427
546.0 0.421
547.0 0.425
548.0 0.421
549.0 0.426
550.0 0.428
551.0 0.421
552.0 0.425
553.0 0.418
554.0 0.422
555.0 0.424
556.0 0.425
557.0 0.404
558.0 0.416
559.0 0.399
560.0 0.403
561.0 0.411
562.0 0.407
563.0 0.407
564.0 0.41
565.0 0.409
566.0 0.404
567.0 0.403
568.0 0.394
569.0 0.394
570.0 0.388
571.0 0.382
572.0 0.398
573.0 0.398
574.0 0.394
575.0 0.389
576.0 0.385
577.0 0.39
578.0 0.381
579.0 0.389
580.0 0.392
581.0 0.393
582.0 0.407
583.0 0.404
584.0 0.404
585.0 0.393
586.0 0.391
587.0 0.394
588.0 0.368
589.0 0.32
590.0 0.343
591.0 0.352
592.0 0.343
593.0 0.361
594.0 0.354
595.0 0.35
596.0 0.374
597.0 0.37
598.0 0.367
599.0 0.37
600.0 0.371
601.0 0.378
602.0 0.374
603.0 0.39
604.0 0.385
605.0 0.386
606.0 0.385
607.0 0.384
608.0 0.374
609.0 0.382
610.0 0.382
611.0 0.376
612.0 0.372
613.0 0.372
614.0 0.366
615.0 0.372
616.0 0.356
617.0 0.366
618.0 0.376
619.0 0.38
620.0 0.371
621.0 0.37
622.0 0.368
623.0 0.371
624.0 0.362
625.0 0.363
626.0 0.362
627.0 0.369
628.0 0.343
629.0 0.351
630.0 0.342
631.0 0.35
632.0 0.338
633.0 0.36
634.0 0.357
635.0 0.359
636.0 0.349
637.0 0.361
638.0 0.366
639.0 0.364
640.0 0.351
641.0 0.357
642.0 0.362
643.0 0.361
644.0 0.364
645.0 0.359
646.0 0.349
647.0 0.337
648.0 0.313
649.0 0.326
650.0 0.339
651.0 0.335
652.0 0.328
653.0 0.345
654.0 0.351
655.0 0.327
656.0 0.277
657.0 0.319
658.0 0.338
659.0 0.35
660.0 0.348
661.0 0.355
662.0 0.362
663.0 0.344
664.0 0.35
665.0 0.349
666.0 0.353
667.0 0.352
668.0 0.349
669.0 0.362
670.0 0.353
671.0 0.36
672.0 0.343
673.0 0.357
674.0 0.351
675.0 0.355
676.0 0.338
677.0 0.351
678.0 0.348
679.0 0.348
680.0 0.337
681.0 0.346
682.0 0.344
683.0 0.335
684.0 0.336
685.0 0.343
686.0 0.324
687.0 0.214
688.0 0.261
689.0 0.261
690.0 0.263
691.0 0.283
692.0 0.296
693.0 0.279
694.0 0.268
695.0 0.288
696.0 0.284
697.0 0.312
698.0 0.308
699.0 0.267
700.0 0.283
701.0 0.298
702.0 0.287
703.0 0.302
704.0 0.295
705.0 0.308
706.0 0.298
707.0 0.31
708.0 0.312
709.0 0.302
710.0 0.307
711.0 0.315
712.0 0.315
713.0 0.319
714.0 0.307
715.0 0.304
716.0 0.29
717.0 0.205
718.0 0.189
719.0 0.169
720.0 0.168
721.0 0.226
722.0 0.257
723.0 0.228
724.0 0.192
725.0 0.212
726.0 0.225
727.0 0.233
728.0 0.22
729.0 0.193
730.0 0.216
731.0 0.216
732.0 0.246
733.0 0.263
734.0 0.294
735.0 0.284
736.0 0.264
737.0 0.281
738.0 0.313
739.0 0.285
740.0 0.307
741.0 0.302
742.0 0.292
743.0 0.311
744.0 0.308
745.0 0.314
746.0 0.309
747.0 0.305
748.0 0.312
749.0 0.32
750.0 0.316
751.0 0.299
752.0 0.297
753.0 0.314
754.0 0.293
755.0 0.308
756.0 0.286
757.0 0.289
758.0 0.3
759.0 0.274
