4350	1.0131
4375	1.0163
4400	1.0249
4425	1.0439
4450	1.0403
4475	1.0260
4500	1.0383
4525	1.0338
4550	1.0219
4575	1.0321
4600	1.0268
4625	1.0301
4650	1.0259
4675	1.0156
4700	1.0193
4725	1.0220
4750	1.0226
4775	1.0175
4800	1.0135
4825	1.0146
4850	1.0119
4875	1.0038
4900	0.9924
4925	1.0312
4950	1.0228
4975	1.0051
5000	1.0056
5025	1.0093
5050	1.0114
5075	1.0141
5100	1.0129
5125	1.0057
5150	1.0062
5175	1.0013
5200	1.0024
5225	0.9985
5250	1.0182
5275	1.0158
5300	1.0089
5325	1.0077
5350	1.0084
5375	1.0014
5400	0.9994
5425	1.0028
5450	1.0023
5475	1.0036
5500	1.0038
5525	0.9952
5550	0.9973
5575	1.0007
5600	0.9964
5625	0.9977
5650	0.9995
5675	1.0064
5700	1.0019
5725	0.9966
5750	0.9961
5775	0.9955
5800	0.9915
5825	0.9871
5850	0.9890
5875	0.9924
5900	0.9889
5925	0.9864
5950	0.9853
5975	0.9913
6000	0.9898
6025	0.9860
6050	0.9868
6075	0.9877
6100	0.9871
6125	0.9864
6150	0.9863
6175	0.9873
6200	0.9896
6225	0.9923
6250	0.9913
6275	0.9894
6300	0.9892
6325	0.9874
6350	0.9846
6375	0.9868
6400	0.9911
6425	0.9891
6450	0.9868
6475	0.9869
6500	0.9863
6525	0.9850
6550	0.9840
6575	0.9811
6600	0.9769
6625	0.9825
6650	0.9893
6675	0.9813
6700	0.9831
6725	0.9843
6750	0.9838
6775	0.9847
6800	0.9792
6825	0.9806
6850	0.9799
6875	0.9814
6900	0.9801
6925	0.9654
6950	0.9766
6975	0.9782
7000	0.9747
7025	0.9751
7050	0.9754
7075	0.9779
7100	0.9769
7125	0.9757
7150	0.9770
7175	0.9741
7200	0.9721
7225	0.9680
7250	0.9714
7275	0.9703
7300	0.9700
7325	0.9723
7350	0.9711
7375	0.9732
7400	0.9730
7425	0.9745
7450	0.9744
7475	0.9737
7500	0.9733
7525	0.9748
7550	0.9744
7575	0.9748
7600	0.9761
7700	0.9804
7725	0.9714
7750	0.9677
7775	0.9687
7800	0.9621
7825	0.9676
7850	0.9671
7875	0.9646
7900	0.9638
7925	0.9672
7950	0.9590
7975	0.9668
8000	0.9675
8025	0.9632
8050	0.9633
8075	0.9625
8100	0.9617
8125	0.9615
8150	0.9554
8175	0.9479
8200	0.9535
8225	0.9499
8250	0.9564
8275	0.9520
8300	0.9561
8325	0.9482
8350	0.9578
8375	0.9512
8400	0.9548
8425	0.9590
8450	0.9523
8475	0.9576
8500	0.9459
8525	0.9595
8550	0.9458
8575	0.9626
8600	0.9543
8625	0.9562
8650	0.9553
8675	0.9537
8700	0.9623
8725	0.9602
8750	0.9510
8775	0.9500
8800	0.9470
8825	0.9523
8850	0.9590
8875	0.9496
8900	0.9517
8925	0.9466
8950	0.9486
8975	0.9443
9000	0.9345
9025	0.9476
9050	0.9473
9075	0.9321
9100	0.9408
9125	0.9558
9150	0.9477
9175	0.9418
9200	0.9520
9225	0.9507
9250	0.9379
