4350	0.7893
4475	0.7750
4525	0.7501
4550	0.8381
4600	0.8715
4625	0.8142
4650	0.8810
4675	0.7655
4700	0.9007
4725	0.9775
4750	0.8584
4775	0.8485
4800	0.8373
4825	0.8168
4850	0.8234
4875	0.8847
4900	0.9224
4925	0.8224
4950	0.9881
4975	0.8897
5000	0.8001
5025	1.0409
5050	0.9241
5075	0.9716
5100	0.9411
5125	1.0417
5150	0.9239
5175	0.8790
5200	0.9268
5225	0.9706
5250	1.0235
5275	1.0399
5300	1.0409
5325	0.9722
5350	1.0103
5375	0.9904
5400	0.9880
5425	0.9484
5450	0.9782
5475	1.0415
5500	0.9245
5525	0.9722
5550	1.0303
5575	0.9685
5600	0.9921
5625	0.9769
5650	0.9871
5675	0.9892
5700	0.9954
5725	1.0126
5750	1.0283
5775	1.0029
5800	1.0103
5825	1.0401
5850	1.0274
5875	1.0076
5900	1.0343
5925	1.0446
5950	1.0893
5975	1.0562
6000	1.0493
6025	1.0395
6050	1.0132
6075	1.0733
6100	1.0665
6125	1.0158
6150	1.0222
6175	1.0271
6200	1.0726
6225	1.0831
6250	1.0628
6275	1.0721
6300	1.0748
6325	1.0796
6350	1.0914
6375	1.0353
6400	1.0876
6425	1.0796
6450	1.0588
6475	1.1314
6500	1.1318
6525	1.1093
6550	1.0913
6575	1.0522
6600	1.1270
6625	1.1292
6650	1.0810
6675	1.1300
6700	1.1462
6725	1.1263
6750	1.1168
6775	1.1138
6800	1.1057
6825	1.1317
6850	1.1087
6875	1.1627
6900	1.1464
6925	1.1011
6950	1.1197
6975	1.1381
7000	1.1440
7025	1.1295
7050	1.1393
7075	1.1432
7100	1.1934
7125	1.2157
7150	1.1784
7175	1.1489
7200	1.2148
7225	1.2626
7250	1.1868
7275	1.2092
7300	1.1933
7325	1.2006
7350	1.2116
7375	1.2669
7400	1.2103
7425	1.2373
7450	1.2216
7475	1.2566
7500	1.2961
7525	1.2419
7550	1.2209
7575	1.2051
7600	1.1478
7625	1.2061
7650	1.1972
7675	1.2469
7700	1.1368
7725	1.1918
7750	1.1824
7775	1.2505
7800	1.2395
7825	1.2266
7850	1.2291
7875	1.2568
7900	1.2151
7925	1.2248
7950	1.2622
7975	1.2053
8000	1.1800
8025	1.1665
8050	1.1830
8075	1.2384
8100	1.2442
8125	1.2631
8150	1.2999
8175	1.3202
8200	1.2519
8225	1.2653
8250	1.2641
8275	1.2748
8300	1.2646
8325	1.2247
8350	1.2138
8375	1.3018
8400	1.2620
8425	1.3881
8450	1.2487
8475	1.2637
8500	1.2380
8525	1.2986
8550	1.2718
8575	1.2478
8600	1.3110
8625	1.3864
8650	1.3188
8675	1.2910
8700	1.2439
8725	1.3183
8750	1.3555
8775	1.2851
8800	1.2590
8825	1.3824
8850	1.3311
8875	1.2840
8900	1.2807
8925	1.2567
8950	1.3740
8975	1.3969
9000	1.3444
9025	1.3200
9050	1.3554
9075	1.4007
9100	1.4751
9125	1.4194
9150	1.3775
9175	1.4364
9200	1.4346
9225	1.3451
9250	1.3348
