    0.3850    0.8502    0.0462         1
    0.3875    0.8850    0.0306         1
    0.3900    0.8067    0.0303         1
    0.3925    0.9136    0.0589         1
    0.3950    0.7824    0.0532         1
    0.3975    0.8045    0.0399         1
    0.4000    0.8236    0.0314         1
    0.4025    0.8336    0.0369         1
    0.4050    0.8487    0.0498         1
    0.4075    0.8402    0.0430         1
    0.4100    0.8740    0.0393         1
    0.4125    0.8790    0.0368         1
    0.4150    0.8980    0.0388         1
    0.4175    0.8890    0.0407         1
    0.4200    0.8404    0.0392         1
    0.4225    0.8411    0.0398         1
    0.4250    0.9089    0.0415         1
    0.4275    0.8752    0.0425         1
    0.4300    0.9327    0.0712         1
    0.4325    0.8659    0.0626         1
    0.4350    0.8539    0.0585         1
    0.4375    0.8794    0.0569         1
    0.4400    0.8553    0.0429         1
    0.4425    0.8294    0.0390         1
    0.4450    0.8648    0.0382         1
    0.4475    0.8320    0.0368         1
    0.4500    0.8826    0.0362         1
    0.4525    0.9157    0.0375         1
    0.4550    0.8684    0.0371         1
    0.4575    0.8762    0.0363         1
    0.4600    0.8938    0.0362         1
    0.4625    0.9259    0.0353         1
    0.4650    0.9295    0.0377         1
    0.4675    0.9346    0.0408         1
    0.4700    0.9171    0.0407         1
    0.4725    0.9032    0.0411         1
    0.4750    0.9194    0.0424         1
    0.4775    0.9334    0.0403         1
    0.4800    0.9254    0.0403         1
    0.4825    0.9203    0.0417         1
    0.4850    0.9549    0.0465         1
    0.4875    0.9255    0.0483         1
    0.4900    0.9032    0.0458         1
    0.4925    0.9098    0.0467         1
    0.4950    0.9423    0.0456         1
    0.4975    0.9290    0.0517         1
    0.5000    0.9307    0.0537         1
    0.5025    0.9719    0.0514         1
    0.5050    0.9502    0.0508         1
    0.5075    0.9991    0.0545         1
    0.5100    0.9214    0.0516         1
    0.5125    0.9291    0.0481         1
    0.5150    0.9621    0.0514         1
    0.5175    0.9999    0.0572         1
    0.5200    0.9544    0.0715         1
    0.5325    0.9438    0.0109         1
    0.5350    0.9974    0.0068         1
    0.5375    1.0161    0.0069         1
    0.5400    1.0239    0.0073         1
    0.5425    1.0446    0.0077         1
    0.5450    0.9872    0.0098         1
    0.5475    0.9986    0.0108         1
    0.5500    1.0552    0.0099         1
    0.5525    1.0072    0.0086         1
    0.5550    1.0390    0.0095         1
    0.5575    0.9460    0.0135         1
    0.5600    1.0010    0.0140         1
    0.5625    0.9953    0.0101         1
    0.5650    0.9693    0.0099         1
    0.5675    0.9806    0.0125         1
    0.5700    0.9512    0.0134         1
    0.5725    1.0241    0.0115         1
    0.5750    0.9967    0.0105         1
    0.5775    1.0161    0.0118         1
    0.5800    1.0196    0.0122         1
    0.5825    1.0036    0.0117         1
    0.5850    1.0015    0.0120         1
    0.5875    0.9730    0.0158         1
    0.5900    0.9865    0.0182         1
    0.5925    1.0754    0.0162         1
    0.5950    0.9824    0.0131         1
    0.5975    1.0160    0.0128         1
    0.6000    1.0009    0.0123         1
    0.6025    1.0385    0.0120         1
    0.6050    1.0227    0.0115         1
    0.6075    1.0518    0.0113         1
    0.6100    1.0392    0.0116         1
    0.6125    1.0617    0.0153         1
    0.6150    1.0522    0.0159         1
    0.6175    1.0620    0.0159         1
    0.6200    1.0828    0.0119         1
    0.6225    1.0619    0.0121         1
    0.6250    1.0674    0.0125         1
    0.6275    1.0360    0.0129         1
    0.6300    1.0427    0.0136         1
    0.6325    1.0628    0.0133         1
    0.6350    1.0601    0.0123         1
    0.6375    1.0612    0.0122         1
    0.6400    1.0323    0.0117         1
    0.6425    1.0517    0.0115         1
    0.6450    1.0473    0.0118         1
    0.6475    1.0588    0.0122         1
    0.6500    1.0887    0.0126         1
    0.6525    1.0426    0.0127         1
    0.6550    0.9961    0.0131         1
    0.6575    1.1018    0.0231         1
    0.6600    1.0745    0.0218         1
    0.6625    1.0983    0.0218         1
    0.6650    1.0762    0.0228         1
    0.6800    1.1042    0.0278         1
    0.6825    1.0663    0.0156         1
    0.6900    1.0241    0.0162         1
    0.6925    1.0336    0.0162         1
    0.6950    1.0378    0.0162         1
    0.6975    1.0325    0.0156         1
    0.7000    1.0292    0.0151         1
    0.7025    1.0567    0.0150         1
    0.7050    1.0416    0.0148         1
    0.7075    1.0389    0.0148         1
    0.7100    1.0539    0.0146         1
    0.7125    1.0296    0.0146         1
    0.7150    1.0164    0.0147         1
    0.7175    0.9549    0.0147         1
    0.7200    1.0373    0.0156         1
    0.7225    1.0098    0.0191         1
    0.7250    0.9724    0.0224         1
    0.7275    0.9614    0.0228         1
    0.7300    1.0266    0.0234         1
    0.7325    1.0219    0.0233         1
    0.7350    1.0589    0.0232         1
    0.7375    1.0036    0.0217         1
    0.7400    1.0354    0.0203         1
    0.7425    1.0572    0.0193         1
    0.7450    1.0342    0.0194         1
    0.7475    1.0485    0.0199         1
    0.7500    1.0263    0.0210         1
    0.7525    1.0298    0.0209         1
    0.7550    1.0303    0.0214         1
    0.7625    0.9538    0.0316         1
    0.7650    1.0875    0.0244         1
    0.7675    1.0708    0.0225         1
    0.7700    0.9245    0.0267         1
    0.7725    1.0145    0.0301         1
    0.7750    1.1002    0.0286         1
    0.7775    1.0467    0.0285         1
    0.7800    1.0228    0.0279         1
    0.7825    1.0230    0.0295         1
    0.7850    1.0668    0.0310         1
    0.7875    0.9860    0.0304         1
    0.7900    0.9436    0.0307         1
    0.7925    1.0103    0.0310         1
    0.7950    1.0657    0.0293         1
    0.7975    0.9380    0.0296         1
    0.8000    1.0095    0.0296         1
    0.8025    1.0169    0.0266         1
    0.8050    1.0496    0.0247         1
    0.8075    1.0387    0.0224         1
    0.8100    1.0328    0.0211         1
    0.8125    0.9995    0.0206         1
    0.8150    0.9855    0.0217         1
    0.8175    1.0129    0.0273         1
    0.8200    0.9872    0.0279         1
    0.8225    1.0142    0.0241         1
    0.8250    0.9937    0.0239         1
    0.8275    1.0495    0.0328         1
    0.8300    1.0167    0.0341         1
    0.8375    0.9399    0.0364         1
    0.8400    0.9900    0.0373         1
    0.8425    0.9616    0.0383         1
    0.8450    1.0390    0.0367         1
    0.8475    1.0404    0.0322         1
    0.8500    0.9354    0.0298         1
    0.8525    0.9752    0.0286         1
    0.8575    1.0650    0.0244         1
    0.8600    1.0387    0.0284         1
    0.8625    0.9436    0.0329         1
    0.8650    1.0267    0.0379         1
    0.8675    0.9774    0.0330         1
    0.8700    1.0544    0.0269         1
    0.8725    0.9876    0.0445         1
    0.8750    0.8947    0.0425         1
    0.8775    1.0091    0.0453         1
    0.8800    1.0201    0.0733         1
    0.8825    0.9951    0.0761         1
    0.8850    1.0282    0.0758         1
    0.8875    0.9225    0.0460         1
    0.8900    0.9074    0.0501         1
    0.8925    0.9272    0.0491         1
    0.8950    0.9989    0.0445         1
    0.8975    0.9799    0.0437         1
    0.9000    1.0055    0.0391         1
    0.9025    0.9464    0.0350         1
    0.9050    0.8868    0.0330         1
    0.9075    1.0687    0.0327         1
    0.9100    0.9941    0.0310         1
    0.9125    0.8613    0.0313         1
    0.9150    1.0080    0.0327         1
    0.9175    1.0223    0.0321         1
    0.9225    1.0498    0.0754         1
    0.9250    0.9651    0.0758         1

    0.6500   -1.0000   -1.0000         0
    0.6550   -1.0000   -1.0000         0
    0.6600   -1.0000   -1.0000         0
    0.6650   -1.0000   -1.0000         0
    0.6700   -1.0000   -1.0000         0
    0.6750   -1.0000   -1.0000         0
    0.6800   -1.0000   -1.0000         0
    0.6850   -1.0000   -1.0000         0
    0.6900   -1.0000   -1.0000         0
    0.6950   -1.0000   -1.0000         0
    0.7000   -1.0000   -1.0000         0
    0.7050   -1.0000   -1.0000         0
    0.7100   -1.0000   -1.0000         0
    0.7150   -1.0000   -1.0000         0
    0.7200   -1.0000   -1.0000         0
    0.7250   -1.0000   -1.0000         0
    0.7300   -1.0000   -1.0000         0
    0.7350   -1.0000   -1.0000         0
    0.7400   -1.0000   -1.0000         0
    0.7450   -1.0000   -1.0000         0
    0.7500   -1.0000   -1.0000         0
    0.7550   -1.0000   -1.0000         0
    0.7600    0.9858    0.0275         4
    0.7650    1.0034    0.0256         4
    0.7700    0.9861    0.0242         4
    0.7750    1.0041    0.0235         4
    0.7800    0.9820    0.0231         4
    0.7850    0.9998    0.0246         4
    0.7900    0.9995    0.0242         4
    0.7950    1.0080    0.0221         4
    0.8000    0.9933    0.0232         4
    0.8050    1.0186    0.0233         4
    0.8100   -1.0000   -1.0000         0
    0.8150    0.9840    0.0245         4
    0.8200    1.0187    0.0236         4
    0.8250    1.0063    0.0219         4
    0.8300    1.0009    0.0232         4
    0.8350    0.9830    0.0216         4
    0.8400    1.0045    0.0240         4
    0.8450   -1.0000   -1.0000         0
    0.8500    1.0099    0.0230         4
    0.8550    0.9986    0.0216         4
    0.8600    0.9914    0.0214         4
    0.8650    0.9955    0.0206         4
    0.8700    0.9938    0.0206         4
    0.8750    0.9974    0.0225         4
    0.8800    0.9858    0.0215         4
    0.8850    0.9900    0.0200         4
    0.8900    0.9995    0.0203         4
    0.8950    1.0005    0.0197         4
    0.9000    1.0015    0.0186         4
    0.9050    0.9909    0.0182         4
    0.9100    0.9701    0.0180         4
    0.9150    0.9567    0.0183         4
    0.9200    0.9941    0.0188         4
    0.9250    1.0078    0.0192         4
    0.9300    1.0010    0.0211         4
    0.9350    0.9682    0.0191         4
    0.9400    0.9698    0.0180         4
    0.9450    0.9740    0.0191         4
    0.9500    0.9619    0.0183         4
    0.9550    0.9669    0.0170         4
    0.9600    1.0102    0.0217         4
    0.9650    1.0137    0.0177         3
    0.9700    0.9999    0.0164         4
    0.9750    0.9816    0.0170         4
    0.9800    0.9730    0.0170         4
    0.9850    0.9775    0.0180         4
    0.9900    0.9663    0.0167         4
    0.9950    0.9609    0.0170         4
    1.0000    0.9814    0.0171         4
    1.0050    0.9793    0.0171         4
    1.0100    0.9894    0.0183         4
    1.0150    0.9802    0.0163         4
    1.0200    0.9892    0.0161         4
    1.0250    0.9847    0.0168         4
    1.0300    0.9825    0.0173         4
    1.0350    0.9876    0.0191         4
    1.0400    0.9603    0.0209         4
    1.0450    0.9744    0.0187         4
    1.0500    0.9845    0.0171         4
    1.0550    0.9838    0.0165         4
    1.0600    0.9686    0.0178         4
    1.0650    0.9754    0.0201         4
    1.0700    0.9832    0.0174         4
    1.0750    0.9742    0.0180         4
    1.0800    0.9830    0.0175         4
    1.0850    0.9733    0.0187         4
    1.0900    1.0046    0.0192         4
    1.0950    1.0042    0.0179         4
    1.1000    0.9913    0.0186         4
    1.1050    0.9955    0.0180         4
    1.1100    0.9834    0.0175         4
    1.1150    0.9700    0.0184         4
    1.1200    0.9851    0.0187         4
    1.1250    0.9439    0.0198         4
    1.1300    0.9618    0.0200         4
    1.1350    0.9682    0.0190         4
    1.1400    0.9574    0.0199         4
    1.1450    0.9684    0.0190         4
    1.1500    0.9615    0.0180         4
    1.1550    0.9455    0.0202         4
    1.1600    0.9557    0.0177         4
    1.1650    0.9765    0.0180         4
    1.1700    0.9942    0.0197         4
    1.1750    0.9543    0.0176         4
    1.1800    0.9584    0.0197         4
    1.1850    0.9554    0.0188         4
    1.1900    0.9641    0.0202         4
    1.1950    0.9623    0.0195         4
    1.2000    0.9319    0.0198         4
    1.2050    0.9562    0.0206         4
    1.2100    0.9448    0.0205         4
    1.2150    0.9516    0.0196         4
    1.2200    0.9885    0.0198         4
    1.2250    0.9818    0.0196         4
    1.2300    0.9768    0.0194         4
    1.2350    0.9809    0.0196         2
    1.2400    0.9868    0.0199         4
    1.2450    0.9634    0.0198         4
    1.2500    0.9611    0.0190         4
    1.2550    0.9637    0.0193         4
    1.2600    0.9500    0.0185         4
    1.2650    0.9398    0.0194         4
    1.2700    0.9404    0.0204         4
    1.2750    0.9469    0.0197         4
    1.2800    0.9493    0.0209         4
    1.2850    0.9417    0.0183         4
    1.2900    0.9296    0.0188         4
    1.2950    0.9075    0.0196         4
    1.3000    0.9274    0.0196         4
    1.3050   -1.0000   -1.0000         0
    1.3100   -1.0000   -1.0000         0
    1.3150    0.9142    0.0205         4
    1.3200    0.9385    0.0200         4
    1.3250    0.9244    0.0202         4
    1.3300    0.9471    0.0187         4
    1.3350    0.9680    0.0199         4
    1.3400    0.9493    0.0220         4
    1.3450    0.9488    0.0253         4
    1.3500   -1.0000   -1.0000         0
    1.3550    0.9145    0.0290         2
    1.3600    0.9007    0.0357         2
    1.3650   -1.0000   -1.0000         0
    1.3700    0.9180    0.0350         4
    1.3750    0.9384    0.0333         1
    1.3800    0.9541    0.0340         4
    1.3850    0.9531    0.0388         4
    1.3900    0.9428    0.0318         1
    1.3950    0.9498    0.0278         4
    1.4000   -1.0000   -1.0000         0
    1.4050    0.9471    0.0325         4
    1.4100    0.9145    0.0320         4
    1.4150    0.9337    0.0257         4
    1.4200    0.9554    0.0282         3
    1.4250    0.9052    0.0248         4
    1.4300    0.8793    0.0219         4
    1.4350    0.8993    0.0235         4
    1.4400    0.9242    0.0239         4
    1.4450    0.9064    0.0229         4
    1.4500    0.9327    0.0239         4
    1.4550    0.9636    0.0233         4
    1.4600    0.9477    0.0203         4
    1.4650    0.8828    0.0208         4
    1.4700    0.9343    0.0218         4
    1.4750    0.9086    0.0210         4
    1.4800    0.9200    0.0227         4
    1.4850   -1.0000   -1.0000         0
    1.4900    0.9585    0.0196         4
    1.4950    0.9096    0.0189         4
    1.5000    0.9032    0.0202         4
    1.5050    0.8969    0.0204         4
    1.5100    0.9553    0.0212         4
    1.5150   -1.0000   -1.0000         0
    1.5200    0.9254    0.0193         4
    1.5250    0.9242    0.0191         4
    1.5300    0.9290    0.0204         4
    1.5350    0.9001    0.0200         4
    1.5400    0.8981    0.0215         4
    1.5450    0.9015    0.0213         4
    1.5500    0.9075    0.0202         4
    1.5550    0.9430    0.0217         4
    1.5600    0.9552    0.0206         4
    1.5650    0.9733    0.0204         4
    1.5700    0.9668    0.0210         4
    1.5750    0.9540    0.0202         4
    1.5800   -1.0000   -1.0000         0
    1.5850   -1.0000   -1.0000         0
    1.5900    0.9429    0.0197         4
    1.5950    0.9331    0.0201         4
    1.6000    0.9386    0.0207         4
    1.6050    0.9053    0.0206         4
    1.6100    0.9540    0.0210         4
    1.6150    0.9170    0.0197         4
    1.6200    0.8815    0.0185         4
    1.6250    0.9417    0.0225         4
    1.6300    0.9844    0.0212         4
    1.6350    0.9384    0.0209         4
    1.6400    0.9051    0.0205         4
    1.6450    0.9330    0.0206         4
    1.6500    0.9260    0.0214         4
    1.6550    0.9673    0.0236         4
    1.6600    0.9804    0.0243         4
    1.6650    0.9985    0.0223         4
    1.6700   -1.0000   -1.0000         0
    1.6750    0.9515    0.0241         4
    1.6800    0.9023    0.0214         4
    1.6850    0.9448    0.0215         4
    1.6900    0.9676    0.0244         4
    1.6950    0.8611    0.0229         4
    1.7000    0.9250    0.0234         4
    1.7050    0.9890    0.0245         4
    1.7100    0.9305    0.0234         4
    1.7150    0.9451    0.0230         4
    1.7200   -1.0000   -1.0000         0
    1.7250    0.9727    0.0239         4
    1.7300    0.9406    0.0261         4
    1.7350    0.9036    0.0264         4
    1.7400    0.9161    0.0269         4
    1.7450    0.9316    0.0269         4
    1.7500    0.8781    0.0258         4
    1.7550    0.9048    0.0240         4
    1.7600    0.9786    0.0277         4
    1.7650    1.0035    0.0253         4
    1.7700   -1.0000   -1.0000         0
    1.7750   -1.0000   -1.0000         0
    1.7800   -1.0000   -1.0000         0
    1.7850   -1.0000   -1.0000         0
    1.7900   -1.0000   -1.0000         0
    1.7950   -1.0000   -1.0000         0
    1.8000    1.0143    0.0292         4
    1.8050    0.9798    0.0311         4
    1.8100    0.9693    0.0341         4
    1.8150    0.9139    0.0355         4
    1.8200    0.9009    0.0383         4
    1.8250    0.9728    0.0395         4
    1.8300    1.0108    0.0417         4
    1.8350    0.9131    0.0557         4
    1.8400    0.8967    0.0588         4
    1.8450    1.0150    0.0616         4
    1.8500    0.8871    0.0536         3
    1.8550    1.0284    0.0583         1
    1.8600    0.9411    0.0566         4
    1.8650    0.9923    0.0541         3
    1.8700    0.8999    0.0687         3
    1.8750   -1.0000   -1.0000         0
    1.8800   -1.0000   -1.0000         0
    1.8850    0.9960    0.0480         4
    1.8900    0.8860    0.0410         4
    1.8950    0.9302    0.0489         4
    1.9000    0.9509    0.0579         4
    1.9050    0.9035    0.0543         4
    1.9100    0.8633    0.0515         4
    1.9150    0.8883    0.0489         4
    1.9200    0.9379    0.0488         4
    1.9250    0.9994    0.0451         4
    1.9300    0.9429    0.0426         4
    1.9350    0.8503    0.0385         4
    1.9400    0.8983    0.0393         4
    1.9450    0.9560    0.0395         4
    1.9500    0.9553    0.0402         4
    1.9550    0.9664    0.0398         4
    1.9600    1.0195    0.0446         4
    1.9650    0.9846    0.0402         4
    1.9700    0.9561    0.0361         4
    1.9750    0.9903    0.0372         4
    1.9800    0.8760    0.0326         4
    1.9850    0.8569    0.0338         4
    1.9900    0.9136    0.0322         4
    1.9950    0.8998    0.0370         3
    2.0000    0.8559    0.0459         3
    2.0050    0.8911    0.0489         3
    2.0100    0.9655    0.0597         4
    2.0150    0.9526    0.0506         4
    2.0200    0.8916    0.0454         4
    2.0250    0.8647    0.0358         4
    2.0300    0.9704    0.0338         4
    2.0350   -1.0000   -1.0000         0
    2.0400    0.9863    0.0369         4
    2.0450    0.9305    0.0360         4
    2.0500    0.8950    0.0393         4
    2.0550    0.8884    0.0383         4
    2.0600    0.9760    0.0404         4
    2.0650    1.0125    0.0420         4
    2.0700    0.9302    0.0420         4
    2.0750    0.9225    0.0391         4
    2.0800    0.9828    0.0431         4
    2.0850   -1.0000   -1.0000         0
    2.0900    1.0106    0.0354         4
    2.0950    0.9903    0.0385         4
    2.1000    1.0348    0.0370         4
    2.1050    0.9655    0.0372         4
    2.1100    0.8593    0.0357         4
    2.1150   -1.0000   -1.0000         0
    2.1200    0.8680    0.0344         4
    2.1250    0.9872    0.0359         4
    2.1300    0.9842    0.0370         4
    2.1350    0.9028    0.0358         4
    2.1400    0.8797    0.0344         4
    2.1450    0.9274    0.0397         4
    2.1500    0.9836    0.0377         4
    2.1550   -1.0000   -1.0000         0
    2.1600    0.9255    0.0398         4
    2.1650    1.0231    0.0405         4
    2.1700    0.9432    0.0406         4
    2.1750    0.9810    0.0427         4
    2.1800   -1.0000   -1.0000         0
    2.1850    1.0174    0.0433         4
    2.1900    0.9783    0.0436         4
    2.1950    0.8859    0.0441         4
    2.2000    0.8763    0.0437         4
    2.2050    0.9794    0.0424         4
    2.2100    1.0210    0.0472         4
    2.2150    0.8704    0.0425         4
    2.2200    0.9162    0.0429         4
    2.2250    1.0657    0.0475         4
    2.2300    1.0565    0.0460         4
    2.2350    0.9578    0.0476         4
    2.2400    0.9143    0.0441         4
    2.2450    0.9524    0.0468         4
    2.2500    1.0519    0.0484         4
    2.2550    1.0632    0.0431         4
    2.2600    0.9027    0.0448         3
    2.2650    1.0419    0.0496         1
    2.2700    0.9401    0.0460         4
    2.2750    0.9206    0.0482         4
    2.2800    0.9903    0.0490         3
    2.2850   -1.0000   -1.0000         0
    2.2900   -1.0000   -1.0000         0
    2.2950   -1.0000   -1.0000         0
    2.3000    1.0825    0.0489         4
    2.3050    1.0529    0.0473         4
    2.3100    1.0231    0.0490         4
    2.3150    0.9993    0.0533         4
    2.3200    0.9790    0.0489         4
    2.3250    1.0631    0.0512         4
    2.3300    0.9587    0.0506         4
    2.3350    0.9527    0.0614         3
    2.3400   -1.0000   -1.0000         0
    2.3450   -1.0000   -1.0000         0
    2.3500    1.0662    0.0524         4
    2.3550   -1.0000   -1.0000         0
    2.3600    1.0188    0.0515         3
    2.3650   -1.0000   -1.0000         0
    2.3700    0.9818    0.0525         3
    2.3750   -1.0000   -1.0000         0
    2.3800   -1.0000   -1.0000         0
    2.3850   -1.0000   -1.0000         0
    2.3900   -1.0000   -1.0000         0
    2.3950    1.1227    0.0622         1
    2.4000    1.1265    0.0608         1
    2.4050    0.9449    0.0545         4
    2.4100    1.0264    0.0627         3
    2.4150   -1.0000   -1.0000         0
    2.4200   -1.0000   -1.0000         0
    2.4250    1.0744    0.0592         4
    2.4300   -1.0000   -1.0000         0
    2.4350    1.0493    0.0615         1
    2.4400    0.9194    0.0631         4
    2.4450    0.9938    0.0651         4
    2.4500    0.8846    0.0622         2
    2.4550   -1.0000   -1.0000         0
    2.4600    1.1068    0.0686         3
    2.4650    1.1716    0.0841         1
    2.4700    0.8937    0.0743         1
    2.4750   -1.0000   -1.0000         0
    2.4800   -1.0000   -1.0000         0
    2.4850   -1.0000   -1.0000         0
    2.4900    1.1118    0.0948         1
