350  0.569054   0.0241859
402  0.600564   0.0239839
453  0.637653   0.0260714
506  0.650044   0.0253119
549  0.649476   0.0258560
599  0.641847   0.0296400
651  0.645660   0.0284870
702  0.618009   0.0271362
753  0.616170   0.0272745
797  0.610286   0.0272360
849  0.607019   0.0276168
900  0.610816   0.0280369
951  0.619403   0.0286504
1010 0.582345   0.0295187
1047 0.551960   0.0367672
1130 0.579053   0.0220572
1212 0.568676   0.0338122
1294 0.559587   0.0323566
1376 0.593850   0.0344379
1458 0.506004   0.0248322
1540 0.412173   0.0162736
1590 0.498095   0.0220240
1754 0.585954   0.0318192
1787 0.593281   0.0324892
1820 0.600577   0.0329484
1869 0.573316   0.0301976
1951 0.320622   0.0122829
2034 0.260975   0.00900118
2050 0.258220   0.00888691
2116 0.412938   0.0178824
2199 0.557964   0.0289449
2282 0.494094   0.0233164
2367 0.401933   0.0160691
2450 0.347701   0.0129177
2532 0.323388   0.0112093
2615 0.280972   0.00966723
2696 0.131379   0.00340836
2781 0.0188240  0.00118498
2866 0.00929229 0.000749389
2947 0.0108443  0.000567713
3029 0.00836773 0.000610162
3112 0.0141117  0.000640664
3197 0.0150830  0.000690692
3282 0.0450745  0.00130244
3365 0.0864166  0.00296179
3448 0.129110   0.00500415
3530 0.153852   0.00574320
3613 0.153867   0.00568420
3699 0.138335   0.00475493
3784 0.107828   0.00329340
3861 0.0871152  0.00704379
3947 0.0714928  0.00191227
4029 0.0589616  0.00195421
4114 0.0481161  0.00187207
4198 0.0417028  0.00180547
4278 0.0337870  0.00190491
4366 0.0287593  0.00209433
4447 0.0273988  0.00214976
4533 0.0302125  0.00638157
4620 0.0346577  0.00261570
4702 0.0415696  0.00309834
4786 0.0489468  0.00300470
4869 0.0519387  0.00308774
4953 0.0567377  0.00415756
5040 0.0541138  0.00412723
