350  0.878931   0.0291541
402  0.868410   0.0263120
453  0.899159   0.0278268
506  0.909894   0.0266856
549  0.887595   0.0275526
599  0.886070   0.0283470
651  0.875807   0.0250636
702  0.847247   0.0235811
753  0.842410   0.0250520
797  0.827022   0.0251166
849  0.813137   0.0239556
900  0.818532   0.0239915
951  0.823289   0.0228267
1010 0.796628   0.0287063
1047 0.803527   0.0306524
1130 0.826933   0.0323137
1212 0.745118   0.0328385
1294 0.702882   0.0320546
1376 0.726244   0.0329749
1458 0.537241   0.0284273
1540 0.386892   0.0211993
1590 0.483202   0.0263920
1754 0.657102   0.0334150
1787 0.662681   0.0339311
1820 0.669113   0.0340544
1869 0.606893   0.0318272
1951 0.285615   0.0160506
2034 0.217333   0.0125851
2050 0.221016   0.0123626
2116 0.372775   0.0212201
2199 0.573896   0.0300574
2282 0.511676   0.0257108
2367 0.378581   0.0197919
2450 0.326319   0.0167679
2532 0.300071   0.0154617
2615 0.272141   0.0136445
2696 0.112191   0.00653588
2781 0.0146191  0.00209419
2866 0.00958769 0.00115591
2947 0.0125162  0.00130964
3029 0.00968945 0.00127630
3112 0.0193915  0.00206476
3197 0.0171737  0.00177083
3282 0.0557142  0.00319722
3365 0.100871   0.00601119
3448 0.142726   0.00781532
3530 0.155371   0.00776950
3613 0.150878   0.00766498
3699 0.134250   0.00763070
3784 0.101522   0.00620469
3861 0.0713970  0.0160138
3947 0.0618074  0.00514304
4029 0.0506756  0.00548291
4114 0.0457759  0.00420847
4198 0.0356618  0.00447185
4278 0.0288412  0.00501954
4366 0.0243086  0.00569822
4447 0.0233647  0.00533797
4533 0.0273640  0.0139897
4620 0.0340532  0.00780880
4702 0.0360671  0.0123696
4786 0.0472307  0.00917058
4869 0.0500730  0.00870447
4953 0.0575194  0.0133943
5040 0.0585442  0.0154851
