350  0.534362   0.0372414
402  0.632356   0.0205091
453  0.659615   0.0189060
506  0.658717   0.0225513
549  0.649537   0.0413843
599  0.634896   0.0177909
651  0.658532   0.0182773
702  0.636657   0.0183432
753  0.630439   0.0169427
797  0.625471   0.0167822
849  0.625474   0.0154952
900  0.607891   0.0169955
951  0.629705   0.0159384
1010 0.628934   0.0175826
1047 0.648290   0.0279353
1130 0.667918   0.0267349
1212 0.643991   0.0257534
1294 0.630714   0.0250366
1376 0.643200   0.0230410
1458 0.510982   0.172917
1540 0.344405   0.0108894
1590 0.431843   0.0121689
1754 0.582456   0.0170482
1787 0.607270   0.0182339
1820 0.602263   0.0177354
1869 0.551903   0.0153743
1951 0.255196   0.00936507
2034 0.190336   0.00797768
2050 0.192872   0.00779414
2116 0.336612   0.0110215
2199 0.528483   0.0147410
2282 0.459437   0.0126247
2367 0.343513   0.0108672
2450 0.294315   0.00958281
2532 0.266797   0.00906125
2615 0.233088   0.00842628
2696 0.0918798  0.00529498
2781 0.0138359  0.00194283
2866 0.00652901 0.0019874
2947 0.00343152 0.0010992
3029 0.0137495  0.00222218
3112 0.0211174  0.00264720
3197 0.0176703  0.00255559
3282 0.0394597  0.00359761
3365 0.0801127  0.00489257
3448 0.126794   0.00575553
3530 0.148055   0.00587300
3613 0.141083   0.00671708
3699 0.123169   0.00760139
3784 0.0931164  0.00597939
3861 0.0761850  0.0236173
3947 0.0612005  0.00627396
4029 0.0964293  0.00333442
4114 0.0379139  0.00566453
4198 0.0381774  0.00615595
4278 0.0272350  0.00808886
4366 0.0240649  0.00595989
4447 0.0235719  0.00911423
4533 0.0243647  0.0125463
4620 0.0331182  0.0125372
4702 0.0374945  0.0105603
4786 0.0368585  0.0127449
4869 0.0458377  0.0127171
4953 0.0838533  0.0147530
5040 0.0213654  0.00878035
