350  0.512044   0.0351535
402  0.540246   0.0400253
453  0.598151   0.0445684
506  0.594842   0.0467737
549  0.596226   0.0470739
599  0.610461   0.0730245
651  0.606040   0.0475247
702  0.611581   0.0479941
753  0.594847   0.0464900
797  0.594794   0.0462435
849  0.601416   0.0468344
900  0.603978   0.0467907
951  0.614548   0.0484755
1010 0.606242   0.0456210
1047 0.579522   0.0540204
1130 0.582691   0.0554518
1212 0.569393   0.0542274
1294 0.583598   0.0509265
1376 0.539758   0.0485621
1458 0.505369   0.0370631
1540 0.345474   0.0242264
1590 0.411901   0.0305545
1754 0.567597   0.0466196
1787 0.570110   0.0470016
1820 0.579828   0.0475787
1869 0.539053   0.0430928
1951 0.256180   0.0181021
2034 0.188211   0.0139837
2050 0.186490   0.0136991
2116 0.306109   0.0226653
2199 0.496728   0.0379226
2282 0.464609   0.0333652
2367 0.335619   0.0221905
2450 0.287433   0.0183897
2532 0.261896   0.0160561
2615 0.231030   0.0141255
2696 0.104691   0.00632273
2781 0.0156109  0.00134050
2866 0.00829627 0.000786979
2947 0.0102901  0.000784749
3029 0.00763761 0.000830174
3112 0.0150120  0.00132555
3197 0.0141761  0.00112444
3282 0.0279771  0.00176146
3365 0.0506577  0.00385778
3448 0.0797381  0.00650617
3530 0.0970469  0.00826045
3613 0.100410   0.00835900
3699 0.0926928  0.00741652
3784 0.0735067  0.00543037
3861 0.0631079  0.00954394
3947 0.0491730  0.00344771
4029 0.0396739  0.00322359
4114 0.0333062  0.00281417
4198 0.0281470  0.00272554
4278 0.0219414  0.00250828
4366 0.0190158  0.00260720
4447 0.0168486  0.00253435
4533 0.0189400  0.00482484
4620 0.0217010  0.00336745
4702 0.0281346  0.00413315
4786 0.0304752  0.00455458
4869 0.0349120  0.00463767
4953 0.0391132  0.00566360
5040 0.0401744  0.00608593
