350  0.696788   0.0367416
402  0.690351   0.0345137
453  0.747063   0.0330661
506  0.735376   0.0303450
549  0.736281   0.0308483
599  0.766672   0.0319447
651  0.751931   0.0301970
702  0.715489   0.0281358
753  0.712496   0.0289675
797  0.704906   0.0283116
849  0.710181   0.0309207
900  0.706356   0.0303812
951  0.726834   0.0298228
1010 0.712688   0.0334241
1047 0.715061   0.0313833
1130 0.694860   0.0291354
1212 0.692184   0.0257540
1294 0.694908   0.0254327
1376 0.716679   0.0292815
1458 0.580022   0.0251992
1540 0.458733   0.0193721
1590 0.561942   0.0241582
1754 0.696297   0.0297546
1787 0.708552   0.0304631
1820 0.722356   0.0312046
1869 0.669557   0.0291147
1951 0.329679   0.0148678
2034 0.268282   0.0121947
2050 0.268394   0.0121236
2116 0.466660   0.0195273
2199 0.656896   0.0240751
2282 0.550887   0.0232737
2367 0.437617   0.0181402
2450 0.372489   0.0158142
2532 0.343304   0.0140890
2615 0.297348   0.0126408
2696 0.114462   0.00635488
2781 0.0165311  0.00111513
2866 0.0101379  0.000839111
2947 0.0119934  0.000875564
3029 0.00880047 0.00105424
3112 0.0180165  0.00126783
3197 0.0174447  0.00108889
3282 0.0496506  0.00246093
3365 0.0805788  0.00460558
3448 0.111169   0.00656156
3530 0.116072   0.00703646
3613 0.109853   0.00702651
3699 0.102701   0.00630851
3784 0.0885122  0.00502491
3861 0.0691256  0.00961470
3947 0.0601500  0.00363437
4029 0.0494466  0.00335559
4114 0.0426249  0.00309645
4198 0.0322586  0.00285395
4278 0.0314696  0.00328079
4366 0.0255910  0.00308873
4447 0.0235604  0.00335721
4533 0.0296437  0.0106761
4620 0.0319490  0.00435908
4702 0.0367381  0.00510127
4786 0.0384862  0.00492297
4869 0.0382403  0.00536156
4953 0.0423836  0.00757406
5040 0.0430713  0.00732141
