303.934502  0.343195
310.863158  0.354602
312.152687  0.379029
316.824669  0.360703
319.357671  0.384113
325.211721  0.401440
331.491065  0.419259
337.677163  0.433337
343.561916  0.455132
350.316589  0.477621
357.521573  0.505557
360.850662  0.539706
363.450675  0.519058
367.766160  0.549860
374.520833  0.561921
378.380646  0.592399
379.023949  0.564385
385.215732  0.623655
385.215732  0.596630
389.155958  0.605822
391.782775  0.635586
398.725078  0.653678
405.560164  0.674105
410.433178  0.693948
416.962695  0.703753
422.084988  0.724588
423.829945  0.702585
429.362344  0.712123
429.433822  0.741026
434.187111  0.714115
436.438668  0.742534
442.855607  0.751959
449.385125  0.758535
455.576908  0.764371
463.457360  0.786743
469.423988  0.794330
476.403816  0.815340
483.721379  0.823122
488.224494  0.811138
490.476051  0.835475
496.605292  0.838296
503.824572  0.850190
510.126009  0.848553
514.680296  0.833043
517.173092  0.861362
520.872079  0.846855
525.938084  0.848606
527.626752  0.875306
533.818536  0.873702
540.573209  0.881289
547.327882  0.887514
554.082555  0.891210
560.837227  0.894712
567.591900  0.896073
574.346573  0.903077
581.101246  0.909497
587.855919  0.913582
594.610592  0.917278
601.365265  0.922336
608.119938  0.923503
614.874611  0.925449
621.629283  0.928951
628.383956  0.933230
635.138629  0.936148
641.893302  0.937121
648.647975  0.940817
655.402648  0.940234
662.157321  0.938483
668.911994  0.941401
675.666667  0.944903
682.421340  0.943152
689.176012  0.947043
695.930685  0.948988
702.685358  0.948599
709.440031  0.950544
716.194704  0.951712
722.949377  0.951128
729.704050  0.952101
736.458723  0.953268
743.213396  0.955797
749.968069  0.954241
756.722741  0.952879
763.477414  0.955408
770.232087  0.952879
776.986760  0.955797
783.741433  0.959882
790.496106  0.960077
797.250779  0.961633
804.005452  0.961049
810.760125  0.958326
817.514798  0.964551
824.269470  0.960660
831.024143  0.963384
837.778816  0.964746
844.533489  0.968831
851.288162  0.972333
858.042835  0.968053
864.797508  0.967664
871.552181  0.975834
877.904790  0.975918
885.061526  0.979920
891.816199  0.982060
898.570872  0.983616
905.325545  0.982838
912.080218  0.982838
918.834891  0.983616
925.589564  0.982254
932.344237  0.982643
939.098910  0.987701
945.853583  0.990619
952.608255  0.990619
959.443341  0.990091
966.117601  0.996650
973.274338  0.994760
979.314231  0.999114
983.379543  0.987896
988.633178  1.004432
995.387850  1.002097
