301.720470  0.308365
304.609969  0.334589
310.753505  0.347328
315.980335  0.344938
318.231893  0.371396
323.973364  0.388282
330.115113  0.409525
337.128894  0.423532
337.370132  0.400187
343.306057  0.451333
343.561916  0.427034
350.316589  0.481018
356.990849  0.504071
360.073339  0.524498
360.850662  0.550260
364.951713  0.537921
367.653583  0.561499
374.520833  0.578482
377.898170  0.598500
382.401285  0.623647
383.527064  0.599979
388.593069  0.636406
392.050818  0.663648
398.469219  0.680641
405.479751  0.698999
409.419977  0.722473
415.611760  0.733782
421.991173  0.729347
422.084988  0.751378
428.933476  0.735961
429.458840  0.767749
430.970600  0.718341
434.187111  0.747633
436.157224  0.773847
443.193341  0.785633
449.385125  0.789070
455.576908  0.798084
463.457360  0.817667
469.393284  0.824848
476.484229  0.846070
483.823722  0.852861
486.648403  0.837899
490.476051  0.864357
496.386390  0.866496
503.824572  0.878252
510.126009  0.877055
514.117407  0.868539
517.173092  0.889758
521.354556  0.878752
527.063863  0.895580
533.255646  0.902097
540.573209  0.906377
547.327882  0.915326
554.082555  0.921162
560.837227  0.925053
567.591900  0.926803
574.346573  0.934585
581.101246  0.938670
587.855919  0.942561
594.610592  0.944312
601.365265  0.947814
608.119938  0.950537
614.874611  0.952677
621.629283  0.955595
628.383956  0.959097
635.138629  0.960653
641.893302  0.962015
648.647975  0.962988
655.402648  0.963377
662.157321  0.961237
668.911994  0.963766
675.666667  0.964739
682.421340  0.964349
689.176012  0.964933
695.930685  0.967462
702.685358  0.965711
709.440031  0.967657
716.194704  0.968435
722.949377  0.967268
729.704050  0.966100
736.458723  0.967462
743.213396  0.969213
749.968069  0.966878
756.722741  0.966295
763.477414  0.968435
770.232087  0.965517
776.986760  0.968629
783.741433  0.971158
790.496106  0.971158
797.250779  0.971158
804.005452  0.970964
810.760125  0.969213
817.514798  0.973104
824.269470  0.972131
831.024143  0.971547
837.778816  0.974076
844.533489  0.975633
851.288162  0.975633
858.042835  0.976411
864.797508  0.974271
871.552181  0.981469
878.306854  0.982052
885.061526  0.984776
891.816199  0.987110
898.570872  0.985943
905.325545  0.986916
912.080218  0.990029
918.834891  0.990223
925.589564  0.989834
932.344237  0.988278
939.098910  0.993530
945.853583  0.991779
952.608255  0.993919
959.362928  0.995087
966.198014  0.995809
972.872274  1.000145
979.626947  1.002090
986.381620  1.002090
993.136293  1.000145
997.639408  1.000145
