303.903798  0.390362
310.673092  0.409856
317.106114  0.423362
323.860787  0.446837
331.178349  0.475693
337.209307  0.498899
343.749546  0.521929
349.190810  0.547867
354.819704  0.574519
360.307876  0.598009
367.444509  0.621959
374.408255  0.637549
381.162928  0.662295
386.597370  0.688112
392.050818  0.673484
393.546495  0.703265
398.162188  0.689880
398.537448  0.728140
405.761195  0.746977
412.234424  0.772948
419.391160  0.785538
425.897285  0.790828
430.809774  0.781703
432.435899  0.800508
439.253115  0.813801
446.007788  0.820221
452.762461  0.829559
459.517134  0.842982
466.271807  0.854849
473.026480  0.868272
479.781153  0.881890
486.535826  0.889477
493.290498  0.894340
500.045171  0.899398
506.799844  0.903289
513.956581  0.899093
519.746301  0.904262
527.063863  0.915156
533.818536  0.918269
540.573209  0.924299
547.327882  0.924105
554.082555  0.920992
560.555783  0.918269
567.591900  0.918074
574.346573  0.917880
581.101246  0.917296
588.137364  0.917685
594.610592  0.925078
601.365265  0.918852
608.119938  0.913600
614.874611  0.908542
621.629283  0.904846
628.383956  0.910682
635.138629  0.905818
641.893302  0.905040
648.037383  0.927132
648.037383  0.891860
648.392116  0.908825
655.724299  0.905012
655.887850  0.937984
655.887850  0.883721
662.157321  0.909904
668.911994  0.913989
675.666667  0.913211
682.421340  0.913016
689.176012  0.912627
695.930685  0.912433
702.685358  0.913794
709.440031  0.913794
716.194704  0.914572
722.949377  0.915934
729.704050  0.917296
736.458723  0.916323
743.213396  0.915545
749.968069  0.916712
756.722741  0.914572
763.477414  0.916907
770.232087  0.915351
776.986760  0.916323
783.741433  0.918658
790.496106  0.921770
797.250779  0.921965
804.005452  0.922743
810.760125  0.925078
817.514798  0.926828
824.269470  0.929552
831.024143  0.929747
837.778816  0.934026
844.533489  0.932665
851.288162  0.938987
854.552921  0.922237
857.254790  0.942781
863.609186  0.931886
866.486176  0.921187
869.059385  0.945949
876.457360  0.942947
882.407905  0.948117
889.564642  0.950368
896.319315  0.952118
903.073988  0.955620
909.265771  0.953286
916.583333  0.958733
923.338006  0.960095
930.092679  0.961651
937.410241  0.955620
943.602025  0.966320
950.018964  0.966009
957.424087  0.969368
963.678414  0.969368
970.170405  0.971845
977.563019  0.988400
984.532126  0.988303
990.321846  0.998516
996.513629  0.994722
