303.934502  0.290776
311.055053  0.318760
316.824669  0.340937
322.735008  0.374641
327.801012  0.410144
332.545366  0.437797
337.209307  0.468979
341.310358  0.498805
346.001103  0.532639
351.201129  0.561357
354.819704  0.593594
359.773131  0.622970
366.077492  0.654290
371.465148  0.673744
377.335280  0.700941
382.776545  0.724713
386.904400  0.750133
392.533294  0.735462
393.546495  0.766889
398.162188  0.759341
399.931269  0.797971
406.605530  0.819211
413.360202  0.850580
420.565187  0.862369
426.531815  0.870189
430.246885  0.892406
433.061332  0.875092
437.001558  0.899215
443.756231  0.905440
450.510903  0.918279
457.265576  0.929563
464.020249  0.948627
470.774922  0.959716
477.529595  0.976252
484.284268  0.992593
491.038941  0.998624
497.793614  1.001931
504.548287  1.010880
511.302960  1.008545
517.870003  1.005887
524.530861  1.015451
531.566978  1.024303
538.321651  1.030723
545.076324  1.032085
551.830997  1.026482
558.585670  1.023233
564.890031  1.019012
571.532126  1.012971
578.849688  1.019440
585.791991  1.021190
592.359034  1.032863
599.113707  1.027221
605.868380  1.020801
612.623053  1.012679
618.975662  1.005572
626.132399  1.007184
632.645833  1.009240
639.641745  1.007378
646.846729  1.013642
652.728923  1.012242
659.905763  1.013409
666.660436  1.013603
673.415109  1.014576
680.169782  1.014187
686.924455  1.014771
693.679128  1.012825
700.433801  1.014771
707.188474  1.013798
713.943146  1.013798
720.697819  1.012047
727.452492  1.010685
734.207165  1.011269
740.961838  1.010102
747.716511  1.009324
754.471184  1.008545
761.225857  1.007573
767.980530  1.006405
774.735202  1.005238
781.489875  1.004655
788.244548  1.004071
794.999221  1.003098
801.753894  1.003293
808.508567  1.004460
815.263240  1.004071
822.017913  1.004460
828.772586  1.004266
835.527259  1.004460
842.281931  1.004655
849.036604  1.004460
855.791277  1.002515
862.545950  1.002515
869.300623  1.002320
876.055296  1.002709
882.809969  1.000764
889.564642  1.000375
896.319315  1.001153
903.073988  1.000958
909.828660  1.003098
916.583333  1.003876
923.338006  1.003098
930.092679  1.003682
936.847352  1.002904
943.602025  1.003098
950.356698  1.002126
957.111371  1.003682
963.866044  1.001737
970.620717  1.001231
977.375389  1.000764
984.130062  1.000958
990.884735  1.000958
995.387850  1.003487
