100  0.099  0.045
110  0.117  0.075
120  0.214  0.415
130  0.120  nan
140  0.010  nan
150  0.123  nan
160  0.161  nan
170  0.269  nan
180  0.364  nan
190  0.481  nan
200  0.562  nan
210  0.600  nan
220  0.659  nan
230  0.686  nan
240  0.549  nan
250  0.334  nan
260  0.183  nan
270  0.424  nan
280  0.404  0.184
290  0.265  nan
300  0.337  0.123
310  0.376  0.066
320  0.399  0.049
330  0.411  0.052
340  0.436  0.039
350  0.457  nan
360  0.469  0.033
370  0.484  0.039
380  0.499  nan
390  0.519  nan
400  0.527  nan
410  0.544  nan
420  0.569  nan
430  0.586  nan
440  0.596  nan
450  0.607  nan
460  0.628  nan
470  0.645  nan
480  0.661  nan
490  0.680  0.033
500  0.683  0.039
510  0.698  nan
520  0.711  0.029
530  0.724  0.037
540  0.720  0.038
550  0.728  0.054
560  0.751  0.073
570  0.763  0.049
580  0.762  nan
590  0.759  0.062
600  0.746  0.066
610  0.758  0.093
620  0.743  0.084
630  0.765  nan
640  0.727  nan
650  0.732  0.044
660  0.741  0.065
670  0.761  0.066
680  0.785  0.042
690  0.779  0.036
700  0.746  0.048
710  0.736  nan
720  0.554  nan
730  0.515  nan
740  0.675  nan
750  0.751  0.064
760  0.728  nan
770  0.690  nan
780  0.607  nan
790  0.540  0.059
800  0.584  nan
810  0.666  nan
820  0.716  nan
830  0.709  0.070
840  0.645  nan
850  0.581  nan
860  0.476  nan
870  0.402  nan
880  0.258  nan
890  0.121  nan
900  0.289  nan
910  0.462  nan
920  0.588  nan
930  0.653  nan
940  0.673  nan
950  0.655  nan
960  0.488  nan
970  0.391  nan
980  0.220  nan
990  0.135  nan
1000  0.134  nan
1010  0.158  nan
1020  0.198  nan
1030  0.316  nan
1040  0.468  nan
1050  0.582  0.203
1060  0.704  nan
1070  0.694  0.103
1080  0.664  0.085
1090  0.598  nan
1100  0.479  nan
1110  0.347  nan
1120  0.224  nan
1130  0.144  nan
1140  0.078  nan
1150  0.074  nan
1160  0.116  nan
1170  0.150  nan
1180  0.189  nan
1190  0.230  nan
1200  0.264  nan
1210  0.299  nan
1220  0.358  nan
1230  0.424  nan
1240  0.481  nan
1250  0.544  nan
1260  0.587  0.069
1270  0.597  0.086
1280  0.563  nan
1290  0.482  nan
1300  0.381  nan
1310  0.282  nan
1320  0.195  nan
1330  0.119  nan
1340  0.075  nan
1350  0.046  nan
1360  0.035  nan
1370  0.033  nan
1380  0.027  nan
1390  0.025  nan
1400  0.031  nan
1410  0.050  nan
1420  0.076  nan
1430  0.108  nan
1440  0.136  nan
1450  0.163  nan
1460  0.180  nan
1470  0.201  nan
1480  0.231  nan
1490  0.258  nan
1500  0.276  nan
1510  0.302  nan
1520  0.335  nan
1530  0.384  nan
1540  0.438  nan
1550  0.500  nan
1560  0.553  nan
1570  0.591  nan
1580  0.634  0.097
1590  0.670  0.073
1600  0.637  nan
1610  0.576  nan
1620  0.483  nan
1630  0.357  nan
1640  0.220  nan
1650  0.116  nan
1660  0.050  nan
1670  0.042  nan
1680  0.037  nan
1690  0.030  nan
1700  0.025  nan
1710  0.018  nan
1720  0.016  nan
1730  0.026  nan
1740  0.032  nan
1750  0.033  nan
1760  0.024  nan
1770  0.019  nan
1780  0.021  nan
1790  0.032  nan
1800  0.050  nan
1810  0.066  nan
1820  0.081  nan
1830  0.097  nan
1840  0.114  nan
1850  0.142  nan
1860  0.185  nan
1870  0.231  nan
1880  0.270  0.034
1890  0.266  nan
1900  0.237  nan
1910  0.188  nan
1920  0.161  nan
1930  0.153  nan
1940  0.139  nan
1950  0.129  nan
1960  0.126  nan
1970  0.123  nan
1980  0.117  nan
1990  0.112  nan
2000  0.105  nan
2010  0.094  nan
2020  0.080  nan
2030  0.068  nan
2040  0.060  nan
2050  0.047  nan
2060  0.038  nan
2070  0.028  nan
2080  0.019  nan
2090  0.017  nan
2100  0.019  nan
2110  0.019  nan
2120  0.018  nan
2130  0.019  nan
2140  0.021  nan
2150  0.018  nan
2160  0.016  nan
2170  0.015  nan
2180  0.015  nan
2190  0.015  nan
2200  0.015  nan
2210  0.015  nan
2220  0.015  nan
2230  0.015  nan
2240  0.015  nan
2250  0.015  nan
2260  0.015  nan
2270  0.015  nan
2280  0.015  nan
2290  0.015  nan
2300  0.015  nan
2310  0.014  nan
2320  0.013  nan
2330  0.012  nan
2340  0.015  nan
2350  0.015  nan
2360  0.015  nan
2370  0.015  nan
2380  0.015  nan
2390  0.015  nan
2400  0.015  nan
2410  0.015  nan
2420  0.015  nan
2430  0.015  nan
2440  0.012  nan
2450  0.015  nan
2460  0.022  nan
2470  0.025  nan
2480  0.029  nan
2490  0.034  nan
2500  0.039  nan
2510  0.044  nan
2520  0.046  nan
2530  0.046  nan
2540  0.043  nan
2550  0.037  nan
2560  0.031  nan
2570  0.024  nan
2580  0.038  nan
2590  0.078  nan
2600  0.112  nan
2610  0.148  nan
2620  0.194  nan
2630  0.236  nan
2640  0.266  nan
2650  0.310  nan
2660  0.347  0.031
2670  0.370  0.051
2680  0.393  nan
2690  0.409  0.027
2700  0.424  0.048
2710  0.434  0.038
2720  0.434  0.038
2730  0.429  nan
2740  0.422  0.041
2750  0.408  0.040
2760  0.395  0.023
2770  0.361  nan
2780  0.329  nan
2790  0.299  nan
2800  0.256  nan
2810  0.214  nan
2820  0.176  nan
2830  0.150  nan
2840  0.129  nan
2850  0.116  nan
2860  0.107  nan
2870  0.103  nan
2880  0.094  nan
2890  0.083  nan
2900  0.073  nan
2910  0.068  nan
2920  0.065  nan
2930  0.061  nan
2940  0.053  nan
2950  0.048  nan
2960  0.046  nan
2970  0.044  nan
2980  0.046  nan
2990  0.046  nan
3000  0.048  nan
3010  0.053  nan
3020  0.054  nan
3030  0.054  nan
3040  0.052  nan
3050  0.055  nan
3060  0.055  nan
3070  0.053  nan
3080  0.054  nan
3090  0.055  nan
3100  0.052  nan
3110  0.048  nan
3120  0.048  nan
3130  0.046  nan
3140  0.041  nan
3150  0.037  nan
3160  0.031  nan
3170  0.026  nan
3180  0.019  nan
3190  0.014  nan
3200  0.015  nan
3210  0.015  nan
3220  0.015  nan
3230  0.015  nan
3240  0.015  nan
3250  0.015  nan
3260  0.015  nan
3270  0.015  nan
3280  0.015  nan
3290  0.015  nan
3300  0.015  nan
3310  0.015  nan
3320  0.015  nan
3330  0.015  nan
3340  0.015  nan
3350  0.015  nan
3360  0.015  nan
3370  0.015  nan
3380  0.015  nan
3390  0.015  nan
3400  0.015  nan
3410  0.015  nan
3420  0.015  nan
3430  0.015  nan
3440  0.015  nan
3450  0.015  nan
3460  0.015  nan
3470  0.015  nan
3480  0.015  nan
3490  0.016  nan
3500  0.017  nan
3510  0.017  nan
3520  0.015  nan
3530  0.015  nan
3540  0.015  nan
3550  0.015  nan
3560  0.015  nan
3570  0.015  nan
3580  0.015  nan
3590  0.015  nan
3600  0.015  nan
3610  0.015  nan
3620  0.015  nan
3630  0.015  nan
3640  0.015  nan
3650  0.015  nan
3660  0.019  nan
3670  0.023  nan
3680  0.023  nan
3690  0.023  nan
3700  0.023  nan
3710  0.023  nan
3720  0.023  nan
3730  0.023  nan
3740  0.019  nan
3750  0.017  nan
3760  0.017  nan
3770  0.017  nan
3780  0.015  nan
3790  0.015  nan
3800  0.015  nan
3810  0.015  nan
3820  0.018  nan
3830  0.019  nan
3840  0.019  nan
3850  0.025  nan
3860  0.025  nan
3870  0.025  nan
3880  0.027  nan
3890  0.025  nan
3900  0.024  nan
3910  0.023  nan
3920  0.028  nan
3930  0.031  nan
3940  0.035  nan
3950  0.038  nan
3960  0.041  nan
3970  0.046  nan
3980  0.056  nan
3990  0.064  nan
4000  0.071  nan
