100  0.071  0.036
110  0.081  nan
120  0.157  nan
130  0.087  nan
140  0.064  nan
150  0.098  nan
160  0.127  nan
170  0.201  nan
180  0.277  nan
190  0.365  nan
200  0.426  nan
210  0.457  nan
220  0.497  nan
230  0.520  nan
240  0.415  nan
250  0.248  nan
260  0.231  nan
270  0.324  nan
280  0.310  nan
290  0.251  nan
300  0.257  0.083
310  0.283  0.048
320  0.301  0.027
330  0.308  nan
340  0.320  nan
350  0.338  nan
360  0.353  nan
370  0.370  nan
380  0.388  nan
390  0.408  nan
400  0.423  nan
410  0.440  nan
420  0.470  nan
430  0.490  nan
440  0.505  nan
450  0.527  nan
460  0.542  nan
470  0.555  nan
480  0.569  nan
490  0.577  0.027
500  0.592  nan
510  0.604  0.023
520  0.610  0.032
530  0.622  nan
540  0.615  0.024
550  0.622  0.037
560  0.638  0.045
570  0.650  0.024
580  0.647  0.030
590  0.636  0.038
600  0.630  nan
610  0.596  0.060
620  0.580  nan
630  0.614  nan
640  0.603  0.053
650  0.594  0.040
660  0.601  0.035
670  0.609  0.036
680  0.623  0.019
690  0.608  nan
700  0.580  nan
710  0.563  nan
720  0.429  nan
730  0.395  nan
740  0.525  0.093
750  0.578  nan
760  0.557  nan
770  0.526  nan
780  0.462  nan
790  0.417  nan
800  0.449  nan
810  0.517  nan
820  0.549  nan
830  0.536  nan
840  0.497  nan
850  0.430  nan
860  0.357  nan
870  0.309  nan
880  0.212  nan
890  0.085  nan
900  0.227  nan
910  0.361  nan
920  0.448  nan
930  0.493  nan
940  0.505  nan
950  0.480  nan
960  0.360  nan
970  0.273  nan
980  0.158  nan
990  0.097  nan
1000  0.108  nan
1010  0.117  nan
1020  0.159  nan
1030  0.242  nan
1040  0.339  nan
1050  0.429  0.128
1060  0.509  nan
1070  0.496  0.075
1080  0.488  0.066
1090  0.461  nan
1100  0.393  nan
1110  0.305  nan
1120  0.217  nan
1130  0.132  nan
1140  0.076  nan
1150  0.049  nan
1160  0.072  nan
1170  0.091  nan
1180  0.114  nan
1190  0.132  nan
1200  0.155  nan
1210  0.175  nan
1220  0.206  nan
1230  0.247  nan
1240  0.298  nan
1250  0.354  nan
1260  0.387  0.053
1270  0.401  0.059
1280  0.388  0.031
1290  0.339  nan
1300  0.273  nan
1310  0.204  nan
1320  0.149  nan
1330  0.088  nan
1340  0.061  nan
1350  0.033  nan
1360  0.025  nan
1370  0.021  nan
1380  0.018  nan
1390  0.017  nan
1400  0.016  nan
1410  0.027  nan
1420  0.042  nan
1430  0.058  nan
1440  0.073  nan
1450  0.087  nan
1460  0.101  nan
1470  0.113  nan
1480  0.118  nan
1490  0.126  nan
1500  0.131  nan
1510  0.145  nan
1520  0.162  nan
1530  0.192  nan
1540  0.233  nan
1550  0.278  nan
1560  0.331  nan
1570  0.366  0.044
1580  0.414  nan
1590  0.437  0.088
1600  0.458  0.031
1610  0.429  nan
1620  0.371  nan
1630  0.280  nan
1640  0.165  nan
1650  0.079  nan
1660  0.029  nan
1670  0.023  nan
1680  0.023  nan
1690  0.020  nan
1700  0.016  nan
1710  0.011  nan
1720  0.010  nan
1730  0.015  nan
1740  0.019  nan
1750  0.018  nan
1760  0.015  nan
1770  0.014  nan
1780  0.011  nan
1790  0.022  nan
1800  0.032  nan
1810  0.042  nan
1820  0.052  nan
1830  0.060  nan
1840  0.065  nan
1850  0.080  nan
1860  0.107  nan
1870  0.128  nan
1880  0.149  0.030
1890  0.156  nan
1900  0.139  0.031
1910  0.115  nan
1920  0.090  nan
1930  0.077  nan
1940  0.065  nan
1950  0.062  nan
1960  0.061  nan
1970  0.058  nan
1980  0.055  nan
1990  0.052  nan
2000  0.050  nan
2010  0.046  nan
2020  0.040  nan
2030  0.035  nan
2040  0.032  nan
2050  0.025  nan
2060  0.020  nan
2070  0.017  nan
2080  0.015  nan
2090  0.010  nan
2100  0.010  nan
2110  0.010  nan
2120  0.010  nan
2130  0.010  nan
2140  0.010  nan
2150  0.010  nan
2160  0.010  nan
2170  0.009  nan
2180  0.008  nan
2190  0.008  nan
2200  0.008  nan
2210  0.008  nan
2220  0.008  nan
2230  0.008  nan
2240  0.008  nan
2250  0.008  nan
2260  0.008  nan
2270  0.008  nan
2280  0.008  nan
2290  0.008  nan
2300  0.008  nan
2310  0.008  nan
2320  0.008  nan
2330  0.008  nan
2340  0.008  nan
2350  0.008  nan
2360  0.008  nan
2370  0.008  nan
2380  0.008  nan
2390  0.008  nan
2400  0.008  nan
2410  0.008  nan
2420  0.008  nan
2430  0.008  nan
2440  0.008  nan
2450  0.011  nan
2460  0.013  nan
2470  0.017  nan
2480  0.019  nan
2490  0.023  nan
2500  0.025  nan
2510  0.025  nan
2520  0.023  nan
2530  0.023  nan
2540  0.023  nan
2550  0.022  nan
2560  0.017  nan
2570  0.010  nan
2580  0.024  nan
2590  0.042  nan
2600  0.065  nan
2610  0.092  nan
2620  0.110  nan
2630  0.132  nan
2640  0.159  nan
2650  0.182  nan
2660  0.200  0.018
2670  0.224  nan
2680  0.234  0.021
2690  0.246  0.021
2700  0.249  0.035
2710  0.259  0.031
2720  0.263  0.027
2730  0.255  0.023
2740  0.245  nan
2750  0.234  0.036
2760  0.233  nan
2770  0.209  nan
2780  0.185  nan
2790  0.164  nan
2800  0.137  nan
2810  0.112  nan
2820  0.086  nan
2830  0.068  nan
2840  0.059  nan
2850  0.052  nan
2860  0.047  nan
2870  0.045  nan
2880  0.041  nan
2890  0.039  nan
2900  0.032  nan
2910  0.029  nan
2920  0.027  nan
2930  0.025  nan
2940  0.024  nan
2950  0.022  nan
2960  0.019  nan
2970  0.021  nan
2980  0.021  nan
2990  0.021  nan
3000  0.021  nan
3010  0.021  nan
3020  0.023  nan
3030  0.023  nan
3040  0.023  nan
3050  0.022  nan
3060  0.022  nan
3070  0.023  nan
3080  0.022  nan
3090  0.025  nan
3100  0.024  nan
3110  0.023  nan
3120  0.023  nan
3130  0.022  nan
3140  0.019  nan
3150  0.018  nan
3160  0.016  nan
3170  0.014  nan
3180  0.010  nan
3190  0.009  nan
3200  0.008  nan
3210  0.008  nan
3220  0.008  nan
3230  0.008  nan
3240  0.008  nan
3250  0.008  nan
3260  0.008  nan
3270  0.008  nan
3280  0.008  nan
3290  0.008  nan
3300  0.008  nan
3310  0.008  nan
3320  0.008  nan
3330  0.008  nan
3340  0.008  nan
3350  0.008  nan
3360  0.008  nan
3370  0.008  nan
3380  0.008  nan
3390  0.008  nan
3400  0.008  nan
3410  0.008  nan
3420  0.008  nan
3430  0.008  nan
3440  0.008  nan
3450  0.008  nan
3460  0.008  nan
3470  0.008  nan
3480  0.008  nan
3490  0.008  nan
3500  0.008  nan
3510  0.008  nan
3520  0.008  nan
3530  0.008  nan
3540  0.011  nan
3550  0.008  nan
3560  0.008  nan
3570  0.008  nan
3580  0.008  nan
3590  0.011  nan
3600  0.008  nan
3610  0.008  nan
3620  0.010  nan
3630  0.010  nan
3640  0.010  nan
3650  0.010  nan
3660  0.010  nan
3670  0.010  nan
3680  0.012  nan
3690  0.010  nan
3700  0.013  nan
3710  0.012  nan
3720  0.012  nan
3730  0.010  nan
3740  0.010  nan
3750  0.010  nan
3760  0.010  nan
3770  0.010  nan
3780  0.010  nan
3790  0.010  nan
3800  0.010  nan
3810  0.010  nan
3820  0.010  nan
3830  0.010  nan
3840  0.010  nan
3850  0.013  nan
3860  0.014  nan
3870  0.014  nan
3880  0.016  nan
3890  0.014  nan
3900  0.014  nan
3910  0.014  nan
3920  0.014  nan
3930  0.019  nan
3940  0.021  nan
3950  0.023  nan
3960  0.028  nan
3970  0.031  nan
3980  0.038  nan
3990  0.045  nan
4000  0.035  nan
