 300.4 .2889
 300.8 .2932
 301.2 .2931
 301.6 .2927
 302.0 .2979
 302.4 .2969
 302.8 .2920
 303.2 .2883
 303.6 .2851
 304.0 .2849
 304.4 .2872
 304.8 .2856
 305.2 .2856
 305.6 .2857
 306.0 .2840
 306.4 .2809
 306.8 .2797
 307.2 .2802
 307.6 .2804
 308.0 .2811
 308.4 .2798
 308.8 .2785
 309.2 .2786
 309.6 .2795
 310.0 .2804
 310.4 .2753
 310.8 .2704
 311.2 .2704
 311.6 .2723
 312.0 .2736
 312.4 .2730
 312.8 .2728
 313.2 .2726
 313.6 .2716
 314.0 .2713
 314.4 .2740
 314.8 .2706
 315.2 .2692
 315.6 .2736
 316.0 .2750
 316.4 .2701
 316.8 .2688
 317.2 .2682
 317.6 .2707
 318.0 .2750
 318.4 .2731
 318.8 .2707
 319.2 .2735
 319.6 .2725
 320.0 .2695
 320.4 .2693
 320.8 .2721
 321.2 .2761
 321.6 .2728
 322.0 .2711
 322.4 .2742
 322.8 .2763
 323.2 .2739
 323.6 .2737
 324.0 .2713
 324.4 .2715
 324.8 .2741
 325.2 .2724
 325.6 .2697
 326.0 .2706
 326.4 .2725
 326.8 .2716
 327.2 .2720
 327.6 .2718
 328.0 .2734
 328.4 .2736
 328.8 .2743
 329.2 .2715
 329.6 .2718
 330.0 .2725
 330.4 .2762
 330.8 .2768
 331.2 .2754
 331.6 .2760
 332.0 .2760
 332.4 .2776
 332.8 .2772
 333.2 .2784
 333.6 .2805
 334.0 .2787
 334.4 .2768
 334.8 .2774
 335.2 .2770
 335.6 .2776
 336.0 .2856
 336.4 .2816
 336.8 .2834
 337.2 .2845
 337.6 .2796
 338.0 .2826
 338.4 .2798
 338.8 .2799
 339.2 .2827
 339.6 .2812
 340.0 .2787
 340.4 .2809
 340.8 .2822
 341.2 .2828
 341.6 .2843
 342.0 .2814
 342.4 .2840
 342.8 .2819
 343.2 .2813
 343.6 .2836
 344.0 .2896
 344.4 .2909
 344.8 .2857
 345.2 .2858
 345.6 .2874
 346.0 .2896
 346.4 .2868
 346.8 .2871
 347.2 .2885
 347.6 .2913
 348.0 .2864
 348.4 .2882
 348.8 .2892
 349.2 .2928
 349.6 .2904
 350.0 .2879
 350.4 .2880
 350.8 .2903
 351.2 .2913
 351.6 .2901
 352.0 .2913
 352.4 .2973
 352.8 .2937
 353.2 .2916
 353.6 .2919
 354.0 .2918
 354.4 .2921
 354.8 .2923
 355.2 .2941
 355.6 .2949
 356.0 .2939
 356.4 .2965
 356.8 .3020
 357.2 .3001
 357.6 .2990
 358.0 .3057
 358.4 .3063
 358.8 .3018
 359.2 .2966
 359.6 .2968
 360.0 .2975
 360.4 .3026
 360.8 .3045
 361.2 .3035
 361.6 .3026
 362.0 .3044
 362.4 .2994
 362.8 .3005
 363.2 .3057
 363.6 .3016
 364.0 .3011
 364.4 .3053
 364.8 .3065
 365.2 .3023
 365.6 .3011
 366.0 .3012
 366.4 .3025
 366.8 .3033
 367.2 .3044
 367.6 .3056
 368.0 .3076
 368.4 .3062
 368.8 .3073
 369.2 .3046
 369.6 .3066
 370.0 .3071
 370.4 .3125
 370.8 .3130
 371.2 .3079
 371.6 .3106
 372.0 .3172
 372.4 .3125
 372.8 .3125
 373.2 .3177
 373.6 .3217
 374.0 .3158
 374.4 .3219
 374.8 .3229
 375.2 .3148
 375.6 .3144
 376.0 .3205
 376.4 .3187
 376.8 .3185
 377.2 .3160
 377.6 .3158
 378.0 .3167
 378.4 .3178
 378.8 .3210
 379.2 .3207
 379.6 .3223
 380.0 .3204
 380.4 .3180
 380.8 .3216
 381.2 .3228
 381.6 .3280
 382.0 .3275
 382.4 .3305
 382.8 .3344
 383.2 .3332
 383.6 .3339
 384.0 .3305
 384.4 .3243
 384.8 .3253
 385.2 .3274
 385.6 .3298
 386.0 .3320
 386.4 .3288
 386.8 .3314
 387.2 .3317
 387.6 .3286
 388.0 .3326
 388.4 .3326
 388.8 .3342
 389.2 .3318
 389.6 .3343
 390.0 .3367
 390.4 .3367
 390.8 .3337
 391.2 .3327
 391.6 .3352
 392.0 .3372
 392.4 .3398
 392.8 .3481
 393.2 .3568
 393.6 .3498
 394.0 .3429
 394.4 .3439
 394.8 .3418
 395.2 .3414
 395.6 .3429
 396.0 .3462
 396.4 .3558
 396.8 .3604
 397.2 .3494
 397.6 .3434
 398.0 .3433
 398.4 .3443
 398.8 .3435
 399.2 .3435
 399.6 .3447
 400.0 .3459
 400.4 .3468
 400.8 .3469
 401.2 .3452
 401.6 .3463
 402.0 .3460
 402.4 .3462
 402.8 .3478
 403.2 .3514
 403.6 .3504
 404.0 .3520
 404.4 .3555
 404.8 .3548
 405.2 .3532
 405.6 .3554
 406.0 .3551
 406.4 .3567
 406.8 .3559
 407.2 .3587
 407.6 .3595
 408.0 .3589
 408.4 .3576
 408.8 .3583
 409.2 .3593
 409.6 .3622
 410.0 .3633
 410.4 .3616
 410.8 .3609
 411.2 .3638
 411.6 .3639
 412.0 .3653
 412.4 .3657
 412.8 .3672
 413.2 .3678
 413.6 .3679
 414.0 .3694
 414.4 .3727
 414.8 .3713
 415.2 .3731
 415.6 .3724
 416.0 .3710
 416.4 .3720
 416.8 .3746
 417.2 .3754
 417.6 .3757
 418.0 .3767
 418.4 .3783
 418.8 .3783
 419.2 .3781
 419.6 .3800
 420.0 .3808
 420.4 .3786
 420.8 .3789
 421.2 .3805
 421.6 .3811
 422.0 .3830
 422.4 .3865
 422.8 .3875
 423.2 .3838
 423.6 .3871
 424.0 .3848
 424.4 .3849
 424.8 .3871
 425.2 .3886
 425.6 .3893
 426.0 .3892
 426.4 .3881
 426.8 .3914
 427.2 .3949
 427.6 .3918
 428.0 .3924
 428.4 .3946
 428.8 .3942
 429.2 .3946
 429.6 .3962
 430.0 .4008
 430.4 .4014
 430.8 .4022
 431.2 .3978
 431.6 .3935
 432.0 .3972
 432.4 .4008
 432.8 .3971
 433.2 .3960
 433.6 .3986
 434.0 .4004
 434.4 .3963
 434.8 .3987
 435.2 .4022
 435.6 .4007
 436.0 .4013
 436.4 .4016
 436.8 .4020
 437.2 .4032
 437.6 .4051
 438.0 .4066
 438.4 .4111
 438.8 .4070
 439.2 .4078
 439.6 .4072
 440.0 .4079
 440.4 .4086
 440.8 .4069
 441.2 .4068
 441.6 .4089
 442.0 .4075
 442.4 .4099
 442.8 .4112
 443.2 .4128
 443.6 .4130
 444.0 .4108
 444.4 .4130
 444.8 .4128
 445.2 .4143
 445.6 .4162
 446.0 .4159
 446.4 .4170
 446.8 .4165
 447.2 .4161
 447.6 .4173
 448.0 .4187
 448.4 .4187
 448.8 .4181
 449.2 .4199
 449.6 .4201
 450.0 .4197
 450.4 .4201
 450.8 .4206
 451.2 .4216
 451.6 .4225
 452.0 .4227
 452.4 .4244
 452.8 .4267
 453.2 .4256
 453.6 .4250
 454.0 .4247
 454.4 .4266
 454.8 .4273
 455.2 .4273
 455.6 .4277
 456.0 .4277
 456.4 .4279
 456.8 .4280
 457.2 .4285
 457.6 .4292
 458.0 .4309
 458.4 .4309
 458.8 .4307
 459.2 .4319
 459.6 .4325
 460.0 .4327
 460.4 .4334
 460.8 .4332
 461.2 .4330
 461.6 .4339
 462.0 .4348
 462.4 .4351
 462.8 .4355
 463.2 .4363
 463.6 .4376
 464.0 .4384
 464.4 .4389
 464.8 .4403
 465.2 .4389
 465.6 .4392
 466.0 .4393
 466.4 .4417
 466.8 .4431
 467.2 .4415
 467.6 .4421
 468.0 .4423
 468.4 .4429
 468.8 .4436
 469.2 .4436
 469.6 .4432
 470.0 .4445
 470.4 .4457
 470.8 .4459
 471.2 .4460
 471.6 .4459
 472.0 .4452
 472.4 .4466
 472.8 .4475
 473.2 .4479
 473.6 .4483
 474.0 .4492
 474.4 .4483
 474.8 .4476
 475.2 .4480
 475.6 .4491
 476.0 .4498
 476.4 .4513
 476.8 .4514
 477.2 .4512
 477.6 .4513
 478.0 .4520
 478.4 .4533
 478.8 .4539
 479.2 .4537
 479.6 .4534
 480.0 .4544
 480.4 .4541
 480.8 .4551
 481.2 .4548
 481.6 .4546
 482.0 .4548
 482.4 .4558
 482.8 .4550
 483.2 .4548
 483.6 .4539
 484.0 .4541
 484.4 .4528
 484.8 .4509
 485.2 .4513
 485.6 .4540
 486.0 .4542
 486.4 .4555
 486.8 .4574
 487.2 .4612
 487.6 .4602
 488.0 .4617
 488.4 .4634
 488.8 .4646
 489.2 .4654
 489.6 .4640
 490.0 .4646
 490.4 .4650
 490.8 .4651
 491.2 .4665
 491.6 .4670
 492.0 .4705
 492.4 .4682
 492.8 .4684
 493.2 .4694
 493.6 .4696
 494.0 .4694
 494.4 .4683
 494.8 .4690
 495.2 .4699
 495.6 .4710
 496.0 .4719
 496.4 .4715
 496.8 .4726
 497.2 .4719
 497.6 .4727
 498.0 .4740
 498.4 .4745
 498.8 .4729
 499.2 .4739
 499.6 .4739
 500.0 .4745
 500.4 .4743
 500.8 .4753
 501.2 .4758
 501.6 .4773
 502.0 .4767
 502.4 .4766
 502.8 .4764
 503.2 .4760
 503.6 .4770
 504.0 .4774
 504.4 .4781
 504.8 .4778
 505.2 .4788
 505.6 .4773
 506.0 .4782
 506.4 .4781
 506.8 .4785
 507.2 .4786
 507.6 .4794
 508.0 .4800
 508.4 .4799
 508.8 .4795
 509.2 .4801
 509.6 .4802
 510.0 .4818
 510.4 .4808
 510.8 .4822
 511.2 .4817
 511.6 .4823
 512.0 .4837
 512.4 .4848
 512.8 .4850
 513.2 .4852
 513.6 .4859
 514.0 .4878
 514.4 .4883
 514.8 .4886
 515.2 .4884
 515.6 .4881
 516.0 .4880
 516.4 .4899
 516.8 .4944
 517.2 .4943
 517.6 .4941
 518.0 .4929
 518.4 .4963
 518.8 .4920
 519.2 .4920
 519.6 .4903
 520.0 .4903
 520.4 .4924
 520.8 .4931
 521.2 .4917
 521.6 .4919
 522.0 .4915
 522.4 .4915
 522.8 .4942
 523.2 .4927
 523.6 .4935
 524.0 .4920
 524.4 .4927
 524.8 .4933
 525.2 .4941
 525.6 .4945
 526.0 .4948
 526.4 .4976
 526.8 .4988
 527.2 .4998
 527.6 .4989
 528.0 .4979
 528.4 .4981
 528.8 .4963
 529.2 .4964
 529.6 .4964
 530.0 .4976
 530.4 .4973
 530.8 .4974
 531.2 .4967
 531.6 .4967
 532.0 .4973
 532.4 .4989
 532.8 .5002
 533.2 .4996
 533.6 .4990
 534.0 .4990
 534.4 .4992
 534.8 .4994
 535.2 .4994
 535.6 .4987
 536.0 .4971
 536.4 .4966
 536.8 .4970
 537.2 .4985
 537.6 .4969
 538.0 .4958
 538.4 .4950
 538.8 .4944
 539.2 .4940
 539.6 .4920
 540.0 .4907
 540.4 .4886
 540.8 .4874
 541.2 .4841
 541.6 .4811
 542.0 .4788
 542.4 .4785
 542.8 .4785
 543.2 .4795
 543.6 .4802
 544.0 .4826
 544.4 .4856
 544.8 .4902
 545.2 .4928
 545.6 .4977
 546.0 .4993
 546.4 .5023
 546.8 .5030
 547.2 .5050
 547.6 .5070
 548.0 .5084
 548.4 .5091
 548.8 .5078
 549.2 .5057
 549.6 .5030
 550.0 .5000
 550.4 .4985
 550.8 .4998
 551.2 .5030
 551.6 .5060
 552.0 .5042
 552.4 .4998
 552.8 .4996
 553.2 .5028
 553.6 .5052
 554.0 .5061
 554.4 .5071
 554.8 .5083
 555.2 .5090
 555.6 .5105
 556.0 .5115
 556.4 .5131
 556.8 .5140
 557.2 .5145
 557.6 .5153
 558.0 .5159
 558.4 .5158
 558.8 .5163
 559.2 .5170
 559.6 .5186
 560.0 .5181
 560.4 .5189
 560.8 .5190
 561.2 .5185
 561.6 .5181
 562.0 .5189
 562.4 .5193
 562.8 .5199
 563.2 .5200
 563.6 .5195
 564.0 .5196
 564.4 .5211
 564.8 .5210
 565.2 .5210
 565.6 .5202
 566.0 .5203
 566.4 .5206
 566.8 .5205
 567.2 .5202
 567.6 .5195
 568.0 .5180
 568.4 .5169
 568.8 .5162
 569.2 .5167
 569.6 .5174
 570.0 .5177
 570.4 .5186
 570.8 .5183
 571.2 .5184
 571.6 .5184
 572.0 .5179
 572.4 .5166
 572.8 .5159
 573.2 .5152
 573.6 .5151
 574.0 .5148
 574.4 .5142
 574.8 .5138
 575.2 .5134
 575.6 .5142
 576.0 .5137
 576.4 .5144
 576.8 .5150
 577.2 .5152
 577.6 .5154
 578.0 .5162
 578.4 .5176
 578.8 .5190
 579.2 .5194
 579.6 .5197
 580.0 .5217
 580.4 .5218
 580.8 .5223
 581.2 .5228
 581.6 .5237
 582.0 .5247
 582.4 .5249
 582.8 .5247
 583.2 .5244
 583.6 .5244
 584.0 .5250
 584.4 .5245
 584.8 .5240
 585.2 .5242
 585.6 .5243
 586.0 .5245
 586.4 .5244
 586.8 .5243
 587.2 .5235
 587.6 .5220
 588.0 .5203
 588.4 .5208
 588.8 .5184
 589.2 .5199
 589.6 .5196
 590.0 .5217
 590.4 .5220
 590.8 .5216
 591.2 .5201
 591.6 .5196
 592.0 .5195
 592.4 .5200
 592.8 .5202
 593.2 .5206
 593.6 .5208
 594.0 .5195
 594.4 .5173
 594.8 .5164
 595.2 .5181
 595.6 .5185
 596.0 .5182
 596.4 .5182
 596.8 .5186
 597.2 .5186
 597.6 .5181
 598.0 .5190
 598.4 .5200
 598.8 .5200
 599.2 .5199
 599.6 .5201
 600.0 .5212
 600.4 .5225
 600.8 .5231
 601.2 .5230
 601.6 .5228
 602.0 .5217
 602.4 .5210
 602.8 .5201
 603.2 .5195
 603.6 .5196
 604.0 .5206
 604.4 .5220
 604.8 .5231
 605.2 .5224
 605.6 .5204
 606.0 .5197
 606.4 .5194
 606.8 .5196
 607.2 .5201
 607.6 .5199
 608.0 .5194
 608.4 .5186
 608.8 .5185
 609.2 .5185
 609.6 .5187
 610.0 .5175
 610.4 .5166
 610.8 .5150
 611.2 .5141
 611.6 .5124
 612.0 .5097
 612.4 .5063
 612.8 .5015
 613.2 .4961
 613.6 .4881
 614.0 .4833
 614.4 .4788
 614.8 .4750
 615.2 .4727
 615.6 .4696
 616.0 .4640
 616.4 .4621
 616.8 .4593
 617.2 .4532
 617.6 .4423
 618.0 .4327
 618.4 .4260
 618.8 .4237
 619.2 .4229
 619.6 .4236
 620.0 .4255
 620.4 .4294
 620.8 .4352
 621.2 .4384
 621.6 .4428
 622.0 .4505
 622.4 .4587
 622.8 .4638
 623.2 .4696
 623.6 .4767
 624.0 .4840
 624.4 .4884
 624.8 .4942
 625.2 .4977
 625.6 .5012
 626.0 .5051
 626.4 .5089
 626.8 .5111
 627.2 .5121
 627.6 .5110
 628.0 .5108
 628.4 .5134
 628.8 .5162
 629.2 .5173
 629.6 .5185
 630.0 .5188
 630.4 .5209
 630.8 .5224
 631.2 .5223
 631.6 .5205
 632.0 .5208
 632.4 .5220
 632.8 .5221
 633.2 .5215
 633.6 .5204
 634.0 .5207
 634.4 .5206
 634.8 .5205
 635.2 .5202
 635.6 .5203
 636.0 .5195
 636.4 .5198
 636.8 .5193
 637.2 .5189
 637.6 .5189
 638.0 .5189
 638.4 .5183
 638.8 .5182
 639.2 .5164
 639.6 .5162
 640.0 .5156
 640.4 .5163
 640.8 .5156
 641.2 .5142
 641.6 .5126
 642.0 .5096
 642.4 .5073
 642.8 .5030
 643.2 .4979
 643.6 .4903
 644.0 .4835
 644.4 .4779
 644.8 .4747
 645.2 .4779
 645.6 .4856
 646.0 .4941
 646.4 .4978
 646.8 .4920
 647.2 .4789
 647.6 .4728
 648.0 .4797
 648.4 .4876
 648.8 .4896
 649.2 .4900
 649.6 .4932
 650.0 .4965
 650.4 .4991
 650.8 .5000
 651.2 .4998
 651.6 .5013
 652.0 .5041
 652.4 .5057
 652.8 .5082
 653.2 .5086
 653.6 .5088
 654.0 .5089
 654.4 .5086
 654.8 .5094
 655.2 .5100
 655.6 .5100
 656.0 .5067
 656.4 .5109
 656.8 .5123
 657.2 .5119
 657.6 .5110
 658.0 .5104
 658.4 .5107
 658.8 .5107
 659.2 .5091
 659.6 .5105
 660.0 .5110
 660.4 .5105
 660.8 .5104
 661.2 .5107
 661.6 .5097
 662.0 .5087
 662.4 .5066
 662.8 .5062
 663.2 .5056
 663.6 .5073
 664.0 .5059
 664.4 .5047
 664.8 .5057
 665.2 .5057
 665.6 .5043
 666.0 .5012
 666.4 .4997
 666.8 .4998
 667.2 .5008
 667.6 .5011
 668.0 .5027
 668.4 .5035
 668.8 .5036
 669.2 .5044
 669.6 .5057
 670.0 .5082
 670.4 .5109
 670.8 .5136
 671.2 .5137
 671.6 .5141
 672.0 .5167
 672.4 .5183
 672.8 .5214
 673.2 .5236
 673.6 .5240
 674.0 .5238
 674.4 .5244
 674.8 .5258
 675.2 .5287
 675.6 .5304
 676.0 .5313
 676.4 .5305
 676.8 .5295
 677.2 .5299
 677.6 .5312
 678.0 .5320
 678.4 .5321
 678.8 .5311
 679.2 .5277
 679.6 .5258
 680.0 .5256
 680.4 .5260
 680.8 .5266
 681.2 .5258
 681.6 .5232
 682.0 .5189
 682.4 .5157
 682.8 .5152
 683.2 .5178
 683.6 .5197
 684.0 .5195
 684.4 .5203
 684.8 .5199
 685.2 .5189
 685.6 .5202
 686.0 .5229
 686.4 .5219
 686.8 .5148
 687.2 .5193
 687.6 .5239
 688.0 .5250
 688.4 .5203
 688.8 .5220
 689.2 .5235
 689.6 .5246
 690.0 .5242
 690.4 .5214
 690.8 .5202
 691.2 .5189
 691.6 .5195
 692.0 .5197
 692.4 .5165
 692.8 .5140
 693.2 .5118
 693.6 .5111
 694.0 .5109
 694.4 .5117
 694.8 .5123
 695.2 .5104
 695.6 .5079
 696.0 .5053
 696.4 .5028
 696.8 .5008
 697.2 .4999
 697.6 .4985
 698.0 .4981
 698.4 .4943
 698.8 .4895
 699.2 .4842
 699.6 .4790
 700.0 .4755
 700.4 .4726
 700.8 .4711
 701.2 .4666
 701.6 .4625
 702.0 .4600
 702.4 .4580
 702.8 .4632
 703.2 .4673
 703.6 .4678
 704.0 .4650
 704.4 .4601
 704.8 .4610
 705.2 .4672
 705.6 .4744
 706.0 .4768
 706.4 .4764
 706.8 .4758
 707.2 .4771
 707.6 .4797
 708.0 .4842
 708.4 .4874
 708.8 .4898
 709.2 .4892
 709.6 .4881
 710.0 .4880
 710.4 .4905
 710.8 .4948
 711.2 .4979
 711.6 .4988
 712.0 .4971
 712.4 .4960
 712.8 .4944
 713.2 .4965
 713.6 .4993
 714.0 .5000
 714.4 .4986
 714.8 .4945
 715.2 .4888
 715.6 .4802
 716.0 .4714
 716.4 .4606
 716.8 .4515
 717.2 .4377
 717.6 .4265
 718.0 .4159
 718.4 .4037
 718.8 .3977
 719.2 .3858
 719.6 .3719
 720.0 .3559
 720.4 .3469
 720.8 .3440
 721.2 .3394
 721.6 .3325
 722.0 .3290
 722.4 .3271
 722.8 .3196
 723.2 .3040
 723.6 .2907
 724.0 .2773
 724.4 .2660
 724.8 .2470
 725.2 .2279
 725.6 .2169
 726.0 .2168
 726.4 .2223
 726.8 .2141
 727.2 .1990
 727.6 .1978
 728.0 .2094
 728.4 .2289
 728.8 .2433
 729.2 .2474
 729.6 .2505
 730.0 .2565
 730.4 .2691
 730.8 .2843
 731.2 .3014
 731.6 .3136
 732.0 .3228
 732.4 .3267
 732.8 .3308
 733.2 .3389
 733.6 .3537
 734.0 .3650
 734.4 .3765
 734.8 .3892
 735.2 .3967
 735.6 .4060
 736.0 .4205
 736.4 .4276
 736.8 .4290
 737.2 .4354
 737.6 .4438
 738.0 .4502
 738.4 .4568
 738.8 .4643
 739.2 .4708
 739.6 .4763
 740.0 .4807
 740.4 .4844
 740.8 .4873
 741.2 .4925
 741.6 .4949
 742.0 .4960
 742.4 .4983
 742.8 .4998
 743.2 .5023
 743.6 .5050
 744.0 .5064
 744.4 .5068
 744.8 .5073
 745.2 .5063
 745.6 .5062
 746.0 .5061
 746.4 .5086
 746.8 .5081
 747.2 .5071
 747.6 .5073
 748.0 .5064
 748.4 .5051
 748.8 .5047
 749.2 .5040
 749.6 .5049
 750.0 .5044
 750.4 .5038
 750.8 .5032
 751.2 .5036
 751.6 .5037
 752.0 .5023
 752.4 .5016
 752.8 .4998
 753.2 .4991
 753.6 .4995
 754.0 .4972
 754.4 .4943
 754.8 .4939
 755.2 .4935
 755.6 .4937
 756.0 .4923
 756.4 .4901
 756.8 .4873
 757.2 .4837
 757.6 .4804
 758.0 .4786
 758.4 .4764
 758.8 .4788
 759.2 .4754
 759.6 .4705
 760.0 .4615
 760.4 .4574
 760.8 .4521
 761.2 .4473
 761.6 .4539
 762.0 .4458
 762.4 .4508
 762.8 .4504
 763.2 .4503
 763.6 .4527
 764.0 .4544
 764.4 .4533
 764.8 .4518
 765.2 .4496
 765.6 .4504
 766.0 .4550
 766.4 .4542
 766.8 .4510
 767.2 .4484
 767.6 .4514
 768.0 .4554
 768.4 .4559
 768.8 .4540
 769.2 .4560
 769.6 .4572
 770.0 .4604
 770.4 .4613
 770.8 .4608
 771.2 .4592
 771.6 .4559
 772.0 .4553
 772.4 .4568
 772.8 .4537
 773.2 .4495
 773.6 .4486
 774.0 .4509
 774.4 .4542
 774.8 .4531
 775.2 .4513
 775.6 .4473
 776.0 .4440
 776.4 .4416
 776.8 .4417
 777.2 .4423
 777.6 .4411
 778.0 .4368
 778.4 .4327
 778.8 .4257
 779.2 .4194
 779.6 .4107
 780.0 .4054
 780.4 .3968
 780.8 .3869
 781.2 .3838
 781.6 .3832
 782.0 .3814
 782.4 .3770
 782.8 .3686
 783.2 .3586
 783.6 .3467
 784.0 .3365
 784.4 .3400
 784.8 .3493
 785.2 .3498
 785.6 .3408
 786.0 .3312
 786.4 .3250
 786.8 .3247
 787.2 .3323
 787.6 .3370
 788.0 .3399
 788.4 .3403
 788.8 .3386
 789.2 .3394
 789.6 .3406
 790.0 .3449
 790.4 .3481
 790.8 .3425
 791.2 .3341
 791.6 .3259
 792.0 .3234
 792.4 .3274
 792.8 .3311
 793.2 .3371
 793.6 .3449
 794.0 .3468
 794.4 .3421
 794.8 .3408
 795.2 .3409
 795.6 .3414
 796.0 .3424
 796.4 .3456
 796.8 .3427
 797.2 .3384
 797.6 .3401
 798.0 .3429
 798.4 .3446
 798.8 .3466
 799.2 .3490
 799.6 .3563
 800.0 .3625
 800.4 .3639
 800.8 .3718
 801.2 .3792
 801.6 .3746
 802.0 .3734
 802.4 .3808
 802.8 .3868
 803.2 .3908
 803.6 .3953
 804.0 .3965
 804.4 .3964
 804.8 .4020
 805.2 .4048
 805.6 .4068
 806.0 .4104
 806.4 .4151
 806.8 .4205
 807.2 .4253
 807.6 .4269
 808.0 .4277
 808.4 .4292
 808.8 .4281
 809.2 .4237
 809.6 .4254
 810.0 .4285
 810.4 .4298
 810.8 .4303
 811.2 .4318
 811.6 .4355
 812.0 .4375
 812.4 .4387
 812.8 .4387
 813.2 .4393
 813.6 .4434
 814.0 .4447
 814.4 .4465
 814.8 .4444
 815.2 .4432
 815.6 .4469
 816.0 .4471
 816.4 .4521
 816.8 .4522
 817.2 .4577
 817.6 .4556
 818.0 .4597
 818.4 .4591
 818.8 .4613
 819.2 .4613
 819.6 .4625
 820.0 .4670
 820.4 .4697
 820.8 .4718
 821.2 .4726
 821.6 .4725
 822.0 .4726
 822.4 .4717
 822.8 .4698
 823.2 .4731
 823.6 .4745
 824.0 .4757
 824.4 .4784
 824.8 .4774
 825.2 .4766
 825.6 .4740
 826.0 .4740
 826.4 .4757
 826.8 .4784
 827.2 .4769
 827.6 .4781
 828.0 .4789
 828.4 .4806
 828.8 .4794
 829.2 .4788
 829.6 .4791
 830.0 .4792
 830.4 .4816
 830.8 .4839
 831.2 .4844
 831.6 .4831
 832.0 .4815
 832.4 .4803
 832.8 .4774
 833.2 .4748
 833.6 .4711
 834.0 .4688
 834.4 .4652
 834.8 .4587
 835.2 .4504
 835.6 .4411
 836.0 .4329
 836.4 .4240
 836.8 .4183
 837.2 .4127
 837.6 .4094
 838.0 .3996
 838.4 .3846
 838.8 .3771
 839.2 .3847
 839.6 .3960
 840.0 .4026
 840.4 .3977
 840.8 .3843
 841.2 .3657
 841.6 .3550
 842.0 .3604
 842.4 .3843
 842.8 .4137
 843.2 .4201
 843.6 .4139
 844.0 .4027
 844.4 .3961
 844.8 .4030
 845.2 .4151
 845.6 .4243
 846.0 .4301
 846.4 .4323
 846.8 .4331
 847.2 .4327
 847.6 .4310
 848.0 .4326
 848.4 .4353
 848.8 .4397
 849.2 .4443
 849.6 .4412
 850.0 .4406
 850.4 .4334
 850.8 .4322
 851.2 .4279
 851.6 .4238
 852.0 .4184
 852.4 .4112
 852.8 .4061
 853.2 .3969
 853.6 .3883
 854.0 .3813
 854.4 .3757
 854.8 .3597
 855.2 .3590
 855.6 .3569
 856.0 .3444
 856.4 .3284
 856.8 .3149
 857.2 .2983
 857.6 .2832
 858.0 .2739
 858.4 .2681
 858.8 .2654
 859.2 .2579
 859.6 .2470
 860.0 .2336
 860.4 .2139
 860.8 .1994
 861.2 .1889
 861.6 .1783
 862.0 .1677
 862.4 .1650
 862.8 .1719
 863.2 .1756
 863.6 .1695
 864.0 .1675
 864.4 .1746
 864.8 .1787
 865.2 .1778
 865.6 .1842
 866.0 .1956
 866.4 .2005
 866.8 .1951
 867.2 .2018
 867.6 .2155
 868.0 .2335
 868.4 .2451
 868.8 .2536
 869.2 .2614
 869.6 .2642
 870.0 .2676
 870.4 .2690
 870.8 .2754
 871.2 .2868
 871.6 .2993
 872.0 .3102
 872.4 .3161
 872.8 .3203
 873.2 .3279
 873.6 .3314
 874.0 .3276
 874.4 .3233
 874.8 .3243
 875.2 .3261
 875.6 .3249
 876.0 .3217
 876.4 .3182
 876.8 .3144
 877.2 .3093
 877.6 .3023
 878.0 .2921
 878.4 .2864
 878.8 .2743
 879.2 .2503
 879.6 .2160
 880.0 .1752
 880.4 .1431
 880.8 .1267
 881.2 .1054
 881.6 .0758
 882.0 .0537
 882.4 .0437
 882.8 .0387
 883.2 .0342
 883.6 .0319
 884.0 .0350
 884.4 .0438
 884.8 .0560
 885.2 .0620
 885.6 .0597
 886.0 .0555
 886.4 .0463
 886.8 .0309
 887.2 .0205
 887.6 .0208
 888.0 .0258
 888.4 .0323
 888.8 .0393
 889.2 .0413
 889.6 .0427
 890.0 .0450
 890.4 .0425
 890.8 .0414
 891.2 .0412
 891.6 .0427
 892.0 .0474
 892.4 .0477
 892.8 .0465
 893.2 .0467
 893.6 .0422
 894.0 .0378
 894.4 .0387
 894.8 .0408
 895.2 .0414
 895.6 .0399
 896.0 .0403
 896.4 .0479
 896.8 .0599
 897.2 .0709
 897.6 .0757
 898.0 .0742
 898.4 .0728
 898.8 .0698
 899.2 .0704
 899.6 .0730
 900.0 .0793
 900.4 .0879
 900.8 .0958
 901.2 .1040
 901.6 .1127
 902.0 .1238
 902.4 .1326
 902.8 .1419
 903.2 .1551
 903.6 .1727
 904.0 .1884
 904.4 .1957
 904.8 .2006
 905.2 .2169
 905.6 .2352
 906.0 .2456
 906.4 .2567
 906.8 .2691
 907.2 .2852
 907.6 .2979
 908.0 .3075
 908.4 .3150
 908.8 .3245
 909.2 .3378
 909.6 .3462
 910.0 .3487
 910.4 .3468
 910.8 .3436
 911.2 .3378
 911.6 .3363
 912.0 .3417
 912.4 .3416
 912.8 .3380
 913.2 .3377
 913.6 .3449
 914.0 .3551
 914.4 .3598
 914.8 .3625
 915.2 .3634
 915.6 .3652
 916.0 .3607
 916.4 .3587
 916.8 .3646
 917.2 .3734
 917.6 .3833
 918.0 .3908
 918.4 .3948
 918.8 .3956
 919.2 .3951
 919.6 .3953
 920.0 .3953
 920.4 .3976
 920.8 .4000
 921.2 .4001
 921.6 .3996
 922.0 .3985
 922.4 .3968
 922.8 .3956
 923.2 .3951
 923.6 .3947
 924.0 .3939
 924.4 .3923
 924.8 .3911
 925.2 .3895
 925.6 .3871
 926.0 .3856
 926.4 .3873
 926.8 .3921
 927.2 .3975
 927.6 .3996
 928.0 .3986
 928.4 .3957
 928.8 .3934
 929.2 .3928
 929.6 .3946
 930.0 .3973
 930.4 .4000
 930.8 .4017
 931.2 .4022
 931.6 .3999
 932.0 .3967
 932.4 .3943
 932.8 .3965
 933.2 .4013
 933.6 .4070
 934.0 .4120
 934.4 .4151
 934.8 .4165
 935.2 .4182
 935.6 .4182
 936.0 .4176
 936.4 .4174
 936.8 .4175
 937.2 .4193
 937.6 .4216
 938.0 .4236
 938.4 .4275
 938.8 .4320
 939.2 .4354
 939.6 .4388
 940.0 .4416
 940.4 .4437
 940.8 .4452
 941.2 .4459
 941.6 .4460
 942.0 .4458
 942.4 .4461
 942.8 .4456
 943.2 .4447
 943.6 .4452
 944.0 .4460
 944.4 .4470
 944.8 .4478
 945.2 .4484
 945.6 .4501
 946.0 .4496
 946.4 .4457
 946.8 .4397
 947.2 .4323
 947.6 .4254
 948.0 .4224
 948.4 .4262
 948.8 .4342
 949.2 .4409
 949.6 .4443
 950.0 .4435
 950.4 .4393
 950.8 .4313
 951.2 .4226
 951.6 .4148
 952.0 .4133
 952.4 .4202
 952.8 .4305
 953.2 .4376
 953.6 .4396
 954.0 .4397
 954.4 .4378
 954.8 .4356
 955.2 .4322
 955.6 .4318
 956.0 .4283
 956.4 .4231
 956.8 .4171
 957.2 .4089
 957.6 .4060
 958.0 .4087
 958.4 .4100
 958.8 .4039
 959.2 .3986
 959.6 .3884
 960.0 .3830
 960.4 .3751
 960.8 .3623
 961.2 .3491
 961.6 .3414
 962.0 .3286
 962.4 .3091
 962.8 .2892
 963.2 .2715
 963.6 .2581
 964.0 .2530
 964.4 .2502
 964.8 .2433
 965.2 .2284
 965.6 .2206
 966.0 .2160
 966.4 .2146
 966.8 .2139
 967.2 .2182
 967.6 .2238
 968.0 .2266
 968.4 .2232
 968.8 .2120
 969.2 .1991
 969.6 .1931
 970.0 .1866
 970.4 .1645
 970.8 .1344
 971.2 .1287
 971.6 .1503
 972.0 .1726
 972.4 .1896
 972.8 .1997
 973.2 .1954
 973.6 .1857
 974.0 .1775
 974.4 .1737
 974.8 .1809
 975.2 .1891
 975.6 .1955
 976.0 .2017
 976.4 .1979
 976.8 .1903
 977.2 .1815
 977.6 .1719
 978.0 .1708
 978.4 .1793
 978.8 .1794
 979.2 .1752
 979.6 .1725
 980.0 .1712
 980.4 .1638
 980.8 .1481
 981.2 .1442
 981.6 .1401
 982.0 .1267
 982.4 .1207
 982.8 .1144
 983.2 .0972
 983.6 .0917
 984.0 .0990
 984.4 .0978
 984.8 .0980
 985.2 .1113
 985.6 .1141
 986.0 .1113
 986.4 .1112
 986.8 .1055
 987.2 .0991
 987.6 .0847
 988.0 .0674
 988.4 .0578
 988.8 .0543
 989.2 .0601
 989.6 .0720
 990.0 .0772
 990.4 .0754
 990.8 .0774
 991.2 .0811
 991.6 .0821
 992.0 .0853
 992.4 .0927
 992.8 .0989
 993.2 .0930
 993.6 .0884
 994.0 .0932
 994.4 .0917
 994.8 .0899
 995.2 .0866
 995.6 .0787
 996.0 .0719
 996.4 .0693
 996.8 .0796
 997.2 .0976
 997.6 .1022
 998.0 .1063
 998.4 .1040
 998.8 .0837
 999.2 .0810
 999.6 .1001
1000.0 .1126
