 300.4 .2128
 300.8 .2084
 301.2 .2215
 301.6 .2265
 302.0 .2281
 302.4 .2454
 302.8 .2585
 303.2 .2667
 303.6 .2695
 304.0 .2721
 304.4 .2709
 304.8 .2681
 305.2 .2691
 305.6 .2705
 306.0 .2722
 306.4 .2733
 306.8 .2724
 307.2 .2718
 307.6 .2713
 308.0 .2703
 308.4 .2698
 308.8 .2691
 309.2 .2682
 309.6 .2706
 310.0 .2720
 310.4 .2730
 310.8 .2729
 311.2 .2717
 311.6 .2708
 312.0 .2704
 312.4 .2697
 312.8 .2697
 313.2 .2706
 313.6 .2706
 314.0 .2704
 314.4 .2716
 314.8 .2718
 315.2 .2707
 315.6 .2707
 316.0 .2731
 316.4 .2743
 316.8 .2731
 317.2 .2717
 317.6 .2706
 318.0 .2717
 318.4 .2739
 318.8 .2735
 319.2 .2738
 319.6 .2749
 320.0 .2737
 320.4 .2727
 320.8 .2727
 321.2 .2742
 321.6 .2746
 322.0 .2738
 322.4 .2744
 322.8 .2765
 323.2 .2768
 323.6 .2762
 324.0 .2759
 324.4 .2763
 324.8 .2782
 325.2 .2796
 325.6 .2793
 326.0 .2781
 326.4 .2785
 326.8 .2787
 327.2 .2787
 327.6 .2796
 328.0 .2810
 328.4 .2814
 328.8 .2820
 329.2 .2820
 329.6 .2822
 330.0 .2821
 330.4 .2829
 330.8 .2846
 331.2 .2841
 331.6 .2843
 332.0 .2852
 332.4 .2864
 332.8 .2866
 333.2 .2867
 333.6 .2877
 334.0 .2891
 334.4 .2874
 334.8 .2873
 335.2 .2897
 335.6 .2880
 336.0 .2903
 336.4 .2921
 336.8 .2901
 337.2 .2934
 337.6 .2922
 338.0 .2921
 338.4 .2932
 338.8 .2913
 339.2 .2930
 339.6 .2952
 340.0 .2933
 340.4 .2929
 340.8 .2946
 341.2 .2949
 341.6 .2967
 342.0 .2961
 342.4 .2959
 342.8 .2959
 343.2 .2961
 343.6 .2964
 344.0 .2980
 344.4 .3021
 344.8 .3005
 345.2 .2994
 345.6 .2990
 346.0 .3018
 346.4 .3038
 346.8 .3034
 347.2 .3031
 347.6 .3059
 348.0 .3054
 348.4 .3047
 348.8 .3043
 349.2 .3055
 349.6 .3079
 350.0 .3070
 350.4 .3047
 350.8 .3051
 351.2 .3067
 351.6 .3078
 352.0 .3054
 352.4 .3101
 352.8 .3111
 353.2 .3085
 353.6 .3094
 354.0 .3095
 354.4 .3097
 354.8 .3089
 355.2 .3091
 355.6 .3113
 356.0 .3115
 356.4 .3114
 356.8 .3161
 357.2 .3198
 357.6 .3173
 358.0 .3176
 358.4 .3204
 358.8 .3214
 359.2 .3190
 359.6 .3173
 360.0 .3160
 360.4 .3179
 360.8 .3225
 361.2 .3229
 361.6 .3187
 362.0 .3226
 362.4 .3233
 362.8 .3178
 363.2 .3207
 363.6 .3231
 364.0 .3202
 364.4 .3211
 364.8 .3250
 365.2 .3245
 365.6 .3222
 366.0 .3213
 366.4 .3215
 366.8 .3237
 367.2 .3247
 367.6 .3245
 368.0 .3271
 368.4 .3268
 368.8 .3294
 369.2 .3280
 369.6 .3287
 370.0 .3283
 370.4 .3292
 370.8 .3345
 371.2 .3309
 371.6 .3277
 372.0 .3357
 372.4 .3379
 372.8 .3337
 373.2 .3350
 373.6 .3447
 374.0 .3415
 374.4 .3385
 374.8 .3474
 375.2 .3434
 375.6 .3366
 376.0 .3415
 376.4 .3418
 376.8 .3413
 377.2 .3395
 377.6 .3385
 378.0 .3402
 378.4 .3390
 378.8 .3423
 379.2 .3435
 379.6 .3439
 380.0 .3462
 380.4 .3420
 380.8 .3430
 381.2 .3445
 381.6 .3487
 382.0 .3508
 382.4 .3530
 382.8 .3557
 383.2 .3550
 383.6 .3537
 384.0 .3560
 384.4 .3525
 384.8 .3497
 385.2 .3509
 385.6 .3515
 386.0 .3580
 386.4 .3540
 386.8 .3512
 387.2 .3579
 387.6 .3552
 388.0 .3554
 388.4 .3571
 388.8 .3610
 389.2 .3595
 389.6 .3590
 390.0 .3605
 390.4 .3610
 390.8 .3610
 391.2 .3583
 391.6 .3587
 392.0 .3629
 392.4 .3637
 392.8 .3641
 393.2 .3786
 393.6 .3840
 394.0 .3717
 394.4 .3711
 394.8 .3703
 395.2 .3682
 395.6 .3696
 396.0 .3698
 396.4 .3737
 396.8 .3860
 397.2 .3853
 397.6 .3749
 398.0 .3708
 398.4 .3718
 398.8 .3731
 399.2 .3709
 399.6 .3731
 400.0 .3741
 400.4 .3744
 400.8 .3771
 401.2 .3744
 401.6 .3745
 402.0 .3741
 402.4 .3741
 402.8 .3738
 403.2 .3785
 403.6 .3820
 404.0 .3781
 404.4 .3830
 404.8 .3870
 405.2 .3810
 405.6 .3838
 406.0 .3830
 406.4 .3858
 406.8 .3870
 407.2 .3872
 407.6 .3908
 408.0 .3898
 408.4 .3888
 408.8 .3890
 409.2 .3880
 409.6 .3902
 410.0 .3940
 410.4 .3955
 410.8 .3918
 411.2 .3940
 411.6 .3930
 412.0 .3948
 412.4 .3962
 412.8 .3959
 413.2 .3995
 413.6 .4006
 414.0 .3968
 414.4 .4026
 414.8 .4025
 415.2 .4011
 415.6 .4036
 416.0 .4017
 416.4 .4003
 416.8 .4024
 417.2 .4057
 417.6 .4076
 418.0 .4061
 418.4 .4069
 418.8 .4100
 419.2 .4088
 419.6 .4085
 420.0 .4137
 420.4 .4113
 420.8 .4087
 421.2 .4090
 421.6 .4132
 422.0 .4123
 422.4 .4137
 422.8 .4238
 423.2 .4149
 423.6 .4170
 424.0 .4188
 424.4 .4152
 424.8 .4184
 425.2 .4221
 425.6 .4186
 426.0 .4231
 426.4 .4215
 426.8 .4179
 427.2 .4296
 427.6 .4271
 428.0 .4212
 428.4 .4241
 428.8 .4259
 429.2 .4270
 429.6 .4235
 430.0 .4318
 430.4 .4340
 430.8 .4376
 431.2 .4415
 431.6 .4282
 432.0 .4225
 432.4 .4355
 432.8 .4357
 433.2 .4250
 433.6 .4259
 434.0 .4361
 434.4 .4349
 434.8 .4269
 435.2 .4331
 435.6 .4350
 436.0 .4326
 436.4 .4322
 436.8 .4326
 437.2 .4352
 437.6 .4372
 438.0 .4335
 438.4 .4456
 438.8 .4447
 439.2 .4381
 439.6 .4387
 440.0 .4375
 440.4 .4440
 440.8 .4455
 441.2 .4364
 441.6 .4410
 442.0 .4411
 442.4 .4411
 442.8 .4440
 443.2 .4445
 443.6 .4469
 444.0 .4442
 444.4 .4462
 444.8 .4455
 445.2 .4436
 445.6 .4487
 446.0 .4529
 446.4 .4495
 446.8 .4496
 447.2 .4506
 447.6 .4467
 448.0 .4523
 448.4 .4540
 448.8 .4503
 449.2 .4538
 449.6 .4532
 450.0 .4534
 450.4 .4515
 450.8 .4505
 451.2 .4534
 451.6 .4553
 452.0 .4540
 452.4 .4541
 452.8 .4602
 453.2 .4614
 453.6 .4590
 454.0 .4559
 454.4 .4564
 454.8 .4581
 455.2 .4583
 455.6 .4594
 456.0 .4602
 456.4 .4587
 456.8 .4592
 457.2 .4602
 457.6 .4619
 458.0 .4627
 458.4 .4624
 458.8 .4642
 459.2 .4637
 459.6 .4617
 460.0 .4619
 460.4 .4620
 460.8 .4655
 461.2 .4700
 461.6 .4692
 462.0 .4684
 462.4 .4688
 462.8 .4691
 463.2 .4699
 463.6 .4700
 464.0 .4703
 464.4 .4710
 464.8 .4716
 465.2 .4718
 465.6 .4720
 466.0 .4730
 466.4 .4720
 466.8 .4717
 467.2 .4748
 467.6 .4761
 468.0 .4748
 468.4 .4752
 468.8 .4756
 469.2 .4761
 469.6 .4766
 470.0 .4755
 470.4 .4761
 470.8 .4777
 471.2 .4782
 471.6 .4789
 472.0 .4790
 472.4 .4790
 472.8 .4791
 473.2 .4800
 473.6 .4809
 474.0 .4802
 474.4 .4803
 474.8 .4831
 475.2 .4829
 475.6 .4817
 476.0 .4821
 476.4 .4829
 476.8 .4840
 477.2 .4839
 477.6 .4853
 478.0 .4858
 478.4 .4850
 478.8 .4853
 479.2 .4872
 479.6 .4870
 480.0 .4863
 480.4 .4868
 480.8 .4867
 481.2 .4874
 481.6 .4885
 482.0 .4873
 482.4 .4864
 482.8 .4877
 483.2 .4874
 483.6 .4857
 484.0 .4847
 484.4 .4844
 484.8 .4838
 485.2 .4837
 485.6 .4840
 486.0 .4791
 486.4 .4843
 486.8 .4924
 487.2 .4923
 487.6 .4938
 488.0 .4954
 488.4 .4943
 488.8 .4936
 489.2 .4966
 489.6 .4983
 490.0 .4966
 490.4 .4968
 490.8 .4961
 491.2 .4974
 491.6 .4989
 492.0 .4977
 492.4 .4998
 492.8 .5011
 493.2 .5003
 493.6 .4989
 494.0 .4999
 494.4 .5000
 494.8 .4990
 495.2 .5004
 495.6 .4998
 496.0 .5027
 496.4 .5044
 496.8 .5023
 497.2 .5024
 497.6 .5035
 498.0 .5020
 498.4 .5013
 498.8 .5042
 499.2 .5039
 499.6 .5049
 500.0 .5050
 500.4 .5035
 500.8 .5061
 501.2 .5067
 501.6 .5053
 502.0 .5072
 502.4 .5076
 502.8 .5061
 503.2 .5066
 503.6 .5063
 504.0 .5047
 504.4 .5087
 504.8 .5090
 505.2 .5069
 505.6 .5073
 506.0 .5088
 506.4 .5076
 506.8 .5067
 507.2 .5078
 507.6 .5080
 508.0 .5070
 508.4 .5086
 508.8 .5100
 509.2 .5088
 509.6 .5068
 510.0 .5085
 510.4 .5105
 510.8 .5095
 511.2 .5106
 511.6 .5126
 512.0 .5115
 512.4 .5115
 512.8 .5130
 513.2 .5140
 513.6 .5141
 514.0 .5138
 514.4 .5162
 514.8 .5172
 515.2 .5162
 515.6 .5164
 516.0 .5167
 516.4 .5151
 516.8 .5164
 517.2 .5199
 517.6 .5259
 518.0 .5234
 518.4 .5179
 518.8 .5221
 519.2 .5210
 519.6 .5173
 520.0 .5193
 520.4 .5185
 520.8 .5184
 521.2 .5206
 521.6 .5195
 522.0 .5203
 522.4 .5188
 522.8 .5192
 523.2 .5212
 523.6 .5210
 524.0 .5207
 524.4 .5202
 524.8 .5197
 525.2 .5199
 525.6 .5227
 526.0 .5232
 526.4 .5216
 526.8 .5234
 527.2 .5268
 527.6 .5276
 528.0 .5257
 528.4 .5247
 528.8 .5256
 529.2 .5249
 529.6 .5225
 530.0 .5233
 530.4 .5255
 530.8 .5253
 531.2 .5246
 531.6 .5233
 532.0 .5247
 532.4 .5256
 532.8 .5249
 533.2 .5277
 533.6 .5275
 534.0 .5251
 534.4 .5259
 534.8 .5260
 535.2 .5261
 535.6 .5260
 536.0 .5241
 536.4 .5231
 536.8 .5228
 537.2 .5235
 537.6 .5246
 538.0 .5218
 538.4 .5210
 538.8 .5217
 539.2 .5199
 539.6 .5186
 540.0 .5184
 540.4 .5160
 540.8 .5139
 541.2 .5118
 541.6 .5095
 542.0 .5066
 542.4 .5050
 542.8 .5061
 543.2 .5061
 543.6 .5071
 544.0 .5105
 544.4 .5107
 544.8 .5165
 545.2 .5227
 545.6 .5241
 546.0 .5268
 546.4 .5290
 546.8 .5315
 547.2 .5331
 547.6 .5327
 548.0 .5351
 548.4 .5373
 548.8 .5355
 549.2 .5337
 549.6 .5312
 550.0 .5277
 550.4 .5255
 550.8 .5258
 551.2 .5298
 551.6 .5355
 552.0 .5338
 552.4 .5273
 552.8 .5265
 553.2 .5312
 553.6 .5329
 554.0 .5335
 554.4 .5342
 554.8 .5357
 555.2 .5366
 555.6 .5379
 556.0 .5387
 556.4 .5391
 556.8 .5402
 557.2 .5407
 557.6 .5421
 558.0 .5431
 558.4 .5446
 558.8 .5448
 559.2 .5466
 559.6 .5471
 560.0 .5460
 560.4 .5475
 560.8 .5477
 561.2 .5458
 561.6 .5451
 562.0 .5478
 562.4 .5481
 562.8 .5482
 563.2 .5483
 563.6 .5469
 564.0 .5466
 564.4 .5485
 564.8 .5487
 565.2 .5470
 565.6 .5460
 566.0 .5461
 566.4 .5478
 566.8 .5478
 567.2 .5472
 567.6 .5462
 568.0 .5441
 568.4 .5430
 568.8 .5432
 569.2 .5437
 569.6 .5441
 570.0 .5431
 570.4 .5428
 570.8 .5441
 571.2 .5452
 571.6 .5458
 572.0 .5445
 572.4 .5430
 572.8 .5423
 573.2 .5416
 573.6 .5411
 574.0 .5405
 574.4 .5404
 574.8 .5402
 575.2 .5391
 575.6 .5392
 576.0 .5403
 576.4 .5402
 576.8 .5419
 577.2 .5412
 577.6 .5407
 578.0 .5423
 578.4 .5431
 578.8 .5456
 579.2 .5460
 579.6 .5460
 580.0 .5470
 580.4 .5472
 580.8 .5472
 581.2 .5485
 581.6 .5488
 582.0 .5498
 582.4 .5502
 582.8 .5495
 583.2 .5493
 583.6 .5487
 584.0 .5493
 584.4 .5495
 584.8 .5489
 585.2 .5494
 585.6 .5487
 586.0 .5478
 586.4 .5494
 586.8 .5490
 587.2 .5473
 587.6 .5455
 588.0 .5449
 588.4 .5450
 588.8 .5451
 589.2 .5410
 589.6 .5478
 590.0 .5485
 590.4 .5489
 590.8 .5449
 591.2 .5454
 591.6 .5443
 592.0 .5453
 592.4 .5448
 592.8 .5443
 593.2 .5449
 593.6 .5454
 594.0 .5441
 594.4 .5422
 594.8 .5416
 595.2 .5426
 595.6 .5443
 596.0 .5422
 596.4 .5427
 596.8 .5433
 597.2 .5444
 597.6 .5429
 598.0 .5420
 598.4 .5434
 598.8 .5439
 599.2 .5470
 599.6 .5459
 600.0 .5451
 600.4 .5462
 600.8 .5473
 601.2 .5489
 601.6 .5481
 602.0 .5453
 602.4 .5440
 602.8 .5457
 603.2 .5461
 603.6 .5445
 604.0 .5435
 604.4 .5451
 604.8 .5480
 605.2 .5483
 605.6 .5454
 606.0 .5443
 606.4 .5432
 606.8 .5420
 607.2 .5448
 607.6 .5447
 608.0 .5435
 608.4 .5432
 608.8 .5420
 609.2 .5425
 609.6 .5432
 610.0 .5423
 610.4 .5377
 610.8 .5393
 611.2 .5399
 611.6 .5362
 612.0 .5329
 612.4 .5276
 612.8 .5245
 613.2 .5184
 613.6 .5116
 614.0 .5058
 614.4 .5047
 614.8 .4991
 615.2 .4961
 615.6 .4931
 616.0 .4894
 616.4 .4840
 616.8 .4836
 617.2 .4756
 617.6 .4673
 618.0 .4570
 618.4 .4494
 618.8 .4480
 619.2 .4475
 619.6 .4492
 620.0 .4513
 620.4 .4556
 620.8 .4620
 621.2 .4654
 621.6 .4686
 622.0 .4771
 622.4 .4860
 622.8 .4921
 623.2 .4961
 623.6 .5050
 624.0 .5101
 624.4 .5152
 624.8 .5202
 625.2 .5261
 625.6 .5264
 626.0 .5314
 626.4 .5354
 626.8 .5356
 627.2 .5374
 627.6 .5377
 628.0 .5366
 628.4 .5400
 628.8 .5435
 629.2 .5431
 629.6 .5456
 630.0 .5453
 630.4 .5443
 630.8 .5472
 631.2 .5470
 631.6 .5464
 632.0 .5466
 632.4 .5481
 632.8 .5475
 633.2 .5461
 633.6 .5455
 634.0 .5452
 634.4 .5479
 634.8 .5477
 635.2 .5478
 635.6 .5448
 636.0 .5434
 636.4 .5439
 636.8 .5469
 637.2 .5449
 637.6 .5435
 638.0 .5436
 638.4 .5439
 638.8 .5446
 639.2 .5429
 639.6 .5398
 640.0 .5403
 640.4 .5406
 640.8 .5412
 641.2 .5385
 641.6 .5394
 642.0 .5348
 642.4 .5300
 642.8 .5286
 643.2 .5219
 643.6 .5168
 644.0 .5091
 644.4 .5040
 644.8 .5024
 645.2 .5032
 645.6 .5125
 646.0 .5201
 646.4 .5228
 646.8 .5185
 647.2 .5055
 647.6 .4968
 648.0 .5063
 648.4 .5127
 648.8 .5156
 649.2 .5161
 649.6 .5158
 650.0 .5212
 650.4 .5259
 650.8 .5244
 651.2 .5241
 651.6 .5265
 652.0 .5273
 652.4 .5306
 652.8 .5323
 653.2 .5336
 653.6 .5331
 654.0 .5328
 654.4 .5322
 654.8 .5312
 655.2 .5333
 655.6 .5319
 656.0 .5369
 656.4 .5195
 656.8 .5329
 657.2 .5367
 657.6 .5282
 658.0 .5309
 658.4 .5309
 658.8 .5294
 659.2 .5290
 659.6 .5270
 660.0 .5298
 660.4 .5299
 660.8 .5282
 661.2 .5272
 661.6 .5274
 662.0 .5263
 662.4 .5254
 662.8 .5238
 663.2 .5247
 663.6 .5233
 664.0 .5245
 664.4 .5230
 664.8 .5234
 665.2 .5242
 665.6 .5220
 666.0 .5208
 666.4 .5182
 666.8 .5194
 667.2 .5206
 667.6 .5201
 668.0 .5195
 668.4 .5232
 668.8 .5234
 669.2 .5233
 669.6 .5249
 670.0 .5260
 670.4 .5292
 670.8 .5310
 671.2 .5332
 671.6 .5328
 672.0 .5345
 672.4 .5378
 672.8 .5390
 673.2 .5400
 673.6 .5409
 674.0 .5422
 674.4 .5424
 674.8 .5442
 675.2 .5456
 675.6 .5474
 676.0 .5484
 676.4 .5490
 676.8 .5476
 677.2 .5474
 677.6 .5490
 678.0 .5494
 678.4 .5487
 678.8 .5470
 679.2 .5463
 679.6 .5446
 680.0 .5423
 680.4 .5421
 680.8 .5423
 681.2 .5423
 681.6 .5412
 682.0 .5375
 682.4 .5343
 682.8 .5333
 683.2 .5342
 683.6 .5364
 684.0 .5363
 684.4 .5351
 684.8 .5365
 685.2 .5373
 685.6 .5372
 686.0 .5358
 686.4 .5408
 686.8 .5380
 687.2 .5305
 687.6 .5418
 688.0 .5435
 688.4 .5440
 688.8 .5389
 689.2 .5409
 689.6 .5421
 690.0 .5407
 690.4 .5388
 690.8 .5392
 691.2 .5390
 691.6 .5376
 692.0 .5373
 692.4 .5349
 692.8 .5303
 693.2 .5297
 693.6 .5287
 694.0 .5302
 694.4 .5291
 694.8 .5280
 695.2 .5267
 695.6 .5243
 696.0 .5231
 696.4 .5216
 696.8 .5203
 697.2 .5195
 697.6 .5181
 698.0 .5133
 698.4 .5130
 698.8 .5089
 699.2 .5033
 699.6 .4987
 700.0 .4938
 700.4 .4891
 700.8 .4862
 701.2 .4860
 701.6 .4821
 702.0 .4800
 702.4 .4775
 702.8 .4782
 703.2 .4849
 703.6 .4865
 704.0 .4831
 704.4 .4800
 704.8 .4799
 705.2 .4865
 705.6 .4919
 706.0 .4937
 706.4 .4946
 706.8 .4955
 707.2 .4967
 707.6 .4996
 708.0 .5023
 708.4 .5042
 708.8 .5055
 709.2 .5067
 709.6 .5070
 710.0 .5088
 710.4 .5107
 710.8 .5128
 711.2 .5135
 711.6 .5145
 712.0 .5152
 712.4 .5132
 712.8 .5149
 713.2 .5156
 713.6 .5168
 714.0 .5158
 714.4 .5127
 714.8 .5094
 715.2 .5064
 715.6 .5014
 716.0 .4905
 716.4 .4768
 716.8 .4632
 717.2 .4517
 717.6 .4375
 718.0 .4305
 718.4 .4203
 718.8 .4111
 719.2 .4023
 719.6 .3850
 720.0 .3692
 720.4 .3578
 720.8 .3568
 721.2 .3559
 721.6 .3497
 722.0 .3419
 722.4 .3405
 722.8 .3323
 723.2 .3180
 723.6 .3016
 724.0 .2901
 724.4 .2805
 724.8 .2611
 725.2 .2404
 725.6 .2269
 726.0 .2245
 726.4 .2347
 726.8 .2275
 727.2 .2120
 727.6 .2083
 728.0 .2181
 728.4 .2379
 728.8 .2570
 729.2 .2579
 729.6 .2621
 730.0 .2698
 730.4 .2807
 730.8 .2965
 731.2 .3135
 731.6 .3270
 732.0 .3352
 732.4 .3421
 732.8 .3445
 733.2 .3538
 733.6 .3685
 734.0 .3807
 734.4 .3891
 734.8 .4048
 735.2 .4127
 735.6 .4194
 736.0 .4366
 736.4 .4433
 736.8 .4434
 737.2 .4510
 737.6 .4605
 738.0 .4672
 738.4 .4747
 738.8 .4799
 739.2 .4864
 739.6 .4929
 740.0 .4975
 740.4 .5007
 740.8 .5048
 741.2 .5080
 741.6 .5122
 742.0 .5144
 742.4 .5133
 742.8 .5163
 743.2 .5188
 743.6 .5206
 744.0 .5226
 744.4 .5232
 744.8 .5228
 745.2 .5238
 745.6 .5218
 746.0 .5228
 746.4 .5227
 746.8 .5253
 747.2 .5248
 747.6 .5235
 748.0 .5221
 748.4 .5207
 748.8 .5213
 749.2 .5216
 749.6 .5196
 750.0 .5214
 750.4 .5197
 750.8 .5187
 751.2 .5202
 751.6 .5202
 752.0 .5201
 752.4 .5159
 752.8 .5163
 753.2 .5156
 753.6 .5144
 754.0 .5133
 754.4 .5106
 754.8 .5099
 755.2 .5106
 755.6 .5097
 756.0 .5078
 756.4 .5056
 756.8 .5033
 757.2 .4993
 757.6 .4955
 758.0 .4939
 758.4 .4888
 758.8 .4856
 759.2 .4915
 759.6 .4855
 760.0 .4784
 760.4 .4815
 760.8 .4816
 761.2 .4781
 761.6 .4717
 762.0 .4732
 762.4 .4632
 762.8 .4628
 763.2 .4727
 763.6 .4713
 764.0 .4747
 764.4 .4707
 764.8 .4698
 765.2 .4660
 765.6 .4651
 766.0 .4701
 766.4 .4753
 766.8 .4707
 767.2 .4664
 767.6 .4691
 768.0 .4710
 768.4 .4714
 768.8 .4722
 769.2 .4699
 769.6 .4742
 770.0 .4752
 770.4 .4785
 770.8 .4777
 771.2 .4759
 771.6 .4703
 772.0 .4714
 772.4 .4737
 772.8 .4703
 773.2 .4659
 773.6 .4629
 774.0 .4652
 774.4 .4674
 774.8 .4682
 775.2 .4653
 775.6 .4642
 776.0 .4614
 776.4 .4574
 776.8 .4565
 777.2 .4568
 777.6 .4533
 778.0 .4509
 778.4 .4481
 778.8 .4447
 779.2 .4356
 779.6 .4288
 780.0 .4197
 780.4 .4116
 780.8 .3987
 781.2 .3966
 781.6 .3980
 782.0 .3978
 782.4 .3939
 782.8 .3868
 783.2 .3752
 783.6 .3625
 784.0 .3476
 784.4 .3534
 784.8 .3639
 785.2 .3682
 785.6 .3571
 786.0 .3489
 786.4 .3412
 786.8 .3387
 787.2 .3480
 787.6 .3498
 788.0 .3545
 788.4 .3562
 788.8 .3554
 789.2 .3557
 789.6 .3561
 790.0 .3588
 790.4 .3647
 790.8 .3568
 791.2 .3483
 791.6 .3402
 792.0 .3375
 792.4 .3444
 792.8 .3469
 793.2 .3507
 793.6 .3598
 794.0 .3614
 794.4 .3574
 794.8 .3537
 795.2 .3573
 795.6 .3562
 796.0 .3564
 796.4 .3588
 796.8 .3565
 797.2 .3490
 797.6 .3542
 798.0 .3566
 798.4 .3592
 798.8 .3621
 799.2 .3624
 799.6 .3700
 800.0 .3753
 800.4 .3749
 800.8 .3838
 801.2 .3949
 801.6 .3887
 802.0 .3864
 802.4 .3962
 802.8 .3991
 803.2 .4028
 803.6 .4081
 804.0 .4083
 804.4 .4095
 804.8 .4162
 805.2 .4228
 805.6 .4222
 806.0 .4242
 806.4 .4277
 806.8 .4344
 807.2 .4393
 807.6 .4409
 808.0 .4433
 808.4 .4458
 808.8 .4435
 809.2 .4394
 809.6 .4405
 810.0 .4440
 810.4 .4450
 810.8 .4452
 811.2 .4459
 811.6 .4511
 812.0 .4548
 812.4 .4542
 812.8 .4531
 813.2 .4530
 813.6 .4546
 814.0 .4584
 814.4 .4596
 814.8 .4593
 815.2 .4581
 815.6 .4614
 816.0 .4641
 816.4 .4631
 816.8 .4652
 817.2 .4669
 817.6 .4697
 818.0 .4716
 818.4 .4765
 818.8 .4800
 819.2 .4800
 819.6 .4768
 820.0 .4811
 820.4 .4838
 820.8 .4831
 821.2 .4844
 821.6 .4888
 822.0 .4895
 822.4 .4892
 822.8 .4878
 823.2 .4850
 823.6 .4885
 824.0 .4890
 824.4 .4897
 824.8 .4925
 825.2 .4949
 825.6 .4960
 826.0 .4947
 826.4 .4945
 826.8 .4930
 827.2 .4909
 827.6 .4898
 828.0 .4940
 828.4 .4964
 828.8 .4972
 829.2 .4980
 829.6 .4985
 830.0 .4990
 830.4 .4969
 830.8 .4963
 831.2 .4971
 831.6 .4971
 832.0 .4963
 832.4 .4961
 832.8 .4964
 833.2 .4965
 833.6 .4920
 834.0 .4865
 834.4 .4816
 834.8 .4729
 835.2 .4646
 835.6 .4570
 836.0 .4498
 836.4 .4455
 836.8 .4371
 837.2 .4359
 837.6 .4253
 838.0 .4168
 838.4 .3954
 838.8 .3890
 839.2 .3978
 839.6 .4152
 840.0 .4227
 840.4 .4185
 840.8 .4058
 841.2 .3801
 841.6 .3693
 842.0 .3708
 842.4 .3984
 842.8 .4326
 843.2 .4382
 843.6 .4327
 844.0 .4219
 844.4 .4155
 844.8 .4211
 845.2 .4331
 845.6 .4408
 846.0 .4458
 846.4 .4487
 846.8 .4495
 847.2 .4520
 847.6 .4513
 848.0 .4543
 848.4 .4546
 848.8 .4578
 849.2 .4582
 849.6 .4580
 850.0 .4521
 850.4 .4552
 850.8 .4515
 851.2 .4457
 851.6 .4436
 852.0 .4403
 852.4 .4301
 852.8 .4227
 853.2 .4094
 853.6 .3975
 854.0 .3969
 854.4 .3903
 854.8 .3859
 855.2 .3812
 855.6 .3761
 856.0 .3614
 856.4 .3453
 856.8 .3312
 857.2 .3112
 857.6 .2957
 858.0 .2867
 858.4 .2803
 858.8 .2817
 859.2 .2730
 859.6 .2623
 860.0 .2488
 860.4 .2246
 860.8 .2110
 861.2 .1999
 861.6 .1883
 862.0 .1763
 862.4 .1734
 862.8 .1843
 863.2 .1874
 863.6 .1793
 864.0 .1769
 864.4 .1874
 864.8 .1891
 865.2 .1861
 865.6 .1913
 866.0 .2104
 866.4 .2077
 866.8 .2117
 867.2 .2153
 867.6 .2287
 868.0 .2500
 868.4 .2598
 868.8 .2682
 869.2 .2764
 869.6 .2791
 870.0 .2811
 870.4 .2819
 870.8 .2913
 871.2 .3049
 871.6 .3191
 872.0 .3300
 872.4 .3353
 872.8 .3377
 873.2 .3452
 873.6 .3483
 874.0 .3416
 874.4 .3388
 874.8 .3403
 875.2 .3435
 875.6 .3432
 876.0 .3405
 876.4 .3363
 876.8 .3305
 877.2 .3250
 877.6 .3155
 878.0 .3057
 878.4 .2999
 878.8 .2891
 879.2 .2635
 879.6 .2276
 880.0 .1825
 880.4 .1486
 880.8 .1346
 881.2 .1122
 881.6 .0767
 882.0 .0543
 882.4 .0455
 882.8 .0406
 883.2 .0360
 883.6 .0333
 884.0 .0376
 884.4 .0477
 884.8 .0617
 885.2 .0671
 885.6 .0629
 886.0 .0585
 886.4 .0478
 886.8 .0293
 887.2 .0196
 887.6 .0217
 888.0 .0275
 888.4 .0345
 888.8 .0429
 889.2 .0433
 889.6 .0445
 890.0 .0481
 890.4 .0429
 890.8 .0433
 891.2 .0426
 891.6 .0447
 892.0 .0516
 892.4 .0497
 892.8 .0488
 893.2 .0499
 893.6 .0432
 894.0 .0380
 894.4 .0404
 894.8 .0426
 895.2 .0434
 895.6 .0409
 896.0 .0411
 896.4 .0514
 896.8 .0648
 897.2 .0776
 897.6 .0799
 898.0 .0777
 898.4 .0761
 898.8 .0691
 899.2 .0680
 899.6 .0763
 900.0 .0841
 900.4 .0943
 900.8 .1042
 901.2 .1106
 901.6 .1202
 902.0 .1326
 902.4 .1413
 902.8 .1475
 903.2 .1642
 903.6 .1843
 904.0 .2028
 904.4 .2054
 904.8 .2095
 905.2 .2319
 905.6 .2527
 906.0 .2610
 906.4 .2683
 906.8 .2853
 907.2 .2991
 907.6 .3125
 908.0 .3209
 908.4 .3267
 908.8 .3378
 909.2 .3539
 909.6 .3657
 910.0 .3628
 910.4 .3618
 910.8 .3580
 911.2 .3497
 911.6 .3494
 912.0 .3555
 912.4 .3599
 912.8 .3488
 913.2 .3452
 913.6 .3606
 914.0 .3752
 914.4 .3797
 914.8 .3780
 915.2 .3776
 915.6 .3806
 916.0 .3728
 916.4 .3683
 916.8 .3799
 917.2 .3876
 917.6 .3962
 918.0 .4113
 918.4 .4149
 918.8 .4107
 919.2 .4134
 919.6 .4099
 920.0 .4098
 920.4 .4165
 920.8 .4179
 921.2 .4150
 921.6 .4125
 922.0 .4162
 922.4 .4177
 922.8 .4135
 923.2 .4148
 923.6 .4174
 924.0 .4138
 924.4 .4102
 924.8 .4087
 925.2 .4086
 925.6 .4019
 926.0 .3970
 926.4 .4036
 926.8 .4127
 927.2 .4206
 927.6 .4191
 928.0 .4140
 928.4 .4116
 928.8 .4098
 929.2 .4113
 929.6 .4119
 930.0 .4154
 930.4 .4192
 930.8 .4172
 931.2 .4181
 931.6 .4183
 932.0 .4114
 932.4 .4118
 932.8 .4160
 933.2 .4280
 933.6 .4273
 934.0 .4276
 934.4 .4265
 934.8 .4343
 935.2 .4451
 935.6 .4311
 936.0 .4287
 936.4 .4404
 936.8 .4383
 937.2 .4348
 937.6 .4428
 938.0 .4417
 938.4 .4430
 938.8 .4531
 939.2 .4577
 939.6 .4586
 940.0 .4573
 940.4 .4562
 940.8 .4549
 941.2 .4560
 941.6 .4609
 942.0 .4652
 942.4 .4609
 942.8 .4553
 943.2 .4558
 943.6 .4580
 944.0 .4561
 944.4 .4566
 944.8 .4610
 945.2 .4595
 945.6 .4566
 946.0 .4572
 946.4 .4570
 946.8 .4506
 947.2 .4436
 947.6 .4283
 948.0 .4181
 948.4 .4382
 948.8 .4536
 949.2 .4522
 949.6 .4503
 950.0 .4484
 950.4 .4498
 950.8 .4461
 951.2 .4316
 951.6 .4095
 952.0 .4074
 952.4 .4313
 952.8 .4480
 953.2 .4471
 953.6 .4482
 954.0 .4463
 954.4 .4421
 954.8 .4423
 955.2 .4410
 955.6 .4393
 956.0 .4361
 956.4 .4334
 956.8 .4234
 957.2 .4131
 957.6 .4143
 958.0 .4190
 958.4 .4169
 958.8 .4089
 959.2 .3994
 959.6 .3901
 960.0 .3903
 960.4 .3803
 960.8 .3607
 961.2 .3535
 961.6 .3499
 962.0 .3301
 962.4 .3066
 962.8 .2897
 963.2 .2736
 963.6 .2548
 964.0 .2531
 964.4 .2570
 964.8 .2465
 965.2 .2302
 965.6 .2252
 966.0 .2219
 966.4 .2209
 966.8 .2200
 967.2 .2255
 967.6 .2324
 968.0 .2354
 968.4 .2278
 968.8 .2122
 969.2 .2003
 969.6 .1988
 970.0 .1904
 970.4 .1569
 970.8 .1279
 971.2 .1351
 971.6 .1650
 972.0 .1880
 972.4 .2017
 972.8 .2071
 973.2 .2006
 973.6 .1885
 974.0 .1793
 974.4 .1797
 974.8 .1869
 975.2 .1968
 975.6 .2059
 976.0 .2097
 976.4 .2039
 976.8 .1966
 977.2 .1868
 977.6 .1782
 978.0 .1799
 978.4 .1871
 978.8 .1870
 979.2 .1818
 979.6 .1794
 980.0 .1775
 980.4 .1664
 980.8 .1543
 981.2 .1495
 981.6 .1420
 982.0 .1314
 982.4 .1244
 982.8 .1132
 983.2 .0987
 983.6 .0980
 984.0 .1019
 984.4 .1016
 984.8 .1069
 985.2 .1147
 985.6 .1161
 986.0 .1125
 986.4 .1102
 986.8 .1046
 987.2 .0931
 987.6 .0770
 988.0 .0606
 988.4 .0518
 988.8 .0513
 989.2 .0598
 989.6 .0694
 990.0 .0732
 990.4 .0736
 990.8 .0765
 991.2 .0785
 991.6 .0813
 992.0 .0863
 992.4 .0937
 992.8 .0933
 993.2 .0894
 993.6 .0883
 994.0 .0884
 994.4 .0887
 994.8 .0871
 995.2 .0816
 995.6 .0744
 996.0 .0685
 996.4 .0733
 996.8 .0870
 997.2 .0984
 997.6 .1063
 998.0 .1070
 998.4 .0956
 998.8 .0852
 999.2 .0894
 999.6 .1052
1000.0 .1130
1000.4 .1136
1000.8 .1144
1001.2 .1122
1001.6 .1077
1002.0 .1053
1002.4 .1100
1002.8 .1161
1003.2 .1206
1003.6 .1203
1004.0 .1123
1004.4 .0991
1004.8 .0882
1005.2 .0831
1005.6 .0814
1006.0 .0780
1006.4 .0751
1006.8 .0784
1007.2 .0824
1007.6 .0807
1008.0 .0794
1008.4 .0790
1008.8 .0775
1009.2 .0753
1009.6 .0730
1010.0 .0711
1010.4 .0708
1010.8 .0700
1011.2 .0691
1011.6 .0682
1012.0 .0671
1012.4 .0710
1012.8 .0786
1013.2 .0838
1013.6 .0838
1014.0 .0813
1014.4 .0817
1014.8 .0843
1015.2 .0860
1015.6 .0888
1016.0 .0928
1016.4 .1000
1016.8 .1083
1017.2 .1139
1017.6 .1152
1018.0 .1206
1018.4 .1294
1018.8 .1336
1019.2 .1317
1019.6 .1302
1020.0 .1330
1020.4 .1351
1020.8 .1286
1021.2 .1238
1021.6 .1298
1022.0 .1394
1022.4 .1428
1022.8 .1378
1023.2 .1345
1023.6 .1369
1024.0 .1395
1024.4 .1400
1024.8 .1387
1025.2 .1392
1025.6 .1424
1026.0 .1448
1026.4 .1433
1026.8 .1409
1027.2 .1433
1027.6 .1537
1028.0 .1646
1028.4 .1727
1028.8 .1752
1029.2 .1795
1029.6 .1783
1030.0 .1751
1030.4 .1774
1030.8 .1777
1031.2 .1734
1031.6 .1708
1032.0 .1723
1032.4 .1738
1032.8 .1724
1033.2 .1763
1033.6 .1795
1034.0 .1857
1034.4 .1960
1034.8 .2048
1035.2 .2067
1035.6 .2047
1036.0 .2053
1036.4 .2140
1036.8 .2235
1037.2 .2306
1037.6 .2356
1038.0 .2445
1038.4 .2543
1038.8 .2616
1039.2 .2603
1039.6 .2596
1040.0 .2679
1040.4 .2774
1040.8 .2764
1041.2 .2812
1041.6 .2868
1042.0 .2895
1042.4 .2960
1042.8 .3010
1043.2 .3088
1043.6 .3188
1044.0 .3271
1044.4 .3281
1044.8 .3274
1045.2 .3355
1045.6 .3407
1046.0 .3492
1046.4 .3546
1046.8 .3628
1047.2 .3732
1047.6 .3731
1048.0 .3797
1048.4 .3823
1048.8 .3907
1049.2 .3974
1049.6 .4007
1050.0 .4039
