 300.4 .6933
 300.8 .6152
 301.2 .5610
 301.6 .5482
 302.0 .5592
 302.4 .5786
 302.8 .5755
 303.2 .5744
 303.6 .5740
 304.0 .5776
 304.4 .5839
 304.8 .5748
 305.2 .5683
 305.6 .5706
 306.0 .5881
 306.4 .5853
 306.8 .5805
 307.2 .5787
 307.6 .5778
 308.0 .5809
 308.4 .5780
 308.8 .5776
 309.2 .5848
 309.6 .5954
 310.0 .5973
 310.4 .5898
 310.8 .5757
 311.2 .5681
 311.6 .5709
 312.0 .5757
 312.4 .5699
 312.8 .5648
 313.2 .5670
 313.6 .5690
 314.0 .5699
 314.4 .5808
 314.8 .5805
 315.2 .5675
 315.6 .5696
 316.0 .5816
 316.4 .5829
 316.8 .5748
 317.2 .5669
 317.6 .5647
 318.0 .5738
 318.4 .5800
 318.8 .5733
 319.2 .5709
 319.6 .5739
 320.0 .5712
 320.4 .5681
 320.8 .5714
 321.2 .5828
 321.6 .5801
 322.0 .5700
 322.4 .5738
 322.8 .5830
 323.2 .5819
 323.6 .5777
 324.0 .5762
 324.4 .5717
 324.8 .5714
 325.2 .5707
 325.6 .5653
 326.0 .5600
 326.4 .5586
 326.8 .5575
 327.2 .5566
 327.6 .5604
 328.0 .5661
 328.4 .5683
 328.8 .5694
 329.2 .5684
 329.6 .5676
 330.0 .5671
 330.4 .5712
 330.8 .5759
 331.2 .5729
 331.6 .5730
 332.0 .5740
 332.4 .5758
 332.8 .5765
 333.2 .5780
 333.6 .5824
 334.0 .5827
 334.4 .5718
 334.8 .5716
 335.2 .5766
 335.6 .5732
 336.0 .5858
 336.4 .5886
 336.8 .5806
 337.2 .5885
 337.6 .5788
 338.0 .5754
 338.4 .5755
 338.8 .5663
 339.2 .5736
 339.6 .5757
 340.0 .5615
 340.4 .5590
 340.8 .5645
 341.2 .5680
 341.6 .5727
 342.0 .5663
 342.4 .5640
 342.8 .5627
 343.2 .5601
 343.6 .5645
 344.0 .5787
 344.4 .5909
 344.8 .5733
 345.2 .5621
 345.6 .5625
 346.0 .5745
 346.4 .5797
 346.8 .5732
 347.2 .5734
 347.6 .5787
 348.0 .5715
 348.4 .5645
 348.8 .5669
 349.2 .5730
 349.6 .5775
 350.0 .5665
 350.4 .5560
 350.8 .5591
 351.2 .5667
 351.6 .5654
 352.0 .5581
 352.4 .5746
 352.8 .5750
 353.2 .5606
 353.6 .5583
 354.0 .5587
 354.4 .5596
 354.8 .5554
 355.2 .5568
 355.6 .5623
 356.0 .5610
 356.4 .5648
 356.8 .5828
 357.2 .5924
 357.6 .5852
 358.0 .5909
 358.4 .6063
 358.8 .5979
 359.2 .5782
 359.6 .5656
 360.0 .5606
 360.4 .5696
 360.8 .5865
 361.2 .5804
 361.6 .5666
 362.0 .5773
 362.4 .5718
 362.8 .5525
 363.2 .5627
 363.6 .5718
 364.0 .5615
 364.4 .5664
 364.8 .5781
 365.2 .5700
 365.6 .5564
 366.0 .5524
 366.4 .5518
 366.8 .5590
 367.2 .5632
 367.6 .5629
 368.0 .5671
 368.4 .5682
 368.8 .5723
 369.2 .5666
 369.6 .5643
 370.0 .5656
 370.4 .5733
 370.8 .5888
 371.2 .5723
 371.6 .5620
 372.0 .5880
 372.4 .5940
 372.8 .5729
 373.2 .5842
 373.6 .6155
 374.0 .6022
 374.4 .5935
 374.8 .6228
 375.2 .6007
 375.6 .5751
 376.0 .5884
 376.4 .5925
 376.8 .5849
 377.2 .5740
 377.6 .5681
 378.0 .5664
 378.4 .5617
 378.8 .5726
 379.2 .5820
 379.6 .5834
 380.0 .5863
 380.4 .5751
 380.8 .5737
 381.2 .5811
 381.6 .5979
 382.0 .6115
 382.4 .6281
 382.8 .6422
 383.2 .6403
 383.6 .6335
 384.0 .6237
 384.4 .5986
 384.8 .5849
 385.2 .5894
 385.6 .5985
 386.0 .6149
 386.4 .5997
 386.8 .5884
 387.2 .5990
 387.6 .5879
 388.0 .5817
 388.4 .5843
 388.8 .5877
 389.2 .5828
 389.6 .5802
 390.0 .5840
 390.4 .5839
 390.8 .5804
 391.2 .5709
 391.6 .5727
 392.0 .5870
 392.4 .5942
 392.8 .6095
 393.2 .6714
 393.6 .6720
 394.0 .6142
 394.4 .5965
 394.8 .5912
 395.2 .5867
 395.6 .5923
 396.0 .5993
 396.4 .6258
 396.8 .6739
 397.2 .6473
 397.6 .5932
 398.0 .5703
 398.4 .5665
 398.8 .5658
 399.2 .5601
 399.6 .5661
 400.0 .5691
 400.4 .5714
 400.8 .5751
 401.2 .5651
 401.6 .5602
 402.0 .5554
 402.4 .5512
 402.8 .5516
 403.2 .5652
 403.6 .5773
 404.0 .5687
 404.4 .5807
 404.8 .5886
 405.2 .5739
 405.6 .5709
 406.0 .5621
 406.4 .5620
 406.8 .5672
 407.2 .5730
 407.6 .5856
 408.0 .5839
 408.4 .5810
 408.8 .5808
 409.2 .5795
 409.6 .5886
 410.0 .6009
 410.4 .5976
 410.8 .5857
 411.2 .5849
 411.6 .5804
 412.0 .5815
 412.4 .5827
 412.8 .5810
 413.2 .5880
 413.6 .5896
 414.0 .5831
 414.4 .5927
 414.8 .5939
 415.2 .5889
 415.6 .5895
 416.0 .5815
 416.4 .5769
 416.8 .5831
 417.2 .5924
 417.6 .5964
 418.0 .5924
 418.4 .5908
 418.8 .5902
 419.2 .5804
 419.6 .5740
 420.0 .5821
 420.4 .5769
 420.8 .5731
 421.2 .5778
 421.6 .5884
 422.0 .5897
 422.4 .5975
 422.8 .6149
 423.2 .5967
 423.6 .5960
 424.0 .6002
 424.4 .5926
 424.8 .5977
 425.2 .6043
 425.6 .5959
 426.0 .6002
 426.4 .5969
 426.8 .5939
 427.2 .6175
 427.6 .6105
 428.0 .5962
 428.4 .6024
 428.8 .6069
 429.2 .6080
 429.6 .6063
 430.0 .6258
 430.4 .6315
 430.8 .6334
 431.2 .6288
 431.6 .5963
 432.0 .5847
 432.4 .6073
 432.8 .6068
 433.2 .5856
 433.6 .5891
 434.0 .6077
 434.4 .6003
 434.8 .5801
 435.2 .5872
 435.6 .5859
 436.0 .5760
 436.4 .5708
 436.8 .5650
 437.2 .5705
 437.6 .5765
 438.0 .5784
 438.4 .6023
 438.8 .6040
 439.2 .5851
 439.6 .5756
 440.0 .5523
 440.4 .5329
 440.8 .5166
 441.2 .5016
 441.6 .5136
 442.0 .5268
 442.4 .5395
 442.8 .5614
 443.2 .5760
 443.6 .5837
 444.0 .5830
 444.4 .5887
 444.8 .5914
 445.2 .5890
 445.6 .5973
 446.0 .6056
 446.4 .5974
 446.8 .5940
 447.2 .5914
 447.6 .5838
 448.0 .5926
 448.4 .5936
 448.8 .5884
 449.2 .5937
 449.6 .5918
 450.0 .5902
 450.4 .5855
 450.8 .5830
 451.2 .5869
 451.6 .5890
 452.0 .5870
 452.4 .5863
 452.8 .5936
 453.2 .5930
 453.6 .5842
 454.0 .5783
 454.4 .5783
 454.8 .5823
 455.2 .5792
 455.6 .5753
 456.0 .5735
 456.4 .5714
 456.8 .5708
 457.2 .5683
 457.6 .5685
 458.0 .5674
 458.4 .5590
 458.8 .5484
 459.2 .5392
 459.6 .5284
 460.0 .5295
 460.4 .5425
 460.8 .5598
 461.2 .5767
 461.6 .5843
 462.0 .5872
 462.4 .5890
 462.8 .5903
 463.2 .5921
 463.6 .5934
 464.0 .5919
 464.4 .5937
 464.8 .5933
 465.2 .5899
 465.6 .5864
 466.0 .5845
 466.4 .5859
 466.8 .5899
 467.2 .5904
 467.6 .5905
 468.0 .5936
 468.4 .5954
 468.8 .5959
 469.2 .5975
 469.6 .5968
 470.0 .5958
 470.4 .5961
 470.8 .5960
 471.2 .5959
 471.6 .5941
 472.0 .5918
 472.4 .5912
 472.8 .5949
 473.2 .5965
 473.6 .5959
 474.0 .5932
 474.4 .5875
 474.8 .5862
 475.2 .5849
 475.6 .5824
 476.0 .5814
 476.4 .5833
 476.8 .5816
 477.2 .5751
 477.6 .5706
 478.0 .5662
 478.4 .5622
 478.8 .5587
 479.2 .5515
 479.6 .5419
 480.0 .5350
 480.4 .5307
 480.8 .5230
 481.2 .5142
 481.6 .5075
 482.0 .5010
 482.4 .4974
 482.8 .4969
 483.2 .4906
 483.6 .4830
 484.0 .4718
 484.4 .4415
 484.8 .4043
 485.2 .3890
 485.6 .3908
 486.0 .3977
 486.4 .4216
 486.8 .4461
 487.2 .4737
 487.6 .5040
 488.0 .5291
 488.4 .5535
 488.8 .5746
 489.2 .5849
 489.6 .5868
 490.0 .5887
 490.4 .5917
 490.8 .5925
 491.2 .5922
 491.6 .5949
 492.0 .5996
 492.4 .5979
 492.8 .5894
 493.2 .5890
 493.6 .5910
 494.0 .5889
 494.4 .5830
 494.8 .5794
 495.2 .5836
 495.6 .5921
 496.0 .5933
 496.4 .5916
 496.8 .5935
 497.2 .5922
 497.6 .5905
 498.0 .5930
 498.4 .5951
 498.8 .5896
 499.2 .5829
 499.6 .5836
 500.0 .5828
 500.4 .5822
 500.8 .5780
 501.2 .5777
 501.6 .5778
 502.0 .5736
 502.4 .5666
 502.8 .5599
 503.2 .5537
 503.6 .5512
 504.0 .5528
 504.4 .5452
 504.8 .5378
 505.2 .5337
 505.6 .5248
 506.0 .5189
 506.4 .5160
 506.8 .5094
 507.2 .5003
 507.6 .4916
 508.0 .4865
 508.4 .4776
 508.8 .4659
 509.2 .4559
 509.6 .4543
 510.0 .4538
 510.4 .4505
 510.8 .4577
 511.2 .4694
 511.6 .4838
 512.0 .5005
 512.4 .5211
 512.8 .5402
 513.2 .5514
 513.6 .5621
 514.0 .5739
 514.4 .5816
 514.8 .5840
 515.2 .5858
 515.6 .5851
 516.0 .5812
 516.4 .5824
 516.8 .5912
 517.2 .5953
 517.6 .5785
 518.0 .5664
 518.4 .5731
 518.8 .5663
 519.2 .5518
 519.6 .5442
 520.0 .5355
 520.4 .5312
 520.8 .5302
 521.2 .5254
 521.6 .5224
 522.0 .5195
 522.4 .5189
 522.8 .5248
 523.2 .5266
 523.6 .5256
 524.0 .5278
 524.4 .5322
 524.8 .5393
 525.2 .5454
 525.6 .5506
 526.0 .5537
 526.4 .5614
 526.8 .5700
 527.2 .5677
 527.6 .5630
 528.0 .5609
 528.4 .5614
 528.8 .5586
 529.2 .5516
 529.6 .5512
 530.0 .5529
 530.4 .5478
 530.8 .5398
 531.2 .5322
 531.6 .5239
 532.0 .5159
 532.4 .5078
 532.8 .5008
 533.2 .4877
 533.6 .4759
 534.0 .4734
 534.4 .4671
 534.8 .4550
 535.2 .4439
 535.6 .4312
 536.0 .4165
 536.4 .4010
 536.8 .3879
 537.2 .3756
 537.6 .3595
 538.0 .3456
 538.4 .3382
 538.8 .3329
 539.2 .3264
 539.6 .3162
 540.0 .3044
 540.4 .2937
 540.8 .2825
 541.2 .2692
 541.6 .2578
 542.0 .2478
 542.4 .2407
 542.8 .2381
 543.2 .2365
 543.6 .2389
 544.0 .2461
 544.4 .2576
 544.8 .2789
 545.2 .3016
 545.6 .3266
 546.0 .3564
 546.4 .3871
 546.8 .4185
 547.2 .4461
 547.6 .4750
 548.0 .5022
 548.4 .5198
 548.8 .5312
 549.2 .5408
 549.6 .5480
 550.0 .5522
 550.4 .5544
 550.8 .5545
 551.2 .5567
 551.6 .5591
 552.0 .5543
 552.4 .5495
 552.8 .5491
 553.2 .5454
 553.6 .5374
 554.0 .5308
 554.4 .5251
 554.8 .5203
 555.2 .5158
 555.6 .5132
 556.0 .5105
 556.4 .5094
 556.8 .5106
 557.2 .5120
 557.6 .5141
 558.0 .5150
 558.4 .5171
 558.8 .5231
 559.2 .5258
 559.6 .5247
 560.0 .5277
 560.4 .5306
 560.8 .5270
 561.2 .5230
 561.6 .5259
 562.0 .5257
 562.4 .5221
 562.8 .5211
 563.2 .5182
 563.6 .5152
 564.0 .5111
 564.4 .5059
 564.8 .4987
 565.2 .4905
 565.6 .4845
 566.0 .4767
 566.4 .4666
 566.8 .4568
 567.2 .4475
 567.6 .4374
 568.0 .4292
 568.4 .4248
 568.8 .4225
 569.2 .4177
 569.6 .4100
 570.0 .4018
 570.4 .3959
 570.8 .3928
 571.2 .3874
 571.6 .3783
 572.0 .3717
 572.4 .3659
 572.8 .3592
 573.2 .3489
 573.6 .3379
 574.0 .3282
 574.4 .3199
 574.8 .3129
 575.2 .3067
 575.6 .3026
 576.0 .3014
 576.4 .3044
 576.8 .3083
 577.2 .3105
 577.6 .3129
 578.0 .3161
 578.4 .3242
 578.8 .3364
 579.2 .3493
 579.6 .3625
 580.0 .3766
 580.4 .3930
 580.8 .4104
 581.2 .4248
 581.6 .4373
 582.0 .4494
 582.4 .4594
 582.8 .4695
 583.2 .4776
 583.6 .4837
 584.0 .4902
 584.4 .4967
 584.8 .5023
 585.2 .5067
 585.6 .5091
 586.0 .5107
 586.4 .5112
 586.8 .5108
 587.2 .5097
 587.6 .5076
 588.0 .5064
 588.4 .5052
 588.8 .5001
 589.2 .4942
 589.6 .4858
 590.0 .4736
 590.4 .4598
 590.8 .4487
 591.2 .4374
 591.6 .4256
 592.0 .4156
 592.4 .4046
 592.8 .3933
 593.2 .3819
 593.6 .3694
 594.0 .3571
 594.4 .3449
 594.8 .3336
 595.2 .3271
 595.6 .3210
 596.0 .3148
 596.4 .3152
 596.8 .3207
 597.2 .3225
 597.6 .3213
 598.0 .3232
 598.4 .3273
 598.8 .3330
 599.2 .3367
 599.6 .3415
 600.0 .3507
 600.4 .3590
 600.8 .3645
 601.2 .3704
 601.6 .3793
 602.0 .3915
 602.4 .4029
 602.8 .4110
 603.2 .4149
 603.6 .4161
 604.0 .4170
 604.4 .4168
 604.8 .4116
 605.2 .4019
 605.6 .3920
 606.0 .3811
 606.4 .3657
 606.8 .3507
 607.2 .3360
 607.6 .3219
 608.0 .3083
 608.4 .2942
 608.8 .2860
 609.2 .2836
 609.6 .2812
 610.0 .2768
 610.4 .2701
 610.8 .2596
 611.2 .2464
 611.6 .2320
 612.0 .2171
 612.4 .2035
 612.8 .1896
 613.2 .1749
 613.6 .1628
 614.0 .1557
 614.4 .1499
 614.8 .1455
 615.2 .1438
 615.6 .1424
 616.0 .1398
 616.4 .1380
 616.8 .1356
 617.2 .1309
 617.6 .1247
 618.0 .1185
 618.4 .1143
 618.8 .1124
 619.2 .1120
 619.6 .1121
 620.0 .1129
 620.4 .1151
 620.8 .1174
 621.2 .1188
 621.6 .1211
 622.0 .1260
 622.4 .1321
 622.8 .1384
 623.2 .1466
 623.6 .1567
 624.0 .1690
 624.4 .1838
 624.8 .1980
 625.2 .2107
 625.6 .2259
 626.0 .2434
 626.4 .2582
 626.8 .2717
 627.2 .2865
 627.6 .3004
 628.0 .3181
 628.4 .3345
 628.8 .3462
 629.2 .3571
 629.6 .3679
 630.0 .3778
 630.4 .3873
 630.8 .3940
 631.2 .3999
 631.6 .4043
 632.0 .4070
 632.4 .4079
 632.8 .4093
 633.2 .4109
 633.6 .4104
 634.0 .4080
 634.4 .4063
 634.8 .4057
 635.2 .4024
 635.6 .3985
 636.0 .3937
 636.4 .3879
 636.8 .3828
 637.2 .3776
 637.6 .3753
 638.0 .3716
 638.4 .3637
 638.8 .3551
 639.2 .3494
 639.6 .3453
 640.0 .3413
 640.4 .3354
 640.8 .3250
 641.2 .3146
 641.6 .3077
 642.0 .3026
 642.4 .2987
 642.8 .2981
 643.2 .3015
 643.6 .3042
 644.0 .3070
 644.4 .3105
 644.8 .3120
 645.2 .3122
 645.6 .3102
 646.0 .3075
 646.4 .3079
 646.8 .3090
 647.2 .3088
 647.6 .3051
 648.0 .2972
 648.4 .2876
 648.8 .2796
 649.2 .2758
 649.6 .2757
 650.0 .2718
 650.4 .2652
 650.8 .2628
 651.2 .2633
 651.6 .2647
 652.0 .2657
 652.4 .2646
 652.8 .2609
 653.2 .2545
 653.6 .2472
 654.0 .2392
 654.4 .2314
 654.8 .2261
 655.2 .2221
 655.6 .2169
 656.0 .2109
 656.4 .2057
 656.8 .2032
 657.2 .2005
 657.6 .1992
 658.0 .1965
 658.4 .1935
 658.8 .1910
 659.2 .1876
 659.6 .1845
 660.0 .1837
 660.4 .1842
 660.8 .1837
 661.2 .1805
 661.6 .1763
 662.0 .1721
 662.4 .1679
 662.8 .1639
 663.2 .1618
 663.6 .1615
 664.0 .1607
 664.4 .1593
 664.8 .1578
 665.2 .1550
 665.6 .1504
 666.0 .1452
 666.4 .1424
 666.8 .1422
 667.2 .1426
 667.6 .1427
 668.0 .1438
 668.4 .1463
 668.8 .1483
 669.2 .1508
 669.6 .1552
 670.0 .1600
 670.4 .1655
 670.8 .1714
 671.2 .1772
 671.6 .1848
 672.0 .1942
 672.4 .2036
 672.8 .2137
 673.2 .2229
 673.6 .2329
 674.0 .2429
 674.4 .2488
 674.8 .2575
 675.2 .2720
 675.6 .2865
 676.0 .2965
 676.4 .3034
 676.8 .3121
 677.2 .3206
 677.6 .3240
 678.0 .3243
 678.4 .3222
 678.8 .3136
 679.2 .2993
 679.6 .2813
 680.0 .2614
 680.4 .2468
 680.8 .2388
 681.2 .2346
 681.6 .2275
 682.0 .2136
 682.4 .1987
 682.8 .1914
 683.2 .1930
 683.6 .1951
 684.0 .1970
 684.4 .2026
 684.8 .2081
 685.2 .2102
 685.6 .2118
 686.0 .2168
 686.4 .2216
 686.8 .2231
 687.2 .2280
 687.6 .2326
 688.0 .2371
 688.4 .2392
 688.8 .2391
 689.2 .2419
 689.6 .2512
 690.0 .2585
 690.4 .2579
 690.8 .2560
 691.2 .2567
 691.6 .2589
 692.0 .2590
 692.4 .2569
 692.8 .2556
 693.2 .2535
 693.6 .2498
 694.0 .2440
 694.4 .2352
 694.8 .2270
 695.2 .2164
 695.6 .2031
 696.0 .1905
 696.4 .1780
 696.8 .1649
 697.2 .1555
 697.6 .1529
 698.0 .1515
 698.4 .1461
 698.8 .1392
 699.2 .1303
 699.6 .1198
 700.0 .1129
 700.4 .1095
 700.8 .1074
 701.2 .1041
 701.6 .1004
 702.0 .0968
 702.4 .0940
 702.8 .0945
 703.2 .0978
 703.6 .1004
 704.0 .0992
 704.4 .0968
 704.8 .0983
 705.2 .1053
 705.6 .1135
 706.0 .1180
 706.4 .1191
 706.8 .1201
 707.2 .1231
 707.6 .1268
 708.0 .1308
 708.4 .1360
 708.8 .1407
 709.2 .1427
 709.6 .1444
 710.0 .1472
 710.4 .1526
 710.8 .1595
 711.2 .1639
 711.6 .1651
 712.0 .1633
 712.4 .1600
 712.8 .1593
 713.2 .1630
 713.6 .1656
 714.0 .1645
 714.4 .1595
 714.8 .1517
 715.2 .1415
 715.6 .1286
 716.0 .1143
 716.4 .1011
 716.8 .0914
 717.2 .0827
 717.6 .0756
 718.0 .0717
 718.4 .0688
 718.8 .0671
 719.2 .0657
 719.6 .0634
 720.0 .0612
 720.4 .0600
 720.8 .0600
 721.2 .0600
 721.6 .0592
 722.0 .0584
 722.4 .0582
 722.8 .0579
 723.2 .0569
 723.6 .0560
 724.0 .0550
 724.4 .0536
 724.8 .0512
 725.2 .0481
 725.6 .0459
 726.0 .0449
 726.4 .0450
 726.8 .0445
 727.2 .0434
 727.6 .0434
 728.0 .0448
 728.4 .0466
 728.8 .0478
 729.2 .0484
 729.6 .0492
 730.0 .0497
 730.4 .0507
 730.8 .0523
 731.2 .0542
 731.6 .0552
 732.0 .0556
 732.4 .0559
 732.8 .0563
 733.2 .0577
 733.6 .0599
 734.0 .0615
 734.4 .0630
 734.8 .0646
 735.2 .0654
 735.6 .0668
 736.0 .0699
 736.4 .0721
 736.8 .0724
 737.2 .0747
 737.6 .0793
 738.0 .0834
 738.4 .0878
 738.8 .0938
 739.2 .1001
 739.6 .1075
 740.0 .1159
 740.4 .1229
 740.8 .1328
 741.2 .1454
 741.6 .1542
 742.0 .1624
 742.4 .1727
 742.8 .1802
 743.2 .1873
 743.6 .1984
 744.0 .2081
 744.4 .2130
 744.8 .2160
 745.2 .2163
 745.6 .2158
 746.0 .2178
 746.4 .2202
 746.8 .2157
 747.2 .2124
 747.6 .2184
 748.0 .2184
 748.4 .2150
 748.8 .2196
 749.2 .2234
 749.6 .2190
 750.0 .2101
 750.4 .2113
 750.8 .2222
 751.2 .2280
 751.6 .2281
 752.0 .2228
 752.4 .2133
 752.8 .2154
 753.2 .2290
 753.6 .2373
 754.0 .2360
 754.4 .2297
 754.8 .2231
 755.2 .2192
 755.6 .2162
 756.0 .2119
 756.4 .2062
 756.8 .1992
 757.2 .1937
 757.6 .1895
 758.0 .1834
 758.4 .1783
 758.8 .1739
 759.2 .1691
 759.6 .1684
 760.0 .1668
 760.4 .1532
 760.8 .1355
 761.2 .1282
 761.6 .1251
 762.0 .1198
 762.4 .1188
 762.8 .1193
 763.2 .1162
 763.6 .1120
 764.0 .1073
 764.4 .1038
 764.8 .1027
 765.2 .1030
 765.6 .1047
 766.0 .1069
 766.4 .1062
 766.8 .1010
 767.2 .0974
 767.6 .1015
 768.0 .1079
 768.4 .1095
 768.8 .1067
 769.2 .1045
 769.6 .1049
 770.0 .1055
 770.4 .1042
 770.8 .1010
 771.2 .1001
 771.6 .1014
 772.0 .1010
 772.4 .0968
 772.8 .0889
 773.2 .0811
 773.6 .0782
 774.0 .0798
 774.4 .0826
 774.8 .0836
 775.2 .0819
 775.6 .0789
 776.0 .0768
 776.4 .0751
 776.8 .0737
 777.2 .0721
 777.6 .0702
 778.0 .0684
 778.4 .0670
 778.8 .0661
 779.2 .0651
 779.6 .0625
 780.0 .0592
 780.4 .0559
 780.8 .0531
 781.2 .0520
 781.6 .0514
 782.0 .0510
 782.4 .0509
 782.8 .0508
 783.2 .0501
 783.6 .0485
 784.0 .0478
 784.4 .0499
 784.8 .0531
 785.2 .0547
 785.6 .0538
 786.0 .0526
 786.4 .0526
 786.8 .0529
 787.2 .0535
 787.6 .0541
 788.0 .0550
 788.4 .0558
 788.8 .0561
 789.2 .0561
 789.6 .0557
 790.0 .0554
 790.4 .0549
 790.8 .0543
 791.2 .0535
 791.6 .0522
 792.0 .0507
 792.4 .0488
 792.8 .0472
 793.2 .0465
 793.6 .0466
 794.0 .0460
 794.4 .0447
 794.8 .0435
 795.2 .0428
 795.6 .0431
 796.0 .0433
 796.4 .0434
 796.8 .0433
 797.2 .0432
 797.6 .0437
 798.0 .0445
 798.4 .0451
 798.8 .0454
 799.2 .0454
 799.6 .0461
 800.0 .0470
 800.4 .0468
 800.8 .0474
 801.2 .0486
 801.6 .0481
 802.0 .0477
 802.4 .0485
 802.8 .0493
 803.2 .0496
 803.6 .0500
 804.0 .0497
 804.4 .0498
 804.8 .0516
 805.2 .0528
 805.6 .0528
 806.0 .0531
 806.4 .0542
 806.8 .0559
 807.2 .0576
 807.6 .0583
 808.0 .0585
 808.4 .0597
 808.8 .0594
 809.2 .0574
 809.6 .0579
 810.0 .0600
 810.4 .0605
 810.8 .0604
 811.2 .0611
 811.6 .0643
 812.0 .0680
 812.4 .0701
 812.8 .0707
 813.2 .0714
 813.6 .0736
 814.0 .0772
 814.4 .0791
 814.8 .0787
 815.2 .0796
 815.6 .0833
 816.0 .0867
 816.4 .0903
 816.8 .0935
 817.2 .0959
 817.6 .0995
 818.0 .1054
 818.4 .1123
 818.8 .1185
 819.2 .1213
 819.6 .1238
 820.0 .1272
 820.4 .1296
 820.8 .1324
 821.2 .1369
 821.6 .1416
 822.0 .1444
 822.4 .1467
 822.8 .1469
 823.2 .1453
 823.6 .1422
 824.0 .1396
 824.4 .1386
 824.8 .1376
 825.2 .1362
 825.6 .1338
 826.0 .1318
 826.4 .1313
 826.8 .1325
 827.2 .1332
 827.6 .1364
 828.0 .1433
 828.4 .1511
 828.8 .1580
 829.2 .1643
 829.6 .1720
 830.0 .1797
 830.4 .1847
 830.8 .1884
 831.2 .1928
 831.6 .1952
 832.0 .1922
 832.4 .1843
 832.8 .1730
 833.2 .1588
 833.6 .1403
 834.0 .1237
 834.4 .1091
 834.8 .0939
 835.2 .0807
 835.6 .0715
 836.0 .0650
 836.4 .0606
 836.8 .0568
 837.2 .0538
 837.6 .0509
 838.0 .0479
 838.4 .0437
 838.8 .0414
 839.2 .0421
 839.6 .0439
 840.0 .0447
 840.4 .0437
 840.8 .0417
 841.2 .0394
 841.6 .0381
 842.0 .0385
 842.4 .0420
 842.8 .0469
 843.2 .0486
 843.6 .0473
 844.0 .0448
 844.4 .0435
 844.8 .0455
 845.2 .0491
 845.6 .0529
 846.0 .0565
 846.4 .0579
 846.8 .0576
 847.2 .0569
 847.6 .0561
 848.0 .0568
 848.4 .0574
 848.8 .0598
 849.2 .0630
 849.6 .0643
 850.0 .0631
 850.4 .0588
 850.8 .0576
 851.2 .0567
 851.6 .0557
 852.0 .0544
 852.4 .0517
 852.8 .0495
 853.2 .0468
 853.6 .0440
 854.0 .0437
 854.4 .0440
 854.8 .0401
 855.2 .0390
 855.6 .0398
 856.0 .0387
 856.4 .0374
 856.8 .0364
 857.2 .0353
 857.6 .0341
 858.0 .0331
 858.4 .0325
 858.8 .0322
 859.2 .0317
 859.6 .0314
 860.0 .0309
 860.4 .0301
 860.8 .0297
 861.2 .0293
 861.6 .0283
 862.0 .0272
 862.4 .0268
 862.8 .0266
 863.2 .0266
 863.6 .0261
 864.0 .0255
 864.4 .0256
 864.8 .0257
 865.2 .0254
 865.6 .0252
 866.0 .0263
 866.4 .0276
 866.8 .0262
 867.2 .0260
 867.6 .0275
 868.0 .0288
 868.4 .0294
 868.8 .0301
 869.2 .0310
 869.6 .0313
 870.0 .0320
 870.4 .0327
 870.8 .0334
 871.2 .0341
 871.6 .0345
 872.0 .0351
 872.4 .0353
 872.8 .0356
 873.2 .0363
 873.6 .0365
 874.0 .0360
 874.4 .0355
 874.8 .0361
 875.2 .0368
 875.6 .0365
 876.0 .0357
 876.4 .0354
 876.8 .0352
 877.2 .0350
 877.6 .0345
 878.0 .0336
 878.4 .0334
 878.8 .0333
 879.2 .0330
 879.6 .0321
 880.0 .0301
 880.4 .0284
 880.8 .0275
 881.2 .0260
 881.6 .0237
 882.0 .0215
 882.4 .0199
 882.8 .0183
 883.2 .0166
 883.6 .0152
 884.0 .0146
 884.4 .0147
 884.8 .0154
 885.2 .0161
 885.6 .0163
 886.0 .0165
 886.4 .0158
 886.8 .0139
 887.2 .0130
 887.6 .0139
 888.0 .0153
 888.4 .0164
 888.8 .0170
 889.2 .0168
 889.6 .0164
 890.0 .0164
 890.4 .0162
 890.8 .0162
 891.2 .0165
 891.6 .0171
 892.0 .0177
 892.4 .0179
 892.8 .0178
 893.2 .0176
 893.6 .0168
 894.0 .0164
 894.4 .0165
 894.8 .0169
 895.2 .0168
 895.6 .0163
 896.0 .0158
 896.4 .0159
 896.8 .0169
 897.2 .0179
 897.6 .0180
 898.0 .0177
 898.4 .0173
 898.8 .0170
 899.2 .0177
 899.6 .0188
 900.0 .0197
 900.4 .0203
 900.8 .0204
 901.2 .0207
 901.6 .0215
 902.0 .0220
 902.4 .0224
 902.8 .0230
 903.2 .0236
 903.6 .0249
 904.0 .0261
 904.4 .0261
 904.8 .0261
 905.2 .0272
 905.6 .0282
 906.0 .0285
 906.4 .0290
 906.8 .0296
 907.2 .0303
 907.6 .0310
 908.0 .0317
 908.4 .0324
 908.8 .0329
 909.2 .0343
 909.6 .0352
 910.0 .0356
 910.4 .0355
 910.8 .0346
 911.2 .0330
 911.6 .0320
 912.0 .0321
 912.4 .0318
 912.8 .0306
 913.2 .0300
 913.6 .0303
 914.0 .0314
 914.4 .0321
 914.8 .0323
 915.2 .0325
 915.6 .0333
 916.0 .0329
 916.4 .0326
 916.8 .0337
 917.2 .0352
 917.6 .0370
 918.0 .0387
 918.4 .0391
 918.8 .0388
 919.2 .0393
 919.6 .0397
 920.0 .0402
 920.4 .0421
 920.8 .0442
 921.2 .0451
 921.6 .0463
 922.0 .0484
 922.4 .0504
 922.8 .0514
 923.2 .0535
 923.6 .0560
 924.0 .0575
 924.4 .0599
 924.8 .0651
 925.2 .0690
 925.6 .0676
 926.0 .0647
 926.4 .0648
 926.8 .0691
 927.2 .0751
 927.6 .0770
 928.0 .0785
 928.4 .0863
 928.8 .0955
 929.2 .1001
 929.6 .1006
 930.0 .0992
 930.4 .1004
 930.8 .1075
 931.2 .1158
 931.6 .1203
 932.0 .1214
 932.4 .1209
 932.8 .1220
 933.2 .1267
 933.6 .1331
 934.0 .1415
 934.4 .1513
 934.8 .1596
 935.2 .1659
 935.6 .1719
 936.0 .1719
 936.4 .1678
 936.8 .1724
 937.2 .1787
 937.6 .1733
 938.0 .1665
 938.4 .1715
 938.8 .1802
 939.2 .1825
 939.6 .1794
 940.0 .1740
 940.4 .1646
 940.8 .1539
 941.2 .1440
 941.6 .1370
 942.0 .1303
 942.4 .1192
 942.8 .1086
 943.2 .0997
 943.6 .0925
 944.0 .0908
 944.4 .0887
 944.8 .0820
 945.2 .0772
 945.6 .0752
 946.0 .0729
 946.4 .0667
 946.8 .0578
 947.2 .0503
 947.6 .0440
 948.0 .0446
 948.4 .0545
 948.8 .0615
 949.2 .0631
 949.6 .0636
 950.0 .0607
 950.4 .0556
 950.8 .0499
 951.2 .0434
 951.6 .0384
 952.0 .0394
 952.4 .0464
 952.8 .0516
 953.2 .0530
 953.6 .0542
 954.0 .0550
 954.4 .0544
 954.8 .0527
 955.2 .0496
 955.6 .0479
 956.0 .0463
 956.4 .0443
 956.8 .0415
 957.2 .0389
 957.6 .0388
 958.0 .0407
 958.4 .0415
 958.8 .0394
 959.2 .0368
 959.6 .0347
 960.0 .0334
 960.4 .0324
 960.8 .0312
 961.2 .0299
 961.6 .0290
 962.0 .0281
 962.4 .0269
 962.8 .0253
 963.2 .0240
 963.6 .0231
 964.0 .0227
 964.4 .0230
 964.8 .0225
 965.2 .0214
 965.6 .0206
 966.0 .0201
 966.4 .0195
 966.8 .0191
 967.2 .0188
 967.6 .0190
 968.0 .0195
 968.4 .0195
 968.8 .0193
 969.2 .0193
 969.6 .0195
 970.0 .0191
 970.4 .0182
 970.8 .0169
 971.2 .0170
 971.6 .0179
 972.0 .0189
 972.4 .0195
 972.8 .0194
 973.2 .0194
 973.6 .0192
 974.0 .0186
 974.4 .0189
 974.8 .0197
 975.2 .0205
 975.6 .0212
 976.0 .0218
 976.4 .0223
 976.8 .0224
 977.2 .0222
 977.6 .0220
 978.0 .0222
 978.4 .0223
 978.8 .0225
 979.2 .0221
 979.6 .0219
 980.0 .0217
 980.4 .0211
 980.8 .0205
 981.2 .0201
 981.6 .0197
 982.0 .0186
 982.4 .0174
 982.8 .0165
 983.2 .0156
 983.6 .0152
 984.0 .0149
 984.4 .0146
 984.8 .0148
 985.2 .0150
 985.6 .0150
 986.0 .0151
 986.4 .0152
 986.8 .0154
 987.2 .0153
 987.6 .0140
 988.0 .0123
 988.4 .0120
 988.8 .0126
 989.2 .0136
 989.6 .0135
 990.0 .0139
 990.4 .0142
 990.8 .0142
 991.2 .0141
 991.6 .0148
 992.0 .0153
 992.4 .0150
 992.8 .0146
 993.2 .0146
 993.6 .0143
 994.0 .0146
 994.4 .0154
 994.8 .0158
 995.2 .0156
 995.6 .0148
 996.0 .0140
 996.4 .0143
 996.8 .0152
 997.2 .0160
 997.6 .0165
 998.0 .0166
 998.4 .0161
 998.8 .0164
 999.2 .0169
 999.6 .0175
1000.0 .0175
1000.4 .0172
1000.8 .0161
1001.2 .0161
1001.6 .0169
1002.0 .0174
1002.4 .0172
1002.8 .0173
1003.2 .0176
1003.6 .0171
1004.0 .0171
1004.4 .0163
1004.8 .0155
1005.2 .0154
1005.6 .0136
1006.0 .0125
1006.4 .0124
1006.8 .0126
1007.2 .0125
1007.6 .0123
1008.0 .0126
1008.4 .0118
1008.8 .0115
1009.2 .0122
1009.6 .0121
1010.0 .0122
1010.4 .0125
1010.8 .0125
1011.2 .0116
1011.6 .0119
1012.0 .0121
1012.4 .0128
1012.8 .0136
1013.2 .0119
1013.6 .0107
1014.0 .0118
1014.4 .0129
1014.8 .0134
1015.2 .0130
1015.6 .0134
1016.0 .0153
1016.4 .0151
1016.8 .0144
1017.2 .0159
1017.6 .0155
1018.0 .0150
1018.4 .0160
1018.8 .0175
1019.2 .0170
1019.6 .0164
1020.0 .0168
1020.4 .0179
1020.8 .0177
1021.2 .0161
1021.6 .0168
1022.0 .0180
1022.4 .0174
1022.8 .0173
1023.2 .0171
1023.6 .0148
1024.0 .0139
1024.4 .0143
1024.8 .0154
1025.2 .0147
1025.6 .0156
1026.0 .0170
1026.4 .0160
1026.8 .0148
1027.2 .0165
1027.6 .0171
1028.0 .0152
1028.4 .0156
1028.8 .0147
1029.2 .0148
1029.6 .0150
1030.0 .0137
1030.4 .0147
1030.8 .0143
1031.2 .0142
1031.6 .0156
1032.0 .0178
1032.4 .0200
1032.8 .0178
1033.2 .0187
1033.6 .0175
1034.0 .0199
1034.4 .0214
1034.8 .0177
1035.2 .0174
1035.6 .0154
1036.0 .0162
1036.4 .0162
1036.8 .0196
1037.2 .0197
1037.6 .0173
1038.0 .0198
1038.4 .0165
1038.8 .0162
1039.2 .0182
1039.6 .0199
1040.0 .0213
1040.4 .0237
1040.8 .0217
1041.2 .0239
1041.6 .0205
1042.0 .0243
1042.4 .0249
1042.8 .0272
1043.2 .0267
1043.6 .0270
1044.0 .0275
1044.4 .0304
1044.8 .0305
1045.2 .0320
1045.6 .0328
1046.0 .0362
1046.4 .0406
1046.8 .0364
1047.2 .0360
1047.6 .0379
1048.0 .0418
1048.4 .0433
1048.8 .0452
1049.2 .0444
1049.6 .0441
1050.0 .0448
