 300.4 .5269
 300.8 .5428
 301.2 .5507
 301.6 .5553
 302.0 .5670
 302.4 .5674
 302.8 .5741
 303.2 .5802
 303.6 .5791
 304.0 .5752
 304.4 .5720
 304.8 .5710
 305.2 .5718
 305.6 .5746
 306.0 .5748
 306.4 .5749
 306.8 .5732
 307.2 .5740
 307.6 .5736
 308.0 .5792
 308.4 .5870
 308.8 .5894
 309.2 .5862
 309.6 .5886
 310.0 .5828
 310.4 .5676
 310.8 .5600
 311.2 .5609
 311.6 .5671
 312.0 .5673
 312.4 .5627
 312.8 .5622
 313.2 .5606
 313.6 .5575
 314.0 .5642
 314.4 .5716
 314.8 .5656
 315.2 .5668
 315.6 .5759
 316.0 .5748
 316.4 .5662
 316.8 .5598
 317.2 .5609
 317.6 .5687
 318.0 .5699
 318.4 .5674
 318.8 .5665
 319.2 .5634
 319.6 .5625
 320.0 .5585
 320.4 .5600
 320.8 .5730
 321.2 .5767
 321.6 .5667
 322.0 .5661
 322.4 .5765
 322.8 .5765
 323.2 .5748
 323.6 .5705
 324.0 .5667
 324.4 .5658
 324.8 .5653
 325.2 .5585
 325.6 .5508
 326.0 .5497
 326.4 .5478
 326.8 .5485
 327.2 .5487
 327.6 .5513
 328.0 .5570
 328.4 .5607
 328.8 .5536
 329.2 .5524
 329.6 .5554
 330.0 .5624
 330.4 .5709
 330.8 .5706
 331.2 .5680
 331.6 .5651
 332.0 .5686
 332.4 .5707
 332.8 .5729
 333.2 .5788
 333.6 .5831
 334.0 .5751
 334.4 .5665
 334.8 .5642
 335.2 .5646
 335.6 .5761
 336.0 .5855
 336.4 .5866
 336.8 .5879
 337.2 .5808
 337.6 .5772
 338.0 .5724
 338.4 .5683
 338.8 .5678
 339.2 .5694
 339.6 .5645
 340.0 .5575
 340.4 .5574
 340.8 .5602
 341.2 .5675
 341.6 .5661
 342.0 .5636
 342.4 .5597
 342.8 .5577
 343.2 .5586
 343.6 .5698
 344.0 .5890
 344.4 .5897
 344.8 .5712
 345.2 .5610
 345.6 .5636
 346.0 .5689
 346.4 .5690
 346.8 .5662
 347.2 .5762
 347.6 .5747
 348.0 .5654
 348.4 .5609
 348.8 .5695
 349.2 .5756
 349.6 .5704
 350.0 .5570
 350.4 .5533
 350.8 .5591
 351.2 .5636
 351.6 .5596
 352.0 .5653
 352.4 .5737
 352.8 .5685
 353.2 .5589
 353.6 .5545
 354.0 .5549
 354.4 .5551
 354.8 .5551
 355.2 .5581
 355.6 .5573
 356.0 .5576
 356.4 .5721
 356.8 .5840
 357.2 .5844
 357.6 .5877
 358.0 .6009
 358.4 .6108
 358.8 .5921
 359.2 .5742
 359.6 .5627
 360.0 .5632
 360.4 .5742
 360.8 .5840
 361.2 .5785
 361.6 .5774
 362.0 .5718
 362.4 .5637
 362.8 .5602
 363.2 .5625
 363.6 .5628
 364.0 .5656
 364.4 .5732
 364.8 .5754
 365.2 .5648
 365.6 .5551
 366.0 .5523
 366.4 .5518
 366.8 .5552
 367.2 .5622
 367.6 .5686
 368.0 .5651
 368.4 .5676
 368.8 .5671
 369.2 .5636
 369.6 .5593
 370.0 .5659
 370.4 .5799
 370.8 .5792
 371.2 .5668
 371.6 .5720
 372.0 .5862
 372.4 .5824
 372.8 .5762
 373.2 .5915
 373.6 .6005
 374.0 .5986
 374.4 .6058
 374.8 .6100
 375.2 .5890
 375.6 .5809
 376.0 .5843
 376.4 .5920
 376.8 .5847
 377.2 .5723
 377.6 .5673
 378.0 .5626
 378.4 .5640
 378.8 .5703
 379.2 .5825
 379.6 .5872
 380.0 .5784
 380.4 .5742
 380.8 .5735
 381.2 .5832
 381.6 .5948
 382.0 .6068
 382.4 .6262
 382.8 .6387
 383.2 .6436
 383.6 .6411
 384.0 .6186
 384.4 .5945
 384.8 .5829
 385.2 .5862
 385.6 .6007
 386.0 .6042
 386.4 .5988
 386.8 .5945
 387.2 .5894
 387.6 .5862
 388.0 .5822
 388.4 .5842
 388.8 .5836
 389.2 .5797
 389.6 .5798
 390.0 .5845
 390.4 .5829
 390.8 .5740
 391.2 .5684
 391.6 .5698
 392.0 .5761
 392.4 .5853
 392.8 .6149
 393.2 .6626
 393.6 .6589
 394.0 .6228
 394.4 .5994
 394.8 .5895
 395.2 .5853
 395.6 .5854
 396.0 .5964
 396.4 .6289
 396.8 .6675
 397.2 .6370
 397.6 .5939
 398.0 .5730
 398.4 .5640
 398.8 .5580
 399.2 .5566
 399.6 .5605
 400.0 .5649
 400.4 .5696
 400.8 .5675
 401.2 .5621
 401.6 .5561
 402.0 .5505
 402.4 .5457
 402.8 .5501
 403.2 .5607
 403.6 .5663
 404.0 .5690
 404.4 .5769
 404.8 .5775
 405.2 .5740
 405.6 .5662
 406.0 .5598
 406.4 .5573
 406.8 .5619
 407.2 .5698
 407.6 .5777
 408.0 .5781
 408.4 .5752
 408.8 .5733
 409.2 .5740
 409.6 .5832
 410.0 .5914
 410.4 .5870
 410.8 .5828
 411.2 .5800
 411.6 .5769
 412.0 .5749
 412.4 .5754
 412.8 .5772
 413.2 .5809
 413.6 .5806
 414.0 .5835
 414.4 .5856
 414.8 .5874
 415.2 .5878
 415.6 .5833
 416.0 .5776
 416.4 .5748
 416.8 .5805
 417.2 .5861
 417.6 .5891
 418.0 .5900
 418.4 .5879
 418.8 .5826
 419.2 .5752
 419.6 .5739
 420.0 .5748
 420.4 .5730
 420.8 .5734
 421.2 .5767
 421.6 .5809
 422.0 .5869
 422.4 .5978
 422.8 .5995
 423.2 .5959
 423.6 .5924
 424.0 .5912
 424.4 .5894
 424.8 .5920
 425.2 .5955
 425.6 .5953
 426.0 .5922
 426.4 .5882
 426.8 .5955
 427.2 .6043
 427.6 .6009
 428.0 .5959
 428.4 .5968
 428.8 .6000
 429.2 .5985
 429.6 .6045
 430.0 .6142
 430.4 .6227
 430.8 .6286
 431.2 .6137
 431.6 .5946
 432.0 .5910
 432.4 .5943
 432.8 .5931
 433.2 .5852
 433.6 .5863
 434.0 .5927
 434.4 .5885
 434.8 .5854
 435.2 .5827
 435.6 .5784
 436.0 .5737
 436.4 .5661
 436.8 .5627
 437.2 .5649
 437.6 .5698
 438.0 .5806
 438.4 .5907
 438.8 .5950
 439.2 .5839
 439.6 .5690
 440.0 .5499
 440.4 .5246
 440.8 .5098
 441.2 .5062
 441.6 .5113
 442.0 .5248
 442.4 .5380
 442.8 .5565
 443.2 .5722
 443.6 .5761
 444.0 .5801
 444.4 .5825
 444.8 .5859
 445.2 .5877
 445.6 .5893
 446.0 .5953
 446.4 .5947
 446.8 .5895
 447.2 .5854
 447.6 .5841
 448.0 .5868
 448.4 .5872
 448.8 .5861
 449.2 .5880
 449.6 .5872
 450.0 .5845
 450.4 .5839
 450.8 .5813
 451.2 .5817
 451.6 .5842
 452.0 .5832
 452.4 .5835
 452.8 .5847
 453.2 .5829
 453.6 .5791
 454.0 .5762
 454.4 .5756
 454.8 .5774
 455.2 .5746
 455.6 .5724
 456.0 .5705
 456.4 .5675
 456.8 .5668
 457.2 .5646
 457.6 .5620
 458.0 .5608
 458.4 .5534
 458.8 .5429
 459.2 .5353
 459.6 .5284
 460.0 .5318
 460.4 .5463
 460.8 .5588
 461.2 .5685
 461.6 .5765
 462.0 .5810
 462.4 .5832
 462.8 .5843
 463.2 .5849
 463.6 .5865
 464.0 .5864
 464.4 .5871
 464.8 .5871
 465.2 .5846
 465.6 .5801
 466.0 .5777
 466.4 .5809
 466.8 .5850
 467.2 .5852
 467.6 .5850
 468.0 .5865
 468.4 .5893
 468.8 .5909
 469.2 .5896
 469.6 .5888
 470.0 .5891
 470.4 .5904
 470.8 .5908
 471.2 .5902
 471.6 .5877
 472.0 .5862
 472.4 .5855
 472.8 .5868
 473.2 .5894
 473.6 .5899
 474.0 .5875
 474.4 .5827
 474.8 .5785
 475.2 .5768
 475.6 .5762
 476.0 .5769
 476.4 .5770
 476.8 .5761
 477.2 .5717
 477.6 .5649
 478.0 .5596
 478.4 .5560
 478.8 .5518
 479.2 .5450
 479.6 .5368
 480.0 .5299
 480.4 .5244
 480.8 .5167
 481.2 .5084
 481.6 .5018
 482.0 .4962
 482.4 .4933
 482.8 .4915
 483.2 .4857
 483.6 .4777
 484.0 .4635
 484.4 .4333
 484.8 .4005
 485.2 .3877
 485.6 .3903
 486.0 .3991
 486.4 .4238
 486.8 .4507
 487.2 .4769
 487.6 .5047
 488.0 .5287
 488.4 .5514
 488.8 .5702
 489.2 .5798
 489.6 .5827
 490.0 .5834
 490.4 .5843
 490.8 .5863
 491.2 .5856
 491.6 .5886
 492.0 .5916
 492.4 .5900
 492.8 .5849
 493.2 .5831
 493.6 .5833
 494.0 .5809
 494.4 .5772
 494.8 .5753
 495.2 .5789
 495.6 .5837
 496.0 .5848
 496.4 .5854
 496.8 .5854
 497.2 .5848
 497.6 .5848
 498.0 .5866
 498.4 .5872
 498.8 .5833
 499.2 .5781
 499.6 .5763
 500.0 .5759
 500.4 .5740
 500.8 .5705
 501.2 .5714
 501.6 .5711
 502.0 .5664
 502.4 .5604
 502.8 .5551
 503.2 .5504
 503.6 .5471
 504.0 .5455
 504.4 .5400
 504.8 .5344
 505.2 .5292
 505.6 .5221
 506.0 .5161
 506.4 .5118
 506.8 .5051
 507.2 .4968
 507.6 .4889
 508.0 .4826
 508.4 .4732
 508.8 .4628
 509.2 .4553
 509.6 .4541
 510.0 .4517
 510.4 .4504
 510.8 .4575
 511.2 .4697
 511.6 .4850
 512.0 .5022
 512.4 .5203
 512.8 .5371
 513.2 .5495
 513.6 .5607
 514.0 .5704
 514.4 .5757
 514.8 .5781
 515.2 .5798
 515.6 .5790
 516.0 .5772
 516.4 .5792
 516.8 .5841
 517.2 .5836
 517.6 .5715
 518.0 .5655
 518.4 .5640
 518.8 .5584
 519.2 .5466
 519.6 .5376
 520.0 .5317
 520.4 .5283
 520.8 .5250
 521.2 .5209
 521.6 .5174
 522.0 .5149
 522.4 .5157
 522.8 .5185
 523.2 .5212
 523.6 .5212
 524.0 .5234
 524.4 .5283
 524.8 .5354
 525.2 .5413
 525.6 .5454
 526.0 .5504
 526.4 .5563
 526.8 .5619
 527.2 .5611
 527.6 .5572
 528.0 .5558
 528.4 .5540
 528.8 .5510
 529.2 .5468
 529.6 .5454
 530.0 .5448
 530.4 .5407
 530.8 .5339
 531.2 .5266
 531.6 .5184
 532.0 .5108
 532.4 .5026
 532.8 .4928
 533.2 .4819
 533.6 .4744
 534.0 .4702
 534.4 .4630
 534.8 .4512
 535.2 .4394
 535.6 .4282
 536.0 .4135
 536.4 .3969
 536.8 .3841
 537.2 .3713
 537.6 .3566
 538.0 .3447
 538.4 .3367
 538.8 .3316
 539.2 .3244
 539.6 .3136
 540.0 .3022
 540.4 .2909
 540.8 .2796
 541.2 .2674
 541.6 .2558
 542.0 .2461
 542.4 .2393
 542.8 .2371
 543.2 .2354
 543.6 .2380
 544.0 .2469
 544.4 .2602
 544.8 .2800
 545.2 .3035
 545.6 .3299
 546.0 .3602
 546.4 .3904
 546.8 .4203
 547.2 .4483
 547.6 .4758
 548.0 .5002
 548.4 .5174
 548.8 .5286
 549.2 .5372
 549.6 .5437
 550.0 .5470
 550.4 .5489
 550.8 .5501
 551.2 .5505
 551.6 .5496
 552.0 .5475
 552.4 .5444
 552.8 .5415
 553.2 .5378
 553.6 .5317
 554.0 .5253
 554.4 .5197
 554.8 .5148
 555.2 .5110
 555.6 .5080
 556.0 .5064
 556.4 .5060
 556.8 .5066
 557.2 .5082
 557.6 .5104
 558.0 .5126
 558.4 .5145
 558.8 .5166
 559.2 .5200
 559.6 .5228
 560.0 .5240
 560.4 .5242
 560.8 .5242
 561.2 .5224
 561.6 .5206
 562.0 .5197
 562.4 .5178
 562.8 .5162
 563.2 .5145
 563.6 .5103
 564.0 .5063
 564.4 .5014
 564.8 .4952
 565.2 .4883
 565.6 .4810
 566.0 .4724
 566.4 .4632
 566.8 .4539
 567.2 .4451
 567.6 .4355
 568.0 .4279
 568.4 .4233
 568.8 .4200
 569.2 .4160
 569.6 .4093
 570.0 .4017
 570.4 .3965
 570.8 .3924
 571.2 .3856
 571.6 .3782
 572.0 .3716
 572.4 .3658
 572.8 .3593
 573.2 .3488
 573.6 .3380
 574.0 .3283
 574.4 .3198
 574.8 .3130
 575.2 .3068
 575.6 .3023
 576.0 .3016
 576.4 .3046
 576.8 .3085
 577.2 .3110
 577.6 .3126
 578.0 .3162
 578.4 .3235
 578.8 .3357
 579.2 .3488
 579.6 .3611
 580.0 .3755
 580.4 .3923
 580.8 .4088
 581.2 .4231
 581.6 .4349
 582.0 .4459
 582.4 .4564
 582.8 .4658
 583.2 .4740
 583.6 .4806
 584.0 .4866
 584.4 .4927
 584.8 .4971
 585.2 .5012
 585.6 .5046
 586.0 .5063
 586.4 .5065
 586.8 .5062
 587.2 .5064
 587.6 .5054
 588.0 .5039
 588.4 .5021
 588.8 .5001
 589.2 .4943
 589.6 .4858
 590.0 .4728
 590.4 .4598
 590.8 .4482
 591.2 .4377
 591.6 .4269
 592.0 .4172
 592.4 .4061
 592.8 .3948
 593.2 .3832
 593.6 .3719
 594.0 .3607
 594.4 .3476
 594.8 .3355
 595.2 .3297
 595.6 .3234
 596.0 .3137
 596.4 .3138
 596.8 .3209
 597.2 .3224
 597.6 .3209
 598.0 .3227
 598.4 .3267
 598.8 .3307
 599.2 .3348
 599.6 .3400
 600.0 .3484
 600.4 .3562
 600.8 .3612
 601.2 .3671
 601.6 .3766
 602.0 .3883
 602.4 .3989
 602.8 .4080
 603.2 .4133
 603.6 .4164
 604.0 .4181
 604.4 .4163
 604.8 .4108
 605.2 .4024
 605.6 .3944
 606.0 .3841
 606.4 .3689
 606.8 .3531
 607.2 .3401
 607.6 .3268
 608.0 .3105
 608.4 .2951
 608.8 .2865
 609.2 .2842
 609.6 .2830
 610.0 .2804
 610.4 .2738
 610.8 .2631
 611.2 .2508
 611.6 .2365
 612.0 .2215
 612.4 .2079
 612.8 .1946
 613.2 .1789
 613.6 .1658
 614.0 .1581
 614.4 .1513
 614.8 .1463
 615.2 .1448
 615.6 .1441
 616.0 .1411
 616.4 .1387
 616.8 .1375
 617.2 .1329
 617.6 .1261
 618.0 .1200
 618.4 .1154
 618.8 .1133
 619.2 .1123
 619.6 .1123
 620.0 .1130
 620.4 .1149
 620.8 .1175
 621.2 .1190
 621.6 .1206
 622.0 .1250
 622.4 .1310
 622.8 .1372
 623.2 .1447
 623.6 .1542
 624.0 .1664
 624.4 .1812
 624.8 .1944
 625.2 .2074
 625.6 .2232
 626.0 .2408
 626.4 .2555
 626.8 .2682
 627.2 .2825
 627.6 .2974
 628.0 .3156
 628.4 .3312
 628.8 .3424
 629.2 .3518
 629.6 .3634
 630.0 .3758
 630.4 .3850
 630.8 .3924
 631.2 .3963
 631.6 .4008
 632.0 .4044
 632.4 .4066
 632.8 .4086
 633.2 .4090
 633.6 .4076
 634.0 .4056
 634.4 .4049
 634.8 .4030
 635.2 .3996
 635.6 .3957
 636.0 .3916
 636.4 .3866
 636.8 .3813
 637.2 .3767
 637.6 .3745
 638.0 .3704
 638.4 .3618
 638.8 .3537
 639.2 .3492
 639.6 .3457
 640.0 .3410
 640.4 .3352
 640.8 .3258
 641.2 .3149
 641.6 .3090
 642.0 .3039
 642.4 .2980
 642.8 .2984
 643.2 .3020
 643.6 .3052
 644.0 .3086
 644.4 .3122
 644.8 .3133
 645.2 .3131
 645.6 .3119
 646.0 .3098
 646.4 .3094
 646.8 .3115
 647.2 .3126
 647.6 .3090
 648.0 .3008
 648.4 .2909
 648.8 .2829
 649.2 .2804
 649.6 .2793
 650.0 .2742
 650.4 .2687
 650.8 .2666
 651.2 .2671
 651.6 .2687
 652.0 .2694
 652.4 .2677
 652.8 .2635
 653.2 .2568
 653.6 .2500
 654.0 .2423
 654.4 .2340
 654.8 .2279
 655.2 .2241
 655.6 .2191
 656.0 .2124
 656.4 .2087
 656.8 .2092
 657.2 .2068
 657.6 .2036
 658.0 .1997
 658.4 .1970
 658.8 .1954
 659.2 .1912
 659.6 .1882
 660.0 .1884
 660.4 .1894
 660.8 .1883
 661.2 .1853
 661.6 .1810
 662.0 .1758
 662.4 .1709
 662.8 .1674
 663.2 .1661
 663.6 .1667
 664.0 .1655
 664.4 .1629
 664.8 .1616
 665.2 .1588
 665.6 .1535
 666.0 .1483
 666.4 .1457
 666.8 .1456
 667.2 .1461
 667.6 .1460
 668.0 .1474
 668.4 .1509
 668.8 .1521
 669.2 .1547
 669.6 .1591
 670.0 .1644
 670.4 .1706
 670.8 .1763
 671.2 .1823
 671.6 .1906
 672.0 .1999
 672.4 .2099
 672.8 .2208
 673.2 .2301
 673.6 .2403
 674.0 .2495
 674.4 .2545
 674.8 .2651
 675.2 .2806
 675.6 .2946
 676.0 .3040
 676.4 .3108
 676.8 .3204
 677.2 .3277
 677.6 .3297
 678.0 .3300
 678.4 .3266
 678.8 .3171
 679.2 .3016
 679.6 .2818
 680.0 .2629
 680.4 .2496
 680.8 .2426
 681.2 .2391
 681.6 .2300
 682.0 .2140
 682.4 .2000
 682.8 .1946
 683.2 .1973
 683.6 .1989
 684.0 .2012
 684.4 .2089
 684.8 .2146
 685.2 .2132
 685.6 .2154
 686.0 .2215
 686.4 .2256
 686.8 .2247
 687.2 .2302
 687.6 .2418
 688.0 .2436
 688.4 .2409
 688.8 .2394
 689.2 .2473
 689.6 .2608
 690.0 .2666
 690.4 .2623
 690.8 .2592
 691.2 .2599
 691.6 .2623
 692.0 .2646
 692.4 .2633
 692.8 .2609
 693.2 .2571
 693.6 .2514
 694.0 .2441
 694.4 .2371
 694.8 .2306
 695.2 .2189
 695.6 .2048
 696.0 .1909
 696.4 .1777
 696.8 .1643
 697.2 .1567
 697.6 .1564
 698.0 .1540
 698.4 .1479
 698.8 .1401
 699.2 .1300
 699.6 .1197
 700.0 .1141
 700.4 .1121
 700.8 .1097
 701.2 .1055
 701.6 .1014
 702.0 .0980
 702.4 .0958
 702.8 .0981
 703.2 .1014
 703.6 .1025
 704.0 .1009
 704.4 .0987
 704.8 .1015
 705.2 .1099
 705.6 .1176
 706.0 .1209
 706.4 .1214
 706.8 .1227
 707.2 .1265
 707.6 .1307
 708.0 .1350
 708.4 .1401
 708.8 .1441
 709.2 .1459
 709.6 .1479
 710.0 .1511
 710.4 .1577
 710.8 .1644
 711.2 .1676
 711.6 .1678
 712.0 .1653
 712.4 .1623
 712.8 .1634
 713.2 .1672
 713.6 .1696
 714.0 .1670
 714.4 .1606
 714.8 .1522
 715.2 .1415
 715.6 .1283
 716.0 .1141
 716.4 .1016
 716.8 .0922
 717.2 .0837
 717.6 .0777
 718.0 .0743
 718.4 .0713
 718.8 .0702
 719.2 .0684
 719.6 .0656
 720.0 .0636
 720.4 .0629
 720.8 .0630
 721.2 .0623
 721.6 .0610
 722.0 .0603
 722.4 .0601
 722.8 .0596
 723.2 .0587
 723.6 .0583
 724.0 .0574
 724.4 .0559
 724.8 .0527
 725.2 .0495
 725.6 .0477
 726.0 .0469
 726.4 .0474
 726.8 .0465
 727.2 .0451
 727.6 .0456
 728.0 .0473
 728.4 .0489
 728.8 .0498
 729.2 .0508
 729.6 .0520
 730.0 .0522
 730.4 .0532
 730.8 .0549
 731.2 .0565
 731.6 .0575
 732.0 .0581
 732.4 .0584
 732.8 .0587
 733.2 .0602
 733.6 .0622
 734.0 .0637
 734.4 .0652
 734.8 .0672
 735.2 .0677
 735.6 .0695
 736.0 .0732
 736.4 .0746
 736.8 .0744
 737.2 .0778
 737.6 .0827
 738.0 .0864
 738.4 .0914
 738.8 .0977
 739.2 .1043
 739.6 .1118
 740.0 .1200
 740.4 .1272
 740.8 .1385
 741.2 .1513
 741.6 .1591
 742.0 .1679
 742.4 .1779
 742.8 .1848
 743.2 .1925
 743.6 .2045
 744.0 .2131
 744.4 .2173
 744.8 .2197
 745.2 .2195
 745.6 .2191
 746.0 .2212
 746.4 .2234
 746.8 .2182
 747.2 .2162
 747.6 .2236
 748.0 .2205
 748.4 .2184
 748.8 .2240
 749.2 .2249
 749.6 .2199
 750.0 .2130
 750.4 .2181
 750.8 .2271
 751.2 .2302
 751.6 .2307
 752.0 .2242
 752.4 .2151
 752.8 .2225
 753.2 .2356
 753.6 .2409
 754.0 .2373
 754.4 .2304
 754.8 .2244
 755.2 .2221
 755.6 .2185
 756.0 .2138
 756.4 .2075
 756.8 .2006
 757.2 .1953
 757.6 .1913
 758.0 .1839
 758.4 .1794
 758.8 .1736
 759.2 .1684
 759.6 .1599
 760.0 .1531
 760.4 .1483
 760.8 .1418
 761.2 .1377
 761.6 .1327
 762.0 .1245
 762.4 .1191
 762.8 .1191
 763.2 .1168
 763.6 .1138
 764.0 .1102
 764.4 .1068
 764.8 .1061
 765.2 .1065
 765.6 .1084
 766.0 .1100
 766.4 .1075
 766.8 .1021
 767.2 .1005
 767.6 .1063
 768.0 .1108
 768.4 .1104
 768.8 .1074
 769.2 .1060
 769.6 .1076
 770.0 .1082
 770.4 .1065
 770.8 .1030
 771.2 .1018
 771.6 .1025
 772.0 .1010
 772.4 .0961
 772.8 .0885
 773.2 .0825
 773.6 .0812
 774.0 .0828
 774.4 .0846
 774.8 .0845
 775.2 .0824
 775.6 .0796
 776.0 .0777
 776.4 .0765
 776.8 .0758
 777.2 .0738
 777.6 .0717
 778.0 .0696
 778.4 .0678
 778.8 .0669
 779.2 .0659
 779.6 .0636
 780.0 .0608
 780.4 .0579
 780.8 .0546
 781.2 .0531
 781.6 .0523
 782.0 .0521
 782.4 .0521
 782.8 .0522
 783.2 .0515
 783.6 .0505
 784.0 .0502
 784.4 .0522
 784.8 .0546
 785.2 .0558
 785.6 .0550
 786.0 .0546
 786.4 .0549
 786.8 .0553
 787.2 .0558
 787.6 .0561
 788.0 .0567
 788.4 .0573
 788.8 .0578
 789.2 .0581
 789.6 .0580
 790.0 .0580
 790.4 .0570
 790.8 .0555
 791.2 .0545
 791.6 .0531
 792.0 .0517
 792.4 .0502
 792.8 .0490
 793.2 .0482
 793.6 .0481
 794.0 .0472
 794.4 .0454
 794.8 .0443
 795.2 .0442
 795.6 .0446
 796.0 .0454
 796.4 .0459
 796.8 .0454
 797.2 .0450
 797.6 .0454
 798.0 .0457
 798.4 .0463
 798.8 .0470
 799.2 .0474
 799.6 .0484
 800.0 .0491
 800.4 .0486
 800.8 .0491
 801.2 .0498
 801.6 .0491
 802.0 .0492
 802.4 .0505
 802.8 .0515
 803.2 .0519
 803.6 .0519
 804.0 .0514
 804.4 .0515
 804.8 .0531
 805.2 .0541
 805.6 .0544
 806.0 .0554
 806.4 .0568
 806.8 .0583
 807.2 .0596
 807.6 .0598
 808.0 .0598
 808.4 .0608
 808.8 .0606
 809.2 .0590
 809.6 .0604
 810.0 .0624
 810.4 .0626
 810.8 .0626
 811.2 .0639
 811.6 .0672
 812.0 .0702
 812.4 .0722
 812.8 .0735
 813.2 .0747
 813.6 .0778
 814.0 .0805
 814.4 .0813
 814.8 .0809
 815.2 .0830
 815.6 .0875
 816.0 .0907
 816.4 .0951
 816.8 .0990
 817.2 .1014
 817.6 .1040
 818.0 .1103
 818.4 .1166
 818.8 .1218
 819.2 .1254
 819.6 .1289
 820.0 .1328
 820.4 .1357
 820.8 .1377
 821.2 .1411
 821.6 .1438
 822.0 .1462
 822.4 .1479
 822.8 .1498
 823.2 .1516
 823.6 .1485
 824.0 .1440
 824.4 .1417
 824.8 .1390
 825.2 .1363
 825.6 .1342
 826.0 .1337
 826.4 .1351
 826.8 .1372
 827.2 .1377
 827.6 .1420
 828.0 .1495
 828.4 .1561
 828.8 .1621
 829.2 .1691
 829.6 .1777
 830.0 .1854
 830.4 .1912
 830.8 .1954
 831.2 .1980
 831.6 .1969
 832.0 .1917
 832.4 .1829
 832.8 .1696
 833.2 .1549
 833.6 .1370
 834.0 .1226
 834.4 .1081
 834.8 .0923
 835.2 .0803
 835.6 .0713
 836.0 .0645
 836.4 .0609
 836.8 .0572
 837.2 .0547
 837.6 .0516
 838.0 .0489
 838.4 .0446
 838.8 .0431
 839.2 .0442
 839.6 .0454
 840.0 .0455
 840.4 .0444
 840.8 .0427
 841.2 .0408
 841.6 .0404
 842.0 .0415
 842.4 .0449
 842.8 .0491
 843.2 .0496
 843.6 .0479
 844.0 .0460
 844.4 .0460
 844.8 .0486
 845.2 .0524
 845.6 .0559
 846.0 .0586
 846.4 .0593
 846.8 .0586
 847.2 .0582
 847.6 .0579
 848.0 .0592
 848.4 .0596
 848.8 .0630
 849.2 .0655
 849.6 .0651
 850.0 .0628
 850.4 .0611
 850.8 .0600
 851.2 .0574
 851.6 .0565
 852.0 .0556
 852.4 .0528
 852.8 .0509
 853.2 .0481
 853.6 .0452
 854.0 .0438
 854.4 .0436
 854.8 .0427
 855.2 .0419
 855.6 .0413
 856.0 .0398
 856.4 .0387
 856.8 .0378
 857.2 .0365
 857.6 .0353
 858.0 .0342
 858.4 .0336
 858.8 .0334
 859.2 .0330
 859.6 .0325
 860.0 .0321
 860.4 .0314
 860.8 .0310
 861.2 .0304
 861.6 .0294
 862.0 .0285
 862.4 .0280
 862.8 .0279
 863.2 .0278
 863.6 .0273
 864.0 .0269
 864.4 .0270
 864.8 .0269
 865.2 .0267
 865.6 .0268
 866.0 .0275
 866.4 .0282
 866.8 .0285
 867.2 .0285
 867.6 .0295
 868.0 .0304
 868.4 .0310
 868.8 .0318
 869.2 .0328
 869.6 .0333
 870.0 .0340
 870.4 .0345
 870.8 .0350
 871.2 .0357
 871.6 .0363
 872.0 .0370
 872.4 .0372
 872.8 .0373
 873.2 .0381
 873.6 .0384
 874.0 .0377
 874.4 .0373
 874.8 .0381
 875.2 .0385
 875.6 .0380
 876.0 .0376
 876.4 .0374
 876.8 .0372
 877.2 .0368
 877.6 .0362
 878.0 .0355
 878.4 .0353
 878.8 .0348
 879.2 .0340
 879.6 .0331
 880.0 .0315
 880.4 .0295
 880.8 .0284
 881.2 .0274
 881.6 .0250
 882.0 .0224
 882.4 .0207
 882.8 .0193
 883.2 .0175
 883.6 .0160
 884.0 .0154
 884.4 .0157
 884.8 .0167
 885.2 .0173
 885.6 .0174
 886.0 .0176
 886.4 .0165
 886.8 .0144
 887.2 .0138
 887.6 .0151
 888.0 .0166
 888.4 .0175
 888.8 .0181
 889.2 .0176
 889.6 .0174
 890.0 .0177
 890.4 .0172
 890.8 .0172
 891.2 .0177
 891.6 .0183
 892.0 .0188
 892.4 .0188
 892.8 .0189
 893.2 .0187
 893.6 .0179
 894.0 .0175
 894.4 .0179
 894.8 .0183
 895.2 .0184
 895.6 .0177
 896.0 .0171
 896.4 .0176
 896.8 .0185
 897.2 .0191
 897.6 .0192
 898.0 .0190
 898.4 .0186
 898.8 .0183
 899.2 .0194
 899.6 .0205
 900.0 .0210
 900.4 .0217
 900.8 .0221
 901.2 .0224
 901.6 .0229
 902.0 .0236
 902.4 .0242
 902.8 .0248
 903.2 .0259
 903.6 .0270
 904.0 .0279
 904.4 .0281
 904.8 .0283
 905.2 .0292
 905.6 .0300
 906.0 .0302
 906.4 .0311
 906.8 .0320
 907.2 .0327
 907.6 .0334
 908.0 .0341
 908.4 .0347
 908.8 .0354
 909.2 .0367
 909.6 .0376
 910.0 .0379
 910.4 .0375
 910.8 .0368
 911.2 .0355
 911.6 .0345
 912.0 .0343
 912.4 .0337
 912.8 .0328
 913.2 .0325
 913.6 .0333
 914.0 .0344
 914.4 .0346
 914.8 .0348
 915.2 .0351
 915.6 .0357
 916.0 .0357
 916.4 .0357
 916.8 .0367
 917.2 .0380
 917.6 .0398
 918.0 .0412
 918.4 .0417
 918.8 .0418
 919.2 .0422
 919.6 .0426
 920.0 .0433
 920.4 .0449
 920.8 .0466
 921.2 .0480
 921.6 .0494
 922.0 .0512
 922.4 .0525
 922.8 .0538
 923.2 .0559
 923.6 .0582
 924.0 .0607
 924.4 .0637
 924.8 .0675
 925.2 .0701
 925.6 .0698
 926.0 .0686
 926.4 .0694
 926.8 .0726
 927.2 .0766
 927.6 .0799
 928.0 .0841
 928.4 .0907
 928.8 .0973
 929.2 .1016
 929.6 .1032
 930.0 .1041
 930.4 .1067
 930.8 .1121
 931.2 .1183
 931.6 .1226
 932.0 .1247
 932.4 .1262
 932.8 .1289
 933.2 .1334
 933.6 .1400
 934.0 .1492
 934.4 .1593
 934.8 .1678
 935.2 .1735
 935.6 .1759
 936.0 .1762
 936.4 .1777
 936.8 .1804
 937.2 .1821
 937.6 .1822
 938.0 .1822
 938.4 .1848
 938.8 .1888
 939.2 .1890
 939.6 .1843
 940.0 .1774
 940.4 .1696
 940.8 .1609
 941.2 .1517
 941.6 .1422
 942.0 .1325
 942.4 .1230
 942.8 .1139
 943.2 .1064
 943.6 .1013
 944.0 .0978
 944.4 .0942
 944.8 .0894
 945.2 .0844
 945.6 .0803
 946.0 .0762
 946.4 .0708
 946.8 .0637
 947.2 .0564
 947.6 .0520
 948.0 .0530
 948.4 .0584
 948.8 .0639
 949.2 .0658
 949.6 .0650
 950.0 .0628
 950.4 .0594
 950.8 .0541
 951.2 .0484
 951.6 .0449
 952.0 .0460
 952.4 .0510
 952.8 .0556
 953.2 .0576
 953.6 .0580
 954.0 .0580
 954.4 .0573
 954.8 .0554
 955.2 .0534
 955.6 .0516
 956.0 .0499
 956.4 .0478
 956.8 .0455
 957.2 .0436
 957.6 .0429
 958.0 .0437
 958.4 .0440
 958.8 .0427
 959.2 .0408
 959.6 .0389
 960.0 .0377
 960.4 .0364
 960.8 .0349
 961.2 .0336
 961.6 .0325
 962.0 .0315
 962.4 .0303
 962.8 .0291
 963.2 .0278
 963.6 .0267
 964.0 .0265
 964.4 .0262
 964.8 .0254
 965.2 .0244
 965.6 .0237
 966.0 .0231
 966.4 .0229
 966.8 .0225
 967.2 .0223
 967.6 .0224
 968.0 .0223
 968.4 .0222
 968.8 .0219
 969.2 .0218
 969.6 .0220
 970.0 .0216
 970.4 .0204
 970.8 .0192
 971.2 .0195
 971.6 .0206
 972.0 .0210
 972.4 .0214
 972.8 .0219
 973.2 .0218
 973.6 .0217
 974.0 .0220
 974.4 .0222
 974.8 .0227
 975.2 .0231
 975.6 .0240
 976.0 .0247
 976.4 .0250
 976.8 .0254
 977.2 .0255
 977.6 .0252
 978.0 .0253
 978.4 .0257
 978.8 .0256
 979.2 .0252
 979.6 .0251
 980.0 .0249
 980.4 .0242
 980.8 .0233
 981.2 .0231
 981.6 .0225
 982.0 .0217
 982.4 .0208
 982.8 .0195
 983.2 .0182
 983.6 .0175
 984.0 .0176
 984.4 .0171
 984.8 .0175
 985.2 .0182
 985.6 .0180
 986.0 .0180
 986.4 .0179
 986.8 .0179
 987.2 .0183
 987.6 .0170
 988.0 .0156
 988.4 .0153
 988.8 .0157
 989.2 .0171
 989.6 .0186
 990.0 .0184
 990.4 .0179
 990.8 .0179
 991.2 .0182
 991.6 .0183
 992.0 .0184
 992.4 .0187
 992.8 .0188
 993.2 .0182
 993.6 .0182
 994.0 .0187
 994.4 .0186
 994.8 .0191
 995.2 .0194
 995.6 .0191
 996.0 .0184
 996.4 .0181
 996.8 .0190
 997.2 .0203
 997.6 .0205
 998.0 .0208
 998.4 .0194
 998.8 .0177
 999.2 .0193
 999.6 .0210
1000.0 .0211
