 300.4 .2601
 300.8 .2604
 301.2 .2576
 301.6 .2539
 302.0 .2573
 302.4 .2614
 302.8 .2633
 303.2 .2631
 303.6 .2600
 304.0 .2572
 304.4 .2582
 304.8 .2557
 305.2 .2539
 305.6 .2528
 306.0 .2534
 306.4 .2537
 306.8 .2539
 307.2 .2546
 307.6 .2554
 308.0 .2568
 308.4 .2571
 308.8 .2559
 309.2 .2528
 309.6 .2517
 310.0 .2529
 310.4 .2491
 310.8 .2453
 311.2 .2447
 311.6 .2442
 312.0 .2426
 312.4 .2411
 312.8 .2415
 313.2 .2414
 313.6 .2391
 314.0 .2383
 314.4 .2409
 314.8 .2383
 315.2 .2375
 315.6 .2410
 316.0 .2411
 316.4 .2367
 316.8 .2360
 317.2 .2358
 317.6 .2370
 318.0 .2388
 318.4 .2359
 318.8 .2333
 319.2 .2352
 319.6 .2349
 320.0 .2320
 320.4 .2307
 320.8 .2325
 321.2 .2358
 321.6 .2330
 322.0 .2313
 322.4 .2331
 322.8 .2330
 323.2 .2298
 323.6 .2297
 324.0 .2281
 324.4 .2280
 324.8 .2292
 325.2 .2273
 325.6 .2244
 326.0 .2246
 326.4 .2254
 326.8 .2243
 327.2 .2245
 327.6 .2238
 328.0 .2244
 328.4 .2235
 328.8 .2230
 329.2 .2208
 329.6 .2216
 330.0 .2223
 330.4 .2251
 330.8 .2245
 331.2 .2217
 331.6 .2214
 332.0 .2211
 332.4 .2223
 332.8 .2216
 333.2 .2218
 333.6 .2226
 334.0 .2200
 334.4 .2177
 334.8 .2181
 335.2 .2179
 335.6 .2177
 336.0 .2229
 336.4 .2187
 336.8 .2192
 337.2 .2194
 337.6 .2153
 338.0 .2175
 338.4 .2154
 338.8 .2148
 339.2 .2160
 339.6 .2140
 340.0 .2120
 340.4 .2134
 340.8 .2137
 341.2 .2132
 341.6 .2141
 342.0 .2115
 342.4 .2130
 342.8 .2115
 343.2 .2108
 343.6 .2119
 344.0 .2153
 344.4 .2148
 344.8 .2102
 345.2 .2098
 345.6 .2101
 346.0 .2111
 346.4 .2086
 346.8 .2086
 347.2 .2094
 347.6 .2112
 348.0 .2070
 348.4 .2075
 348.8 .2073
 349.2 .2091
 349.6 .2072
 350.0 .2052
 350.4 .2051
 350.8 .2064
 351.2 .2068
 351.6 .2057
 352.0 .2058
 352.4 .2090
 352.8 .2059
 353.2 .2042
 353.6 .2043
 354.0 .2040
 354.4 .2039
 354.8 .2037
 355.2 .2043
 355.6 .2043
 356.0 .2033
 356.4 .2048
 356.8 .2082
 357.2 .2065
 357.6 .2052
 358.0 .2089
 358.4 .2085
 358.8 .2053
 359.2 .2023
 359.6 .2026
 360.0 .2026
 360.4 .2053
 360.8 .2059
 361.2 .2047
 361.6 .2034
 362.0 .2042
 362.4 .2009
 362.8 .2013
 363.2 .2043
 363.6 .2015
 364.0 .2011
 364.4 .2035
 364.8 .2039
 365.2 .2011
 365.6 .2001
 366.0 .1999
 366.4 .2003
 366.8 .2002
 367.2 .2007
 367.6 .2013
 368.0 .2022
 368.4 .2010
 368.8 .2017
 369.2 .1998
 369.6 .2008
 370.0 .2007
 370.4 .2035
 370.8 .2035
 371.2 .2000
 371.6 .2013
 372.0 .2056
 372.4 .2028
 372.8 .2024
 373.2 .2051
 373.6 .2074
 374.0 .2035
 374.4 .2073
 374.8 .2081
 375.2 .2031
 375.6 .2024
 376.0 .2059
 376.4 .2046
 376.8 .2045
 377.2 .2027
 377.6 .2025
 378.0 .2030
 378.4 .2034
 378.8 .2054
 379.2 .2053
 379.6 .2062
 380.0 .2048
 380.4 .2028
 380.8 .2050
 381.2 .2060
 381.6 .2095
 382.0 .2093
 382.4 .2106
 382.8 .2126
 383.2 .2117
 383.6 .2121
 384.0 .2100
 384.4 .2065
 384.8 .2070
 385.2 .2082
 385.6 .2096
 386.0 .2110
 386.4 .2087
 386.8 .2101
 387.2 .2109
 387.6 .2093
 388.0 .2117
 388.4 .2114
 388.8 .2124
 389.2 .2110
 389.6 .2125
 390.0 .2141
 390.4 .2145
 390.8 .2130
 391.2 .2123
 391.6 .2140
 392.0 .2155
 392.4 .2169
 392.8 .2214
 393.2 .2262
 393.6 .2224
 394.0 .2190
 394.4 .2199
 394.8 .2191
 395.2 .2192
 395.6 .2205
 396.0 .2228
 396.4 .2286
 396.8 .2306
 397.2 .2242
 397.6 .2212
 398.0 .2213
 398.4 .2221
 398.8 .2218
 399.2 .2220
 399.6 .2231
 400.0 .2240
 400.4 .2249
 400.8 .2258
 401.2 .2253
 401.6 .2260
 402.0 .2259
 402.4 .2264
 402.8 .2277
 403.2 .2302
 403.6 .2301
 404.0 .2312
 404.4 .2335
 404.8 .2336
 405.2 .2332
 405.6 .2352
 406.0 .2355
 406.4 .2369
 406.8 .2366
 407.2 .2383
 407.6 .2390
 408.0 .2392
 408.4 .2386
 408.8 .2393
 409.2 .2402
 409.6 .2424
 410.0 .2434
 410.4 .2431
 410.8 .2431
 411.2 .2453
 411.6 .2458
 412.0 .2470
 412.4 .2478
 412.8 .2493
 413.2 .2506
 413.6 .2510
 414.0 .2521
 414.4 .2547
 414.8 .2542
 415.2 .2559
 415.6 .2561
 416.0 .2560
 416.4 .2568
 416.8 .2587
 417.2 .2599
 417.6 .2607
 418.0 .2618
 418.4 .2631
 418.8 .2637
 419.2 .2641
 419.6 .2660
 420.0 .2672
 420.4 .2663
 420.8 .2672
 421.2 .2687
 421.6 .2696
 422.0 .2711
 422.4 .2735
 422.8 .2752
 423.2 .2735
 423.6 .2761
 424.0 .2754
 424.4 .2760
 424.8 .2778
 425.2 .2793
 425.6 .2801
 426.0 .2809
 426.4 .2807
 426.8 .2829
 427.2 .2856
 427.6 .2845
 428.0 .2856
 428.4 .2871
 428.8 .2875
 429.2 .2886
 429.6 .2899
 430.0 .2934
 430.4 .2940
 430.8 .2959
 431.2 .2942
 431.6 .2921
 432.0 .2948
 432.4 .2971
 432.8 .2959
 433.2 .2956
 433.6 .2975
 434.0 .2996
 434.4 .2977
 434.8 .3004
 435.2 .3032
 435.6 .3027
 436.0 .3040
 436.4 .3042
 436.8 .3053
 437.2 .3065
 437.6 .3081
 438.0 .3098
 438.4 .3136
 438.8 .3121
 439.2 .3131
 439.6 .3130
 440.0 .3143
 440.4 .3149
 440.8 .3145
 441.2 .3149
 441.6 .3167
 442.0 .3170
 442.4 .3188
 442.8 .3200
 443.2 .3217
 443.6 .3220
 444.0 .3216
 444.4 .3237
 444.8 .3238
 445.2 .3261
 445.6 .3277
 446.0 .3282
 446.4 .3298
 446.8 .3295
 447.2 .3301
 447.6 .3312
 448.0 .3328
 448.4 .3339
 448.8 .3333
 449.2 .3354
 449.6 .3361
 450.0 .3358
 450.4 .3370
 450.8 .3373
 451.2 .3382
 451.6 .3398
 452.0 .3401
 452.4 .3418
 452.8 .3445
 453.2 .3441
 453.6 .3446
 454.0 .3444
 454.4 .3460
 454.8 .3474
 455.2 .3476
 455.6 .3484
 456.0 .3491
 456.4 .3493
 456.8 .3501
 457.2 .3509
 457.6 .3513
 458.0 .3535
 458.4 .3539
 458.8 .3540
 459.2 .3553
 459.6 .3559
 460.0 .3567
 460.4 .3580
 460.8 .3583
 461.2 .3592
 461.6 .3602
 462.0 .3606
 462.4 .3613
 462.8 .3622
 463.2 .3628
 463.6 .3642
 464.0 .3648
 464.4 .3653
 464.8 .3673
 465.2 .3664
 465.6 .3668
 466.0 .3673
 466.4 .3692
 466.8 .3708
 467.2 .3704
 467.6 .3712
 468.0 .3718
 468.4 .3725
 468.8 .3733
 469.2 .3739
 469.6 .3740
 470.0 .3753
 470.4 .3768
 470.8 .3772
 471.2 .3773
 471.6 .3777
 472.0 .3774
 472.4 .3788
 472.8 .3799
 473.2 .3805
 473.6 .3810
 474.0 .3823
 474.4 .3824
 474.8 .3824
 475.2 .3831
 475.6 .3842
 476.0 .3846
 476.4 .3862
 476.8 .3866
 477.2 .3866
 477.6 .3871
 478.0 .3878
 478.4 .3889
 478.8 .3895
 479.2 .3896
 479.6 .3894
 480.0 .3907
 480.4 .3907
 480.8 .3917
 481.2 .3917
 481.6 .3917
 482.0 .3918
 482.4 .3933
 482.8 .3935
 483.2 .3941
 483.6 .3942
 484.0 .3947
 484.4 .3932
 484.8 .3912
 485.2 .3911
 485.6 .3929
 486.0 .3932
 486.4 .3954
 486.8 .3977
 487.2 .4016
 487.6 .4013
 488.0 .4027
 488.4 .4042
 488.8 .4056
 489.2 .4065
 489.6 .4051
 490.0 .4059
 490.4 .4066
 490.8 .4069
 491.2 .4082
 491.6 .4084
 492.0 .4112
 492.4 .4098
 492.8 .4104
 493.2 .4112
 493.6 .4116
 494.0 .4124
 494.4 .4117
 494.8 .4122
 495.2 .4133
 495.6 .4143
 496.0 .4151
 496.4 .4153
 496.8 .4166
 497.2 .4161
 497.6 .4168
 498.0 .4179
 498.4 .4187
 498.8 .4181
 499.2 .4193
 499.6 .4192
 500.0 .4200
 500.4 .4204
 500.8 .4217
 501.2 .4221
 501.6 .4236
 502.0 .4236
 502.4 .4241
 502.8 .4246
 503.2 .4246
 503.6 .4256
 504.0 .4262
 504.4 .4272
 504.8 .4271
 505.2 .4280
 505.6 .4271
 506.0 .4280
 506.4 .4279
 506.8 .4286
 507.2 .4288
 507.6 .4294
 508.0 .4299
 508.4 .4301
 508.8 .4298
 509.2 .4303
 509.6 .4305
 510.0 .4320
 510.4 .4313
 510.8 .4328
 511.2 .4330
 511.6 .4337
 512.0 .4350
 512.4 .4364
 512.8 .4368
 513.2 .4369
 513.6 .4375
 514.0 .4395
 514.4 .4399
 514.8 .4402
 515.2 .4404
 515.6 .4403
 516.0 .4400
 516.4 .4412
 516.8 .4456
 517.2 .4462
 517.6 .4465
 518.0 .4459
 518.4 .4495
 518.8 .4463
 519.2 .4469
 519.6 .4456
 520.0 .4454
 520.4 .4469
 520.8 .4479
 521.2 .4471
 521.6 .4473
 522.0 .4471
 522.4 .4471
 522.8 .4494
 523.2 .4487
 523.6 .4502
 524.0 .4490
 524.4 .4499
 524.8 .4507
 525.2 .4517
 525.6 .4518
 526.0 .4517
 526.4 .4542
 526.8 .4558
 527.2 .4573
 527.6 .4566
 528.0 .4561
 528.4 .4572
 528.8 .4559
 529.2 .4562
 529.6 .4564
 530.0 .4579
 530.4 .4579
 530.8 .4583
 531.2 .4582
 531.6 .4584
 532.0 .4586
 532.4 .4599
 532.8 .4615
 533.2 .4617
 533.6 .4614
 534.0 .4615
 534.4 .4620
 534.8 .4621
 535.2 .4619
 535.6 .4617
 536.0 .4604
 536.4 .4597
 536.8 .4597
 537.2 .4615
 537.6 .4601
 538.0 .4590
 538.4 .4586
 538.8 .4584
 539.2 .4584
 539.6 .4570
 540.0 .4560
 540.4 .4542
 540.8 .4535
 541.2 .4507
 541.6 .4475
 542.0 .4442
 542.4 .4428
 542.8 .4422
 543.2 .4431
 543.6 .4447
 544.0 .4482
 544.4 .4519
 544.8 .4576
 545.2 .4614
 545.6 .4670
 546.0 .4696
 546.4 .4731
 546.8 .4747
 547.2 .4768
 547.6 .4783
 548.0 .4798
 548.4 .4810
 548.8 .4805
 549.2 .4797
 549.6 .4792
 550.0 .4785
 550.4 .4782
 550.8 .4789
 551.2 .4800
 551.6 .4816
 552.0 .4814
 552.4 .4800
 552.8 .4803
 553.2 .4819
 553.6 .4835
 554.0 .4839
 554.4 .4845
 554.8 .4854
 555.2 .4859
 555.6 .4869
 556.0 .4875
 556.4 .4889
 556.8 .4899
 557.2 .4907
 557.6 .4918
 558.0 .4924
 558.4 .4921
 558.8 .4928
 559.2 .4942
 559.6 .4961
 560.0 .4957
 560.4 .4968
 560.8 .4973
 561.2 .4968
 561.6 .4965
 562.0 .4973
 562.4 .4980
 562.8 .4991
 563.2 .4995
 563.6 .4991
 564.0 .4992
 564.4 .5009
 564.8 .5012
 565.2 .5016
 565.6 .5012
 566.0 .5016
 566.4 .5023
 566.8 .5029
 567.2 .5031
 567.6 .5027
 568.0 .5020
 568.4 .5021
 568.8 .5024
 569.2 .5032
 569.6 .5037
 570.0 .5034
 570.4 .5037
 570.8 .5033
 571.2 .5039
 571.6 .5045
 572.0 .5045
 572.4 .5036
 572.8 .5031
 573.2 .5022
 573.6 .5019
 574.0 .5018
 574.4 .5013
 574.8 .5008
 575.2 .5001
 575.6 .5010
 576.0 .5005
 576.4 .5017
 576.8 .5029
 577.2 .5040
 577.6 .5044
 578.0 .5050
 578.4 .5069
 578.8 .5093
 579.2 .5108
 579.6 .5116
 580.0 .5139
 580.4 .5147
 580.8 .5158
 581.2 .5165
 581.6 .5177
 582.0 .5190
 582.4 .5199
 582.8 .5203
 583.2 .5207
 583.6 .5211
 584.0 .5219
 584.4 .5221
 584.8 .5222
 585.2 .5224
 585.6 .5228
 586.0 .5240
 586.4 .5248
 586.8 .5252
 587.2 .5250
 587.6 .5248
 588.0 .5251
 588.4 .5273
 588.8 .5262
 589.2 .5281
 589.6 .5276
 590.0 .5299
 590.4 .5295
 590.8 .5288
 591.2 .5277
 591.6 .5278
 592.0 .5284
 592.4 .5287
 592.8 .5274
 593.2 .5272
 593.6 .5277
 594.0 .5279
 594.4 .5274
 594.8 .5260
 595.2 .5259
 595.6 .5256
 596.0 .5252
 596.4 .5255
 596.8 .5270
 597.2 .5274
 597.6 .5271
 598.0 .5283
 598.4 .5290
 598.8 .5300
 599.2 .5308
 599.6 .5311
 600.0 .5325
 600.4 .5340
 600.8 .5344
 601.2 .5349
 601.6 .5359
 602.0 .5357
 602.4 .5357
 602.8 .5359
 603.2 .5362
 603.6 .5363
 604.0 .5371
 604.4 .5383
 604.8 .5392
 605.2 .5388
 605.6 .5375
 606.0 .5372
 606.4 .5364
 606.8 .5361
 607.2 .5364
 607.6 .5359
 608.0 .5345
 608.4 .5332
 608.8 .5331
 609.2 .5332
 609.6 .5338
 610.0 .5328
 610.4 .5318
 610.8 .5301
 611.2 .5289
 611.6 .5261
 612.0 .5217
 612.4 .5172
 612.8 .5111
 613.2 .5033
 613.6 .4935
 614.0 .4880
 614.4 .4823
 614.8 .4776
 615.2 .4760
 615.6 .4742
 616.0 .4685
 616.4 .4666
 616.8 .4647
 617.2 .4573
 617.6 .4428
 618.0 .4298
 618.4 .4201
 618.8 .4155
 619.2 .4129
 619.6 .4133
 620.0 .4170
 620.4 .4240
 620.8 .4325
 621.2 .4361
 621.6 .4416
 622.0 .4526
 622.4 .4650
 622.8 .4737
 623.2 .4834
 623.6 .4937
 624.0 .5038
 624.4 .5114
 624.8 .5187
 625.2 .5239
 625.6 .5292
 626.0 .5344
 626.4 .5388
 626.8 .5421
 627.2 .5429
 627.6 .5427
 628.0 .5457
 628.4 .5494
 628.8 .5520
 629.2 .5524
 629.6 .5540
 630.0 .5545
 630.4 .5565
 630.8 .5588
 631.2 .5591
 631.6 .5589
 632.0 .5594
 632.4 .5605
 632.8 .5612
 633.2 .5605
 633.6 .5593
 634.0 .5593
 634.4 .5593
 634.8 .5601
 635.2 .5593
 635.6 .5590
 636.0 .5584
 636.4 .5591
 636.8 .5592
 637.2 .5593
 637.6 .5600
 638.0 .5599
 638.4 .5586
 638.8 .5584
 639.2 .5577
 639.6 .5583
 640.0 .5575
 640.4 .5581
 640.8 .5577
 641.2 .5562
 641.6 .5557
 642.0 .5538
 642.4 .5525
 642.8 .5506
 643.2 .5486
 643.6 .5459
 644.0 .5444
 644.4 .5433
 644.8 .5420
 645.2 .5435
 645.6 .5467
 646.0 .5501
 646.4 .5522
 646.8 .5506
 647.2 .5478
 647.6 .5467
 648.0 .5479
 648.4 .5495
 648.8 .5499
 649.2 .5487
 649.6 .5493
 650.0 .5510
 650.4 .5527
 650.8 .5527
 651.2 .5530
 651.6 .5545
 652.0 .5564
 652.4 .5567
 652.8 .5578
 653.2 .5574
 653.6 .5569
 654.0 .5564
 654.4 .5561
 654.8 .5574
 655.2 .5579
 655.6 .5568
 656.0 .5503
 656.4 .5521
 656.8 .5554
 657.2 .5573
 657.6 .5563
 658.0 .5543
 658.4 .5536
 658.8 .5532
 659.2 .5512
 659.6 .5528
 660.0 .5541
 660.4 .5534
 660.8 .5524
 661.2 .5519
 661.6 .5508
 662.0 .5499
 662.4 .5476
 662.8 .5462
 663.2 .5441
 663.6 .5455
 664.0 .5445
 664.4 .5441
 664.8 .5457
 665.2 .5443
 665.6 .5405
 666.0 .5355
 666.4 .5332
 666.8 .5343
 667.2 .5367
 667.6 .5365
 668.0 .5375
 668.4 .5391
 668.8 .5403
 669.2 .5426
 669.6 .5459
 670.0 .5499
 670.4 .5538
 670.8 .5573
 671.2 .5584
 671.6 .5612
 672.0 .5666
 672.4 .5705
 672.8 .5750
 673.2 .5775
 673.6 .5785
 674.0 .5799
 674.4 .5824
 674.8 .5858
 675.2 .5909
 675.6 .5935
 676.0 .5942
 676.4 .5936
 676.8 .5938
 677.2 .5960
 677.6 .5986
 678.0 .5999
 678.4 .5990
 678.8 .5960
 679.2 .5909
 679.6 .5879
 680.0 .5873
 680.4 .5874
 680.8 .5872
 681.2 .5850
 681.6 .5803
 682.0 .5739
 682.4 .5695
 682.8 .5693
 683.2 .5729
 683.6 .5747
 684.0 .5740
 684.4 .5762
 684.8 .5778
 685.2 .5771
 685.6 .5800
 686.0 .5788
 686.4 .5853
 686.8 .5752
 687.2 .5741
 687.6 .5916
 688.0 .5900
 688.4 .5822
 688.8 .5825
 689.2 .5863
 689.6 .5915
 690.0 .5932
 690.4 .5916
 690.8 .5912
 691.2 .5891
 691.6 .5900
 692.0 .5907
 692.4 .5877
 692.8 .5854
 693.2 .5840
 693.6 .5829
 694.0 .5820
 694.4 .5817
 694.8 .5807
 695.2 .5770
 695.6 .5728
 696.0 .5696
 696.4 .5661
 696.8 .5603
 697.2 .5562
 697.6 .5537
 698.0 .5525
 698.4 .5491
 698.8 .5450
 699.2 .5383
 699.6 .5293
 700.0 .5227
 700.4 .5181
 700.8 .5149
 701.2 .5083
 701.6 .5037
 702.0 .5004
 702.4 .4974
 702.8 .5023
 703.2 .5065
 703.6 .5081
 704.0 .5053
 704.4 .5013
 704.8 .5060
 705.2 .5187
 705.6 .5300
 706.0 .5325
 706.4 .5308
 706.8 .5301
 707.2 .5338
 707.6 .5396
 708.0 .5457
 708.4 .5496
 708.8 .5519
 709.2 .5504
 709.6 .5490
 710.0 .5502
 710.4 .5555
 710.8 .5623
 711.2 .5661
 711.6 .5662
 712.0 .5626
 712.4 .5601
 712.8 .5587
 713.2 .5627
 713.6 .5663
 714.0 .5659
 714.4 .5633
 714.8 .5573
 715.2 .5496
 715.6 .5383
 716.0 .5258
 716.4 .5078
 716.8 .4917
 717.2 .4715
 717.6 .4548
 718.0 .4408
 718.4 .4241
 718.8 .4167
 719.2 .4029
 719.6 .3855
 720.0 .3675
 720.4 .3596
 720.8 .3580
 721.2 .3523
 721.6 .3432
 722.0 .3391
 722.4 .3391
 722.8 .3337
 723.2 .3217
 723.6 .3112
 724.0 .2969
 724.4 .2819
 724.8 .2547
 725.2 .2284
 725.6 .2142
 726.0 .2143
 726.4 .2212
 726.8 .2120
 727.2 .1932
 727.6 .1916
 728.0 .2080
 728.4 .2311
 728.8 .2456
 729.2 .2511
 729.6 .2560
 730.0 .2616
 730.4 .2760
 730.8 .2967
 731.2 .3175
 731.6 .3315
 732.0 .3413
 732.4 .3450
 732.8 .3504
 733.2 .3618
 733.6 .3807
 734.0 .3937
 734.4 .4066
 734.8 .4204
 735.2 .4265
 735.6 .4371
 736.0 .4568
 736.4 .4649
 736.8 .4645
 737.2 .4747
 737.6 .4889
 738.0 .4979
 738.4 .5071
 738.8 .5170
 739.2 .5264
 739.6 .5350
 740.0 .5421
 740.4 .5479
 740.8 .5532
 741.2 .5609
 741.6 .5637
 742.0 .5668
 742.4 .5723
 742.8 .5748
 743.2 .5784
 743.6 .5822
 744.0 .5839
 744.4 .5839
 744.8 .5843
 745.2 .5848
 745.6 .5864
 746.0 .5865
 746.4 .5890
 746.8 .5865
 747.2 .5843
 747.6 .5848
 748.0 .5840
 748.4 .5836
 748.8 .5849
 749.2 .5845
 749.6 .5843
 750.0 .5821
 750.4 .5811
 750.8 .5816
 751.2 .5834
 751.6 .5846
 752.0 .5831
 752.4 .5820
 752.8 .5804
 753.2 .5804
 753.6 .5811
 754.0 .5794
 754.4 .5775
 754.8 .5778
 755.2 .5776
 755.6 .5777
 756.0 .5755
 756.4 .5729
 756.8 .5705
 757.2 .5685
 757.6 .5663
 758.0 .5642
 758.4 .5641
 758.8 .5651
 759.2 .5613
 759.6 .5456
 760.0 .5447
 760.4 .5415
 760.8 .5407
 761.2 .5485
 761.6 .5542
 762.0 .5400
 762.4 .5382
 762.8 .5353
 763.2 .5343
 763.6 .5377
 764.0 .5388
 764.4 .5350
 764.8 .5341
 765.2 .5345
 765.6 .5359
 766.0 .5385
 766.4 .5347
 766.8 .5298
 767.2 .5266
 767.6 .5323
 768.0 .5372
 768.4 .5362
 768.8 .5342
 769.2 .5346
 769.6 .5352
 770.0 .5374
 770.4 .5354
 770.8 .5335
 771.2 .5328
 771.6 .5334
 772.0 .5327
 772.4 .5280
 772.8 .5184
 773.2 .5103
 773.6 .5086
 774.0 .5128
 774.4 .5180
 774.8 .5176
 775.2 .5143
 775.6 .5077
 776.0 .5034
 776.4 .5016
 776.8 .5015
 777.2 .5004
 777.6 .4981
 778.0 .4924
 778.4 .4873
 778.8 .4820
 779.2 .4776
 779.6 .4671
 780.0 .4582
 780.4 .4455
 780.8 .4316
 781.2 .4263
 781.6 .4241
 782.0 .4225
 782.4 .4219
 782.8 .4198
 783.2 .4129
 783.6 .3983
 784.0 .3920
 784.4 .4105
 784.8 .4336
 785.2 .4396
 785.6 .4335
 786.0 .4273
 786.4 .4278
 786.8 .4312
 787.2 .4363
 787.6 .4400
 788.0 .4440
 788.4 .4475
 788.8 .4498
 789.2 .4521
 789.6 .4533
 790.0 .4554
 790.4 .4562
 790.8 .4525
 791.2 .4497
 791.6 .4419
 792.0 .4322
 792.4 .4221
 792.8 .4137
 793.2 .4114
 793.6 .4171
 794.0 .4184
 794.4 .4078
 794.8 .3993
 795.2 .3937
 795.6 .3920
 796.0 .3937
 796.4 .3952
 796.8 .3884
 797.2 .3816
 797.6 .3799
 798.0 .3804
 798.4 .3823
 798.8 .3830
 799.2 .3829
 799.6 .3918
 800.0 .4003
 800.4 .4007
 800.8 .4086
 801.2 .4158
 801.6 .4087
 802.0 .4074
 802.4 .4175
 802.8 .4257
 803.2 .4313
 803.6 .4369
 804.0 .4378
 804.4 .4379
 804.8 .4456
 805.2 .4498
 805.6 .4525
 806.0 .4574
 806.4 .4642
 806.8 .4726
 807.2 .4799
 807.6 .4822
 808.0 .4834
 808.4 .4872
 808.8 .4861
 809.2 .4801
 809.6 .4841
 810.0 .4901
 810.4 .4921
 810.8 .4916
 811.2 .4958
 811.6 .5044
 812.0 .5092
 812.4 .5137
 812.8 .5146
 813.2 .5154
 813.6 .5224
 814.0 .5248
 814.4 .5264
 814.8 .5242
 815.2 .5268
 815.6 .5313
 816.0 .5299
 816.4 .5358
 816.8 .5376
 817.2 .5426
 817.6 .5373
 818.0 .5442
 818.4 .5450
 818.8 .5478
 819.2 .5453
 819.6 .5458
 820.0 .5524
 820.4 .5553
 820.8 .5567
 821.2 .5575
 821.6 .5585
 822.0 .5570
 822.4 .5527
 822.8 .5534
 823.2 .5652
 823.6 .5647
 824.0 .5605
 824.4 .5634
 824.8 .5627
 825.2 .5600
 825.6 .5568
 826.0 .5590
 826.4 .5616
 826.8 .5628
 827.2 .5594
 827.6 .5616
 828.0 .5655
 828.4 .5668
 828.8 .5651
 829.2 .5666
 829.6 .5677
 830.0 .5685
 830.4 .5721
 830.8 .5753
 831.2 .5735
 831.6 .5714
 832.0 .5718
 832.4 .5714
 832.8 .5653
 833.2 .5622
 833.6 .5581
 834.0 .5551
 834.4 .5479
 834.8 .5353
 835.2 .5239
 835.6 .5120
 836.0 .5015
 836.4 .4906
 836.8 .4819
 837.2 .4710
 837.6 .4644
 838.0 .4490
 838.4 .4265
 838.8 .4155
 839.2 .4251
 839.6 .4392
 840.0 .4456
 840.4 .4373
 840.8 .4192
 841.2 .3971
 841.6 .3876
 842.0 .3966
 842.4 .4260
 842.8 .4633
 843.2 .4708
 843.6 .4616
 844.0 .4459
 844.4 .4400
 844.8 .4534
 845.2 .4712
 845.6 .4857
 846.0 .4959
 846.4 .4992
 846.8 .4994
 847.2 .4980
 847.6 .4957
 848.0 .4984
 848.4 .5020
 848.8 .5088
 849.2 .5171
 849.6 .5140
 850.0 .5118
 850.4 .5027
 850.8 .5011
 851.2 .4956
 851.6 .4917
 852.0 .4861
 852.4 .4768
 852.8 .4694
 853.2 .4562
 853.6 .4426
 854.0 .4314
 854.4 .4227
 854.8 .4029
 855.2 .4032
 855.6 .4029
 856.0 .3884
 856.4 .3705
 856.8 .3550
 857.2 .3344
 857.6 .3170
 858.0 .3056
 858.4 .2971
 858.8 .2951
 859.2 .2919
 859.6 .2819
 860.0 .2655
 860.4 .2443
 860.8 .2294
 861.2 .2177
 861.6 .2034
 862.0 .1880
 862.4 .1822
 862.8 .1865
 863.2 .1888
 863.6 .1842
 864.0 .1829
 864.4 .1883
 864.8 .1924
 865.2 .1932
 865.6 .1990
 866.0 .2098
 866.4 .2179
 866.8 .2163
 867.2 .2263
 867.6 .2443
 868.0 .2663
 868.4 .2793
 868.8 .2885
 869.2 .2971
 869.6 .3003
 870.0 .3077
 870.4 .3142
 870.8 .3232
 871.2 .3361
 871.6 .3494
 872.0 .3617
 872.4 .3682
 872.8 .3726
 873.2 .3823
 873.6 .3878
 874.0 .3831
 874.4 .3777
 874.8 .3821
 875.2 .3866
 875.6 .3822
 876.0 .3769
 876.4 .3754
 876.8 .3721
 877.2 .3662
 877.6 .3597
 878.0 .3508
 878.4 .3486
 878.8 .3411
 879.2 .3236
 879.6 .2950
 880.0 .2525
 880.4 .2128
 880.8 .1885
 881.2 .1603
 881.6 .1188
 882.0 .0814
 882.4 .0620
 882.8 .0530
 883.2 .0454
 883.6 .0399
 884.0 .0421
 884.4 .0530
 884.8 .0681
 885.2 .0755
 885.6 .0729
 886.0 .0676
 886.4 .0561
 886.8 .0368
 887.2 .0237
 887.6 .0246
 888.0 .0310
 888.4 .0400
 888.8 .0500
 889.2 .0517
 889.6 .0511
 890.0 .0530
 890.4 .0497
 890.8 .0478
 891.2 .0482
 891.6 .0523
 892.0 .0588
 892.4 .0581
 892.8 .0554
 893.2 .0537
 893.6 .0468
 894.0 .0414
 894.4 .0427
 894.8 .0457
 895.2 .0464
 895.6 .0440
 896.0 .0446
 896.4 .0547
 896.8 .0719
 897.2 .0851
 897.6 .0899
 898.0 .0879
 898.4 .0843
 898.8 .0793
 899.2 .0827
 899.6 .0889
 900.0 .0965
 900.4 .1090
 900.8 .1217
 901.2 .1331
 901.6 .1444
 902.0 .1570
 902.4 .1643
 902.8 .1727
 903.2 .1902
 903.6 .2151
 904.0 .2346
 904.4 .2441
 904.8 .2512
 905.2 .2716
 905.6 .2934
 906.0 .3046
 906.4 .3181
 906.8 .3312
 907.2 .3472
 907.6 .3593
 908.0 .3701
 908.4 .3807
 908.8 .3891
 909.2 .4041
 909.6 .4156
 910.0 .4207
 910.4 .4189
 910.8 .4134
 911.2 .4037
 911.6 .3949
 912.0 .3954
 912.4 .3890
 912.8 .3794
 913.2 .3779
 913.6 .3884
 914.0 .4038
 914.4 .4096
 914.8 .4120
 915.2 .4140
 915.6 .4196
 916.0 .4162
 916.4 .4132
 916.8 .4209
 917.2 .4329
 917.6 .4486
 918.0 .4593
 918.4 .4630
 918.8 .4644
 919.2 .4648
 919.6 .4675
 920.0 .4696
 920.4 .4734
 920.8 .4794
 921.2 .4845
 921.6 .4898
 922.0 .4944
 922.4 .4965
 922.8 .4983
 923.2 .5009
 923.6 .5037
 924.0 .5074
 924.4 .5112
 924.8 .5153
 925.2 .5175
 925.6 .5169
 926.0 .5154
 926.4 .5154
 926.8 .5170
 927.2 .5195
 927.6 .5214
 928.0 .5238
 928.4 .5266
 928.8 .5291
 929.2 .5302
 929.6 .5309
 930.0 .5321
 930.4 .5339
 930.8 .5352
 931.2 .5357
 931.6 .5345
 932.0 .5339
 932.4 .5326
 932.8 .5320
 933.2 .5312
 933.6 .5350
 934.0 .5434
 934.4 .5497
 934.8 .5487
 935.2 .5459
 935.6 .5435
 936.0 .5422
 936.4 .5410
 936.8 .5392
 937.2 .5404
 937.6 .5445
 938.0 .5483
 938.4 .5518
 938.8 .5532
 939.2 .5500
 939.6 .5470
 940.0 .5469
 940.4 .5489
 940.8 .5513
 941.2 .5527
 941.6 .5518
 942.0 .5484
 942.4 .5459
 942.8 .5431
 943.2 .5394
 943.6 .5385
 944.0 .5395
 944.4 .5409
 944.8 .5394
 945.2 .5354
 945.6 .5336
 946.0 .5310
 946.4 .5230
 946.8 .5104
 947.2 .4968
 947.6 .4865
 948.0 .4835
 948.4 .4899
 948.8 .5013
 949.2 .5128
 949.6 .5230
 950.0 .5285
 950.4 .5228
 950.8 .5051
 951.2 .4877
 951.6 .4779
 952.0 .4801
 952.4 .4915
 952.8 .5041
 953.2 .5114
 953.6 .5128
 954.0 .5132
 954.4 .5123
 954.8 .5101
 955.2 .5029
 955.6 .5001
 956.0 .4960
 956.4 .4897
 956.8 .4842
 957.2 .4755
 957.6 .4704
 958.0 .4727
 958.4 .4755
 958.8 .4691
 959.2 .4667
 959.6 .4593
 960.0 .4522
 960.4 .4423
 960.8 .4309
 961.2 .4165
 961.6 .4043
 962.0 .3889
 962.4 .3683
 962.8 .3451
 963.2 .3208
 963.6 .3027
 964.0 .2983
 964.4 .2961
 964.8 .2895
 965.2 .2723
 965.6 .2585
 966.0 .2483
 966.4 .2437
 966.8 .2418
 967.2 .2471
 967.6 .2541
 968.0 .2587
 968.4 .2596
 968.8 .2501
 969.2 .2382
 969.6 .2333
 970.0 .2272
 970.4 .2054
 970.8 .1726
 971.2 .1659
 971.6 .1904
 972.0 .2148
 972.4 .2301
 972.8 .2408
 973.2 .2385
 973.6 .2289
 974.0 .2215
 974.4 .2173
 974.8 .2246
 975.2 .2360
 975.6 .2499
 976.0 .2607
 976.4 .2611
 976.8 .2630
 977.2 .2623
 977.6 .2550
 978.0 .2512
 978.4 .2611
 978.8 .2598
 979.2 .2514
 979.6 .2489
 980.0 .2491
 980.4 .2415
 980.8 .2211
 981.2 .2122
 981.6 .2025
 982.0 .1842
 982.4 .1739
 982.8 .1632
 983.2 .1394
 983.6 .1280
 984.0 .1313
 984.4 .1290
 984.8 .1326
 985.2 .1485
 985.6 .1490
 986.0 .1444
 986.4 .1446
 986.8 .1380
 987.2 .1297
 987.6 .1124
 988.0 .0926
 988.4 .0824
 988.8 .0794
 989.2 .0875
 989.6 .1032
 990.0 .1092
 990.4 .1056
 990.8 .1084
 991.2 .1143
 991.6 .1150
 992.0 .1168
 992.4 .1250
 992.8 .1330
 993.2 .1281
 993.6 .1229
 994.0 .1282
 994.4 .1299
 994.8 .1323
 995.2 .1313
 995.6 .1215
 996.0 .1114
 996.4 .1080
 996.8 .1241
 997.2 .1530
 997.6 .1665
 998.0 .1734
 998.4 .1648
 998.8 .1344
 999.2 .1319
 999.6 .1630
1000.0 .1833
