 300.4 .2532
 300.8 .2359
 301.2 .2404
 301.6 .2456
 302.0 .2363
 302.4 .2425
 302.8 .2459
 303.2 .2468
 303.6 .2454
 304.0 .2446
 304.4 .2431
 304.8 .2366
 305.2 .2328
 305.6 .2335
 306.0 .2339
 306.4 .2320
 306.8 .2293
 307.2 .2303
 307.6 .2322
 308.0 .2315
 308.4 .2316
 308.8 .2313
 309.2 .2306
 309.6 .2341
 310.0 .2360
 310.4 .2368
 310.8 .2365
 311.2 .2357
 311.6 .2349
 312.0 .2351
 312.4 .2343
 312.8 .2341
 313.2 .2345
 313.6 .2337
 314.0 .2321
 314.4 .2322
 314.8 .2324
 315.2 .2309
 315.6 .2297
 316.0 .2300
 316.4 .2303
 316.8 .2292
 317.2 .2274
 317.6 .2254
 318.0 .2255
 318.4 .2269
 318.8 .2263
 319.2 .2261
 319.6 .2261
 320.0 .2243
 320.4 .2226
 320.8 .2218
 321.2 .2231
 321.6 .2237
 322.0 .2222
 322.4 .2213
 322.8 .2220
 323.2 .2213
 323.6 .2206
 324.0 .2209
 324.4 .2202
 324.8 .2201
 325.2 .2205
 325.6 .2195
 326.0 .2177
 326.4 .2176
 326.8 .2175
 327.2 .2170
 327.6 .2172
 328.0 .2172
 328.4 .2163
 328.8 .2165
 329.2 .2161
 329.6 .2156
 330.0 .2148
 330.4 .2144
 330.8 .2148
 331.2 .2138
 331.6 .2134
 332.0 .2134
 332.4 .2135
 332.8 .2130
 333.2 .2124
 333.6 .2126
 334.0 .2129
 334.4 .2108
 334.8 .2103
 335.2 .2114
 335.6 .2092
 336.0 .2100
 336.4 .2105
 336.8 .2084
 337.2 .2105
 337.6 .2089
 338.0 .2082
 338.4 .2085
 338.8 .2065
 339.2 .2071
 339.6 .2081
 340.0 .2059
 340.4 .2050
 340.8 .2056
 341.2 .2051
 341.6 .2059
 342.0 .2049
 342.4 .2042
 342.8 .2038
 343.2 .2030
 343.6 .2022
 344.0 .2029
 344.4 .2056
 344.8 .2039
 345.2 .2024
 345.6 .2015
 346.0 .2028
 346.4 .2037
 346.8 .2026
 347.2 .2018
 347.6 .2033
 348.0 .2023
 348.4 .2010
 348.8 .2003
 349.2 .2007
 349.6 .2022
 350.0 .2009
 350.4 .1985
 350.8 .1983
 351.2 .1992
 351.6 .1997
 352.0 .1974
 352.4 .1998
 352.8 .2004
 353.2 .1982
 353.6 .1983
 354.0 .1977
 354.4 .1973
 354.8 .1963
 355.2 .1960
 355.6 .1968
 356.0 .1964
 356.4 .1960
 356.8 .1987
 357.2 .2005
 357.6 .1983
 358.0 .1979
 358.4 .1997
 358.8 .2002
 359.2 .1983
 359.6 .1967
 360.0 .1954
 360.4 .1961
 360.8 .1988
 361.2 .1987
 361.6 .1955
 362.0 .1976
 362.4 .1979
 362.8 .1939
 363.2 .1954
 363.6 .1969
 364.0 .1946
 364.4 .1948
 364.8 .1972
 365.2 .1966
 365.6 .1949
 366.0 .1942
 366.4 .1938
 366.8 .1949
 367.2 .1952
 367.6 .1945
 368.0 .1959
 368.4 .1958
 368.8 .1970
 369.2 .1960
 369.6 .1963
 370.0 .1957
 370.4 .1957
 370.8 .1991
 371.2 .1969
 371.6 .1942
 372.0 .1986
 372.4 .2001
 372.8 .1970
 373.2 .1974
 373.6 .2031
 374.0 .2012
 374.4 .1989
 374.8 .2044
 375.2 .2021
 375.6 .1977
 376.0 .2004
 376.4 .2007
 376.8 .2004
 377.2 .1992
 377.6 .1985
 378.0 .1993
 378.4 .1983
 378.8 .2001
 379.2 .2010
 379.6 .2010
 380.0 .2026
 380.4 .2003
 380.8 .2005
 381.2 .2010
 381.6 .2034
 382.0 .2047
 382.4 .2057
 382.8 .2071
 383.2 .2070
 383.6 .2061
 384.0 .2074
 384.4 .2057
 384.8 .2040
 385.2 .2045
 385.6 .2046
 386.0 .2085
 386.4 .2064
 386.8 .2045
 387.2 .2087
 387.6 .2074
 388.0 .2075
 388.4 .2088
 388.8 .2112
 389.2 .2105
 389.6 .2102
 390.0 .2113
 390.4 .2122
 390.8 .2128
 391.2 .2113
 391.6 .2115
 392.0 .2141
 392.4 .2143
 392.8 .2137
 393.2 .2216
 393.6 .2256
 394.0 .2195
 394.4 .2197
 394.8 .2198
 395.2 .2188
 395.6 .2196
 396.0 .2196
 396.4 .2212
 396.8 .2286
 397.2 .2299
 397.6 .2247
 398.0 .2223
 398.4 .2231
 398.8 .2242
 399.2 .2231
 399.6 .2246
 400.0 .2255
 400.4 .2261
 400.8 .2283
 401.2 .2271
 401.6 .2277
 402.0 .2280
 402.4 .2283
 402.8 .2285
 403.2 .2315
 403.6 .2343
 404.0 .2320
 404.4 .2351
 404.8 .2381
 405.2 .2346
 405.6 .2369
 406.0 .2372
 406.4 .2395
 406.8 .2404
 407.2 .2405
 407.6 .2433
 408.0 .2430
 408.4 .2428
 408.8 .2433
 409.2 .2430
 409.6 .2446
 410.0 .2473
 410.4 .2490
 410.8 .2473
 411.2 .2494
 411.6 .2494
 412.0 .2509
 412.4 .2521
 412.8 .2525
 413.2 .2556
 413.6 .2568
 414.0 .2546
 414.4 .2587
 414.8 .2595
 415.2 .2590
 415.6 .2614
 416.0 .2609
 416.4 .2604
 416.8 .2622
 417.2 .2649
 417.6 .2669
 418.0 .2664
 418.4 .2671
 418.8 .2699
 419.2 .2698
 419.6 .2701
 420.0 .2743
 420.4 .2738
 420.8 .2726
 421.2 .2731
 421.6 .2763
 422.0 .2762
 422.4 .2773
 422.8 .2846
 423.2 .2795
 423.6 .2816
 424.0 .2836
 424.4 .2816
 424.8 .2842
 425.2 .2874
 425.6 .2856
 426.0 .2893
 426.4 .2889
 426.8 .2865
 427.2 .2948
 427.6 .2945
 428.0 .2912
 428.4 .2935
 428.8 .2950
 429.2 .2964
 429.6 .2943
 430.0 .3000
 430.4 .3024
 430.8 .3055
 431.2 .3093
 431.6 .3012
 432.0 .2977
 432.4 .3075
 432.8 .3088
 433.2 .3017
 433.6 .3028
 434.0 .3103
 434.4 .3107
 434.8 .3055
 435.2 .3104
 435.6 .3127
 436.0 .3114
 436.4 .3117
 436.8 .3126
 437.2 .3149
 437.6 .3168
 438.0 .3145
 438.4 .3237
 438.8 .3243
 439.2 .3197
 439.6 .3209
 440.0 .3207
 440.4 .3260
 440.8 .3277
 441.2 .3217
 441.6 .3258
 442.0 .3269
 442.4 .3273
 442.8 .3297
 443.2 .3302
 443.6 .3326
 444.0 .3315
 444.4 .3330
 444.8 .3332
 445.2 .3325
 445.6 .3365
 446.0 .3403
 446.4 .3383
 446.8 .3390
 447.2 .3404
 447.6 .3378
 448.0 .3423
 448.4 .3442
 448.8 .3418
 449.2 .3452
 449.6 .3455
 450.0 .3466
 450.4 .3459
 450.8 .3452
 451.2 .3475
 451.6 .3495
 452.0 .3489
 452.4 .3494
 452.8 .3543
 453.2 .3554
 453.6 .3546
 454.0 .3530
 454.4 .3533
 454.8 .3552
 455.2 .3560
 455.6 .3571
 456.0 .3584
 456.4 .3575
 456.8 .3585
 457.2 .3599
 457.6 .3611
 458.0 .3621
 458.4 .3623
 458.8 .3639
 459.2 .3642
 459.6 .3634
 460.0 .3639
 460.4 .3645
 460.8 .3670
 461.2 .3707
 461.6 .3710
 462.0 .3704
 462.4 .3710
 462.8 .3719
 463.2 .3726
 463.6 .3732
 464.0 .3739
 464.4 .3742
 464.8 .3750
 465.2 .3760
 465.6 .3764
 466.0 .3777
 466.4 .3769
 466.8 .3767
 467.2 .3799
 467.6 .3814
 468.0 .3806
 468.4 .3815
 468.8 .3819
 469.2 .3823
 469.6 .3835
 470.0 .3830
 470.4 .3835
 470.8 .3853
 471.2 .3859
 471.6 .3866
 472.0 .3873
 472.4 .3875
 472.8 .3875
 473.2 .3888
 473.6 .3899
 474.0 .3898
 474.4 .3904
 474.8 .3928
 475.2 .3929
 475.6 .3927
 476.0 .3932
 476.4 .3933
 476.8 .3948
 477.2 .3952
 477.6 .3963
 478.0 .3970
 478.4 .3966
 478.8 .3968
 479.2 .3988
 479.6 .3993
 480.0 .3986
 480.4 .3995
 480.8 .3998
 481.2 .4006
 481.6 .4020
 482.0 .4015
 482.4 .4010
 482.8 .4024
 483.2 .4029
 483.6 .4026
 484.0 .4025
 484.4 .4025
 484.8 .4013
 485.2 .4006
 485.6 .4006
 486.0 .3969
 486.4 .4018
 486.8 .4087
 487.2 .4089
 487.6 .4107
 488.0 .4127
 488.4 .4124
 488.8 .4116
 489.2 .4141
 489.6 .4161
 490.0 .4146
 490.4 .4149
 490.8 .4148
 491.2 .4155
 491.6 .4169
 492.0 .4159
 492.4 .4182
 492.8 .4196
 493.2 .4194
 493.6 .4184
 494.0 .4194
 494.4 .4203
 494.8 .4197
 495.2 .4209
 495.6 .4204
 496.0 .4227
 496.4 .4247
 496.8 .4233
 497.2 .4238
 497.6 .4250
 498.0 .4239
 498.4 .4232
 498.8 .4264
 499.2 .4262
 499.6 .4272
 500.0 .4278
 500.4 .4269
 500.8 .4291
 501.2 .4300
 501.6 .4289
 502.0 .4305
 502.4 .4313
 502.8 .4307
 503.2 .4317
 503.6 .4319
 504.0 .4307
 504.4 .4340
 504.8 .4345
 505.2 .4329
 505.6 .4336
 506.0 .4349
 506.4 .4344
 506.8 .4340
 507.2 .4351
 507.6 .4353
 508.0 .4347
 508.4 .4362
 508.8 .4378
 509.2 .4373
 509.6 .4357
 510.0 .4366
 510.4 .4387
 510.8 .4383
 511.2 .4395
 511.6 .4414
 512.0 .4408
 512.4 .4410
 512.8 .4426
 513.2 .4438
 513.6 .4440
 514.0 .4437
 514.4 .4460
 514.8 .4470
 515.2 .4465
 515.6 .4473
 516.0 .4481
 516.4 .4465
 516.8 .4473
 517.2 .4506
 517.6 .4558
 518.0 .4542
 518.4 .4496
 518.8 .4538
 519.2 .4541
 519.6 .4518
 520.0 .4531
 520.4 .4523
 520.8 .4521
 521.2 .4543
 521.6 .4537
 522.0 .4547
 522.4 .4539
 522.8 .4538
 523.2 .4558
 523.6 .4562
 524.0 .4565
 524.4 .4560
 524.8 .4559
 525.2 .4562
 525.6 .4587
 526.0 .4592
 526.4 .4577
 526.8 .4593
 527.2 .4623
 527.6 .4637
 528.0 .4626
 528.4 .4618
 528.8 .4631
 529.2 .4630
 529.6 .4616
 530.0 .4623
 530.4 .4643
 530.8 .4644
 531.2 .4645
 531.6 .4639
 532.0 .4650
 532.4 .4658
 532.8 .4655
 533.2 .4681
 533.6 .4683
 534.0 .4666
 534.4 .4674
 534.8 .4678
 535.2 .4681
 535.6 .4683
 536.0 .4672
 536.4 .4664
 536.8 .4662
 537.2 .4669
 537.6 .4683
 538.0 .4661
 538.4 .4655
 538.8 .4666
 539.2 .4657
 539.6 .4650
 540.0 .4648
 540.4 .4629
 540.8 .4616
 541.2 .4599
 541.6 .4577
 542.0 .4547
 542.4 .4524
 542.8 .4526
 543.2 .4525
 543.6 .4544
 544.0 .4589
 544.4 .4601
 544.8 .4657
 545.2 .4724
 545.6 .4746
 546.0 .4779
 546.4 .4804
 546.8 .4831
 547.2 .4848
 547.6 .4847
 548.0 .4867
 548.4 .4889
 548.8 .4883
 549.2 .4880
 549.6 .4877
 550.0 .4871
 550.4 .4869
 550.8 .4868
 551.2 .4883
 551.6 .4917
 552.0 .4917
 552.4 .4896
 552.8 .4893
 553.2 .4917
 553.6 .4924
 554.0 .4925
 554.4 .4929
 554.8 .4941
 555.2 .4949
 555.6 .4958
 556.0 .4964
 556.4 .4965
 556.8 .4979
 557.2 .4985
 557.6 .4995
 558.0 .5008
 558.4 .5024
 558.8 .5028
 559.2 .5045
 559.6 .5048
 560.0 .5042
 560.4 .5059
 560.8 .5064
 561.2 .5050
 561.6 .5049
 562.0 .5074
 562.4 .5078
 562.8 .5083
 563.2 .5089
 563.6 .5083
 564.0 .5082
 564.4 .5098
 564.8 .5106
 565.2 .5094
 565.6 .5090
 566.0 .5094
 566.4 .5113
 566.8 .5116
 567.2 .5116
 567.6 .5112
 568.0 .5102
 568.4 .5103
 568.8 .5112
 569.2 .5115
 569.6 .5120
 570.0 .5118
 570.4 .5113
 570.8 .5113
 571.2 .5128
 571.6 .5139
 572.0 .5134
 572.4 .5125
 572.8 .5120
 573.2 .5117
 573.6 .5113
 574.0 .5108
 574.4 .5106
 574.8 .5105
 575.2 .5095
 575.6 .5101
 576.0 .5104
 576.4 .5115
 576.8 .5136
 577.2 .5135
 577.6 .5139
 578.0 .5141
 578.4 .5160
 578.8 .5190
 579.2 .5202
 579.6 .5211
 580.0 .5221
 580.4 .5229
 580.8 .5243
 581.2 .5254
 581.6 .5263
 582.0 .5284
 582.4 .5284
 582.8 .5294
 583.2 .5297
 583.6 .5290
 584.0 .5298
 584.4 .5305
 584.8 .5317
 585.2 .5326
 585.6 .5314
 586.0 .5321
 586.4 .5339
 586.8 .5344
 587.2 .5336
 587.6 .5327
 588.0 .5346
 588.4 .5363
 588.8 .5334
 589.2 .5341
 589.6 .5372
 590.0 .5391
 590.4 .5373
 590.8 .5369
 591.2 .5361
 591.6 .5364
 592.0 .5386
 592.4 .5370
 592.8 .5357
 593.2 .5362
 593.6 .5362
 594.0 .5364
 594.4 .5356
 594.8 .5333
 595.2 .5345
 595.6 .5353
 596.0 .5344
 596.4 .5341
 596.8 .5362
 597.2 .5374
 597.6 .5368
 598.0 .5374
 598.4 .5370
 598.8 .5392
 599.2 .5400
 599.6 .5408
 600.0 .5434
 600.4 .5434
 600.8 .5430
 601.2 .5445
 601.6 .5452
 602.0 .5454
 602.4 .5450
 602.8 .5444
 603.2 .5457
 603.6 .5458
 604.0 .5455
 604.4 .5473
 604.8 .5484
 605.2 .5476
 605.6 .5475
 606.0 .5473
 606.4 .5442
 606.8 .5443
 607.2 .5440
 607.6 .5442
 608.0 .5473
 608.4 .5441
 608.8 .5406
 609.2 .5419
 609.6 .5436
 610.0 .5423
 610.4 .5413
 610.8 .5399
 611.2 .5376
 611.6 .5353
 612.0 .5311
 612.4 .5272
 612.8 .5207
 613.2 .5123
 613.6 .5048
 614.0 .5020
 614.4 .4969
 614.8 .4905
 615.2 .4887
 615.6 .4871
 616.0 .4829
 616.4 .4813
 616.8 .4760
 617.2 .4680
 617.6 .4593
 618.0 .4456
 618.4 .4347
 618.8 .4307
 619.2 .4313
 619.6 .4318
 620.0 .4350
 620.4 .4426
 620.8 .4495
 621.2 .4543
 621.6 .4600
 622.0 .4709
 622.4 .4826
 622.8 .4902
 623.2 .5001
 623.6 .5100
 624.0 .5175
 624.4 .5270
 624.8 .5341
 625.2 .5364
 625.6 .5411
 626.0 .5478
 626.4 .5504
 626.8 .5531
 627.2 .5561
 627.6 .5535
 628.0 .5576
 628.4 .5633
 628.8 .5639
 629.2 .5651
 629.6 .5659
 630.0 .5657
 630.4 .5683
 630.8 .5687
 631.2 .5690
 631.6 .5696
 632.0 .5699
 632.4 .5698
 632.8 .5717
 633.2 .5721
 633.6 .5696
 634.0 .5679
 634.4 .5692
 634.8 .5743
 635.2 .5745
 635.6 .5718
 636.0 .5681
 636.4 .5677
 636.8 .5723
 637.2 .5716
 637.6 .5707
 638.0 .5706
 638.4 .5707
 638.8 .5702
 639.2 .5710
 639.6 .5703
 640.0 .5705
 640.4 .5698
 640.8 .5668
 641.2 .5686
 641.6 .5687
 642.0 .5660
 642.4 .5653
 642.8 .5616
 643.2 .5603
 643.6 .5598
 644.0 .5601
 644.4 .5584
 644.8 .5557
 645.2 .5585
 645.6 .5607
 646.0 .5612
 646.4 .5663
 646.8 .5659
 647.2 .5604
 647.6 .5570
 648.0 .5581
 648.4 .5617
 648.8 .5627
 649.2 .5599
 649.6 .5626
 650.0 .5649
 650.4 .5631
 650.8 .5639
 651.2 .5650
 651.6 .5661
 652.0 .5672
 652.4 .5670
 652.8 .5686
 653.2 .5694
 653.6 .5699
 654.0 .5680
 654.4 .5660
 654.8 .5674
 655.2 .5666
 655.6 .5642
 656.0 .5615
 656.4 .5605
 656.8 .5617
 657.2 .5575
 657.6 .5604
 658.0 .5617
 658.4 .5612
 658.8 .5589
 659.2 .5573
 659.6 .5578
 660.0 .5583
 660.4 .5580
 660.8 .5570
 661.2 .5556
 661.6 .5540
 662.0 .5546
 662.4 .5530
 662.8 .5496
 663.2 .5495
 663.6 .5498
 664.0 .5483
 664.4 .5491
 664.8 .5505
 665.2 .5483
 665.6 .5465
 666.0 .5424
 666.4 .5398
 666.8 .5425
 667.2 .5423
 667.6 .5414
 668.0 .5442
 668.4 .5461
 668.8 .5481
 669.2 .5499
 669.6 .5509
 670.0 .5532
 670.4 .5571
 670.8 .5611
 671.2 .5629
 671.6 .5658
 672.0 .5707
 672.4 .5728
 672.8 .5763
 673.2 .5775
 673.6 .5791
 674.0 .5835
 674.4 .5845
 674.8 .5874
 675.2 .5903
 675.6 .5905
 676.0 .5923
 676.4 .5951
 676.8 .5964
 677.2 .5976
 677.6 .5980
 678.0 .5966
 678.4 .5959
 678.8 .5951
 679.2 .5944
 679.6 .5939
 680.0 .5886
 680.4 .5855
 680.8 .5853
 681.2 .5852
 681.6 .5851
 682.0 .5810
 682.4 .5757
 682.8 .5736
 683.2 .5748
 683.6 .5746
 684.0 .5766
 684.4 .5819
 684.8 .5807
 685.2 .5810
 685.6 .5824
 686.0 .5816
 686.4 .5840
 686.8 .5808
 687.2 .5870
 687.6 .5866
 688.0 .5871
 688.4 .5874
 688.8 .5891
 689.2 .5927
 689.6 .5940
 690.0 .5934
 690.4 .5925
 690.8 .5919
 691.2 .5903
 691.6 .5933
 692.0 .5946
 692.4 .5920
 692.8 .5910
 693.2 .5878
 693.6 .5860
 694.0 .5874
 694.4 .5866
 694.8 .5871
 695.2 .5851
 695.6 .5806
 696.0 .5768
 696.4 .5719
 696.8 .5679
 697.2 .5656
 697.6 .5643
 698.0 .5642
 698.4 .5592
 698.8 .5535
 699.2 .5476
 699.6 .5398
 700.0 .5352
 700.4 .5292
 700.8 .5269
 701.2 .5216
 701.6 .5170
 702.0 .5117
 702.4 .5071
 702.8 .5102
 703.2 .5168
 703.6 .5242
 704.0 .5212
 704.4 .5136
 704.8 .5156
 705.2 .5272
 705.6 .5383
 706.0 .5427
 706.4 .5432
 706.8 .5440
 707.2 .5462
 707.6 .5492
 708.0 .5535
 708.4 .5565
 708.8 .5599
 709.2 .5606
 709.6 .5615
 710.0 .5631
 710.4 .5661
 710.8 .5694
 711.2 .5713
 711.6 .5718
 712.0 .5713
 712.4 .5695
 712.8 .5683
 713.2 .5736
 713.6 .5746
 714.0 .5714
 714.4 .5680
 714.8 .5645
 715.2 .5605
 715.6 .5523
 716.0 .5384
 716.4 .5192
 716.8 .5041
 717.2 .4840
 717.6 .4607
 718.0 .4464
 718.4 .4351
 718.8 .4262
 719.2 .4169
 719.6 .4001
 720.0 .3807
 720.4 .3676
 720.8 .3666
 721.2 .3686
 721.6 .3620
 722.0 .3549
 722.4 .3530
 722.8 .3499
 723.2 .3379
 723.6 .3234
 724.0 .3120
 724.4 .2980
 724.8 .2736
 725.2 .2457
 725.6 .2278
 726.0 .2252
 726.4 .2321
 726.8 .2272
 727.2 .2106
 727.6 .2053
 728.0 .2182
 728.4 .2413
 728.8 .2594
 729.2 .2649
 729.6 .2690
 730.0 .2765
 730.4 .2901
 730.8 .3095
 731.2 .3312
 731.6 .3465
 732.0 .3542
 732.4 .3597
 732.8 .3654
 733.2 .3785
 733.6 .3971
 734.0 .4098
 734.4 .4210
 734.8 .4329
 735.2 .4419
 735.6 .4525
 736.0 .4700
 736.4 .4806
 736.8 .4809
 737.2 .4864
 737.6 .5004
 738.0 .5115
 738.4 .5196
 738.8 .5307
 739.2 .5395
 739.6 .5466
 740.0 .5540
 740.4 .5583
 740.8 .5626
 741.2 .5702
 741.6 .5767
 742.0 .5794
 742.4 .5826
 742.8 .5838
 743.2 .5857
 743.6 .5892
 744.0 .5912
 744.4 .5931
 744.8 .5955
 745.2 .5954
 745.6 .5940
 746.0 .5935
 746.4 .5952
 746.8 .5944
 747.2 .5940
 747.6 .5952
 748.0 .5940
 748.4 .5945
 748.8 .5945
 749.2 .5932
 749.6 .5937
 750.0 .5923
 750.4 .5880
 750.8 .5916
 751.2 .5990
 751.6 .5966
 752.0 .5918
 752.4 .5909
 752.8 .5907
 753.2 .5913
 753.6 .5923
 754.0 .5918
 754.4 .5912
 754.8 .5901
 755.2 .5887
 755.6 .5878
 756.0 .5858
 756.4 .5839
 756.8 .5835
 757.2 .5819
 757.6 .5795
 758.0 .5762
 758.4 .5742
 758.8 .5761
 759.2 .5712
 759.6 .5676
 760.0 .5717
 760.4 .5585
 760.8 .5534
 761.2 .5614
 761.6 .5670
 762.0 .5543
 762.4 .5554
 762.8 .5644
 763.2 .5555
 763.6 .5519
 764.0 .5513
 764.4 .5493
 764.8 .5473
 765.2 .5455
 765.6 .5444
 766.0 .5474
 766.4 .5510
 766.8 .5490
 767.2 .5463
 767.6 .5474
 768.0 .5504
 768.4 .5528
 768.8 .5496
 769.2 .5477
 769.6 .5494
 770.0 .5518
 770.4 .5549
 770.8 .5500
 771.2 .5498
 771.6 .5492
 772.0 .5469
 772.4 .5443
 772.8 .5377
 773.2 .5292
 773.6 .5248
 774.0 .5277
 774.4 .5320
 774.8 .5326
 775.2 .5303
 775.6 .5256
 776.0 .5236
 776.4 .5213
 776.8 .5179
 777.2 .5159
 777.6 .5118
 778.0 .5072
 778.4 .5063
 778.8 .5039
 779.2 .4987
 779.6 .4892
 780.0 .4784
 780.4 .4615
 780.8 .4466
 781.2 .4430
 781.6 .4419
 782.0 .4422
 782.4 .4440
 782.8 .4424
 783.2 .4344
 783.6 .4175
 784.0 .4069
 784.4 .4235
 784.8 .4498
 785.2 .4609
 785.6 .4557
 786.0 .4480
 786.4 .4455
 786.8 .4480
 787.2 .4517
 787.6 .4545
 788.0 .4600
 788.4 .4658
 788.8 .4680
 789.2 .4707
 789.6 .4710
 790.0 .4708
 790.4 .4701
 790.8 .4678
 791.2 .4648
 791.6 .4590
 792.0 .4518
 792.4 .4424
 792.8 .4325
 793.2 .4298
 793.6 .4352
 794.0 .4354
 794.4 .4279
 794.8 .4200
 795.2 .4128
 795.6 .4124
 796.0 .4137
 796.4 .4120
 796.8 .4053
 797.2 .3980
 797.6 .3971
 798.0 .4002
 798.4 .4036
 798.8 .4059
 799.2 .4049
 799.6 .4091
 800.0 .4165
 800.4 .4166
 800.8 .4236
 801.2 .4343
 801.6 .4308
 802.0 .4289
 802.4 .4368
 802.8 .4447
 803.2 .4484
 803.6 .4514
 804.0 .4522
 804.4 .4541
 804.8 .4655
 805.2 .4729
 805.6 .4745
 806.0 .4764
 806.4 .4808
 806.8 .4883
 807.2 .4958
 807.6 .4992
 808.0 .5000
 808.4 .5064
 808.8 .5059
 809.2 .5003
 809.6 .5025
 810.0 .5080
 810.4 .5079
 810.8 .5076
 811.2 .5112
 811.6 .5196
 812.0 .5269
 812.4 .5302
 812.8 .5304
 813.2 .5311
 813.6 .5336
 814.0 .5358
 814.4 .5364
 814.8 .5358
 815.2 .5377
 815.6 .5418
 816.0 .5435
 816.4 .5471
 816.8 .5482
 817.2 .5477
 817.6 .5473
 818.0 .5488
 818.4 .5545
 818.8 .5637
 819.2 .5612
 819.6 .5580
 820.0 .5680
 820.4 .5703
 820.8 .5659
 821.2 .5642
 821.6 .5679
 822.0 .5703
 822.4 .5727
 822.8 .5699
 823.2 .5694
 823.6 .5716
 824.0 .5713
 824.4 .5717
 824.8 .5720
 825.2 .5742
 825.6 .5744
 826.0 .5750
 826.4 .5757
 826.8 .5755
 827.2 .5727
 827.6 .5741
 828.0 .5766
 828.4 .5767
 828.8 .5757
 829.2 .5766
 829.6 .5801
 830.0 .5837
 830.4 .5825
 830.8 .5829
 831.2 .5851
 831.6 .5850
 832.0 .5814
 832.4 .5771
 832.8 .5740
 833.2 .5758
 833.6 .5738
 834.0 .5705
 834.4 .5633
 834.8 .5537
 835.2 .5393
 835.6 .5264
 836.0 .5176
 836.4 .5087
 836.8 .5014
 837.2 .4940
 837.6 .4840
 838.0 .4677
 838.4 .4449
 838.8 .4328
 839.2 .4399
 839.6 .4558
 840.0 .4663
 840.4 .4599
 840.8 .4402
 841.2 .4173
 841.6 .4053
 842.0 .4121
 842.4 .4436
 842.8 .4808
 843.2 .4901
 843.6 .4799
 844.0 .4648
 844.4 .4575
 844.8 .4713
 845.2 .4897
 845.6 .5040
 846.0 .5144
 846.4 .5171
 846.8 .5192
 847.2 .5172
 847.6 .5122
 848.0 .5159
 848.4 .5223
 848.8 .5279
 849.2 .5298
 849.6 .5300
 850.0 .5368
 850.4 .5205
 850.8 .5117
 851.2 .5113
 851.6 .5105
 852.0 .5043
 852.4 .4956
 852.8 .4895
 853.2 .4764
 853.6 .4567
 854.0 .4488
 854.4 .4529
 854.8 .4244
 855.2 .4171
 855.6 .4223
 856.0 .4105
 856.4 .3939
 856.8 .3759
 857.2 .3559
 857.6 .3381
 858.0 .3237
 858.4 .3159
 858.8 .3140
 859.2 .3115
 859.6 .3031
 860.0 .2856
 860.4 .2647
 860.8 .2499
 861.2 .2387
 861.6 .2229
 862.0 .2060
 862.4 .1998
 862.8 .2037
 863.2 .2060
 863.6 .2016
 864.0 .2003
 864.4 .2060
 864.8 .2109
 865.2 .2126
 865.6 .2145
 866.0 .2256
 866.4 .2410
 866.8 .2348
 867.2 .2402
 867.6 .2632
 868.0 .2861
 868.4 .3007
 868.8 .3118
 869.2 .3194
 869.6 .3206
 870.0 .3279
 870.4 .3346
 870.8 .3411
 871.2 .3555
 871.6 .3709
 872.0 .3831
 872.4 .3901
 872.8 .3968
 873.2 .4049
 873.6 .4084
 874.0 .4041
 874.4 .3985
 874.8 .4012
 875.2 .4041
 875.6 .4017
 876.0 .3972
 876.4 .3965
 876.8 .3939
 877.2 .3875
 877.6 .3809
 878.0 .3717
 878.4 .3679
 878.8 .3603
 879.2 .3452
 879.6 .3155
 880.0 .2694
 880.4 .2300
 880.8 .2084
 881.2 .1785
 881.6 .1336
 882.0 .0939
 882.4 .0727
 882.8 .0639
 883.2 .0561
 883.6 .0503
 884.0 .0528
 884.4 .0656
 884.8 .0814
 885.2 .0898
 885.6 .0875
 886.0 .0805
 886.4 .0674
 886.8 .0468
 887.2 .0325
 887.6 .0331
 888.0 .0412
 888.4 .0520
 888.8 .0614
 889.2 .0638
 889.6 .0636
 890.0 .0640
 890.4 .0613
 890.8 .0582
 891.2 .0591
 891.6 .0644
 892.0 .0704
 892.4 .0701
 892.8 .0670
 893.2 .0639
 893.6 .0568
 894.0 .0510
 894.4 .0522
 894.8 .0562
 895.2 .0564
 895.6 .0529
 896.0 .0535
 896.4 .0647
 896.8 .0837
 897.2 .0985
 897.6 .1014
 898.0 .0986
 898.4 .0949
 898.8 .0893
 899.2 .0884
 899.6 .0964
 900.0 .1092
 900.4 .1244
 900.8 .1348
 901.2 .1427
 901.6 .1566
 902.0 .1727
 902.4 .1804
 902.8 .1872
 903.2 .2059
 903.6 .2339
 904.0 .2545
 904.4 .2585
 904.8 .2638
 905.2 .2861
 905.6 .3098
 906.0 .3193
 906.4 .3311
 906.8 .3494
 907.2 .3651
 907.6 .3769
 908.0 .3842
 908.4 .3919
 908.8 .3994
 909.2 .4166
 909.6 .4295
 910.0 .4328
 910.4 .4317
 910.8 .4230
 911.2 .4117
 911.6 .4065
 912.0 .4105
 912.4 .4075
 912.8 .3914
 913.2 .3845
 913.6 .3941
 914.0 .4114
 914.4 .4219
 914.8 .4258
 915.2 .4286
 915.6 .4286
 916.0 .4213
 916.4 .4185
 916.8 .4319
 917.2 .4456
 917.6 .4570
 918.0 .4678
 918.4 .4695
 918.8 .4700
 919.2 .4732
 919.6 .4750
 920.0 .4782
 920.4 .4862
 920.8 .4936
 921.2 .4954
 921.6 .4983
 922.0 .5043
 922.4 .5059
 922.8 .5060
 923.2 .5125
 923.6 .5176
 924.0 .5190
 924.4 .5227
 924.8 .5275
 925.2 .5278
 925.6 .5231
 926.0 .5213
 926.4 .5247
 926.8 .5299
 927.2 .5341
 927.6 .5319
 928.0 .5288
 928.4 .5319
 928.8 .5368
 929.2 .5400
 929.6 .5406
 930.0 .5400
 930.4 .5387
 930.8 .5405
 931.2 .5426
 931.6 .5421
 932.0 .5393
 932.4 .5370
 932.8 .5381
 933.2 .5408
 933.6 .5395
 934.0 .5383
 934.4 .5403
 934.8 .5449
 935.2 .5456
 935.6 .5466
 936.0 .5472
 936.4 .5449
 936.8 .5459
 937.2 .5454
 937.6 .5429
 938.0 .5411
 938.4 .5433
 938.8 .5521
 939.2 .5571
 939.6 .5588
 940.0 .5591
 940.4 .5500
 940.8 .5425
 941.2 .5399
 941.6 .5466
 942.0 .5556
 942.4 .5471
 942.8 .5372
 943.2 .5396
 943.6 .5299
 944.0 .5292
 944.4 .5411
 944.8 .5362
 945.2 .5280
 945.6 .5281
 946.0 .5287
 946.4 .5247
 946.8 .5114
 947.2 .4973
 947.6 .4775
 948.0 .4665
 948.4 .4918
 948.8 .5124
 949.2 .5127
 949.6 .5213
 950.0 .5211
 950.4 .5167
 950.8 .5061
 951.2 .4859
 951.6 .4656
 952.0 .4622
 952.4 .4839
 952.8 .5031
 953.2 .5077
 953.6 .5102
 954.0 .5095
 954.4 .5021
 954.8 .5045
 955.2 .5035
 955.6 .4997
 956.0 .4971
 956.4 .4869
 956.8 .4784
 957.2 .4707
 957.6 .4705
 958.0 .4798
 958.4 .4818
 958.8 .4697
 959.2 .4580
 959.6 .4494
 960.0 .4427
 960.4 .4373
 960.8 .4274
 961.2 .4158
 961.6 .4044
 962.0 .3875
 962.4 .3659
 962.8 .3442
 963.2 .3216
 963.6 .3025
 964.0 .2985
 964.4 .3019
 964.8 .2913
 965.2 .2722
 965.6 .2602
 966.0 .2534
 966.4 .2493
 966.8 .2478
 967.2 .2542
 967.6 .2667
 968.0 .2751
 968.4 .2702
 968.8 .2558
 969.2 .2468
 969.6 .2461
 970.0 .2353
 970.4 .2040
 970.8 .1743
 971.2 .1766
 971.6 .2068
 972.0 .2344
 972.4 .2497
 972.8 .2568
 973.2 .2543
 973.6 .2396
 974.0 .2245
 974.4 .2230
 974.8 .2351
 975.2 .2515
 975.6 .2639
 976.0 .2678
 976.4 .2700
 976.8 .2740
 977.2 .2738
 977.6 .2675
 978.0 .2657
 978.4 .2701
 978.8 .2711
 979.2 .2643
 979.6 .2599
 980.0 .2557
 980.4 .2426
 980.8 .2279
 981.2 .2178
 981.6 .2061
 982.0 .1920
 982.4 .1798
 982.8 .1634
 983.2 .1442
 983.6 .1341
 984.0 .1332
 984.4 .1353
 984.8 .1419
 985.2 .1509
 985.6 .1537
 986.0 .1489
 986.4 .1453
 986.8 .1393
 987.2 .1255
 987.6 .1056
 988.0 .0885
 988.4 .0795
 988.8 .0807
 989.2 .0905
 989.6 .1023
 990.0 .1090
 990.4 .1111
 990.8 .1115
 991.2 .1148
 991.6 .1176
 992.0 .1230
 992.4 .1308
 992.8 .1333
 993.2 .1304
 993.6 .1299
 994.0 .1307
 994.4 .1334
 994.8 .1372
 995.2 .1337
 995.6 .1238
 996.0 .1152
 996.4 .1220
 996.8 .1420
 997.2 .1636
 997.6 .1788
 998.0 .1767
 998.4 .1621
 998.8 .1516
 999.2 .1572
 999.6 .1750
1000.0 .1871
1000.4 .1871
1000.8 .1821
1001.2 .1775
1001.6 .1736
1002.0 .1711
1002.4 .1731
1002.8 .1804
1003.2 .1886
1003.6 .1921
1004.0 .1814
1004.4 .1596
1004.8 .1395
1005.2 .1275
1005.6 .1224
1006.0 .1166
1006.4 .1133
1006.8 .1160
1007.2 .1170
1007.6 .1140
1008.0 .1098
1008.4 .1071
1008.8 .1067
1009.2 .1080
1009.6 .1068
1010.0 .1022
1010.4 .0992
1010.8 .0969
1011.2 .0952
1011.6 .0944
1012.0 .0968
1012.4 .0988
1012.8 .1056
1013.2 .1136
1013.6 .1163
1014.0 .1184
1014.4 .1189
1014.8 .1202
1015.2 .1232
1015.6 .1283
1016.0 .1377
1016.4 .1519
1016.8 .1646
1017.2 .1761
1017.6 .1856
1018.0 .1968
1018.4 .2106
1018.8 .2232
1019.2 .2273
1019.6 .2229
1020.0 .2278
1020.4 .2339
1020.8 .2274
1021.2 .2210
1021.6 .2297
1022.0 .2469
1022.4 .2543
1022.8 .2479
1023.2 .2434
1023.6 .2513
1024.0 .2531
1024.4 .2530
1024.8 .2585
1025.2 .2595
1025.6 .2614
1026.0 .2721
1026.4 .2803
1026.8 .2794
1027.2 .2751
1027.6 .2830
1028.0 .2946
1028.4 .3037
1028.8 .3012
1029.2 .3095
1029.6 .3115
1030.0 .3101
1030.4 .3144
1030.8 .3275
1031.2 .3397
1031.6 .3473
1032.0 .3525
1032.4 .3522
1032.8 .3537
1033.2 .3653
1033.6 .3681
1034.0 .3724
1034.4 .3743
1034.8 .3804
1035.2 .3777
1035.6 .3832
1036.0 .3988
1036.4 .4144
1036.8 .4089
1037.2 .4154
1037.6 .4166
1038.0 .4233
1038.4 .4361
1038.8 .4387
1039.2 .4316
1039.6 .4308
1040.0 .4384
1040.4 .4550
1040.8 .4609
1041.2 .4572
1041.6 .4528
1042.0 .4525
1042.4 .4692
1042.8 .4792
1043.2 .4898
1043.6 .4827
1044.0 .4878
1044.4 .5029
1044.8 .5137
1045.2 .5050
1045.6 .5001
1046.0 .4982
1046.4 .5068
1046.8 .5108
1047.2 .5128
1047.6 .5073
1048.0 .5172
1048.4 .5294
1048.8 .5386
1049.2 .5348
1049.6 .5402
1050.0 .5355
