 300.4 .0725
 300.8 .0678
 301.2 .0705
 301.6 .0627
 302.0 .0602
 302.4 .0566
 302.8 .0562
 303.2 .0545
 303.6 .0526
 304.0 .0559
 304.4 .0597
 304.8 .0622
 305.2 .0588
 305.6 .0580
 306.0 .0583
 306.4 .0610
 306.8 .0621
 307.2 .0611
 307.6 .0602
 308.0 .0580
 308.4 .0557
 308.8 .0547
 309.2 .0559
 309.6 .0567
 310.0 .0565
 310.4 .0560
 310.8 .0563
 311.2 .0568
 311.6 .0568
 312.0 .0564
 312.4 .0568
 312.8 .0579
 313.2 .0578
 313.6 .0572
 314.0 .0571
 314.4 .0572
 314.8 .0582
 315.2 .0585
 315.6 .0582
 316.0 .0581
 316.4 .0585
 316.8 .0589
 317.2 .0591
 317.6 .0590
 318.0 .0594
 318.4 .0594
 318.8 .0597
 319.2 .0596
 319.6 .0599
 320.0 .0601
 320.4 .0602
 320.8 .0609
 321.2 .0610
 321.6 .0610
 322.0 .0611
 322.4 .0613
 322.8 .0613
 323.2 .0618
 323.6 .0616
 324.0 .0612
 324.4 .0619
 324.8 .0622
 325.2 .0613
 325.6 .0612
 326.0 .0619
 326.4 .0621
 326.8 .0626
 327.2 .0627
 327.6 .0629
 328.0 .0627
 328.4 .0623
 328.8 .0622
 329.2 .0630
 329.6 .0633
 330.0 .0636
 330.4 .0639
 330.8 .0641
 331.2 .0635
 331.6 .0636
 332.0 .0640
 332.4 .0644
 332.8 .0645
 333.2 .0650
 333.6 .0648
 334.0 .0646
 334.4 .0646
 334.8 .0647
 335.2 .0648
 335.6 .0655
 336.0 .0653
 336.4 .0663
 336.8 .0657
 337.2 .0656
 337.6 .0667
 338.0 .0659
 338.4 .0661
 338.8 .0662
 339.2 .0659
 339.6 .0662
 340.0 .0668
 340.4 .0668
 340.8 .0670
 341.2 .0670
 341.6 .0669
 342.0 .0677
 342.4 .0674
 342.8 .0679
 343.2 .0681
 343.6 .0684
 344.0 .0680
 344.4 .0685
 344.8 .0692
 345.2 .0688
 345.6 .0688
 346.0 .0684
 346.4 .0689
 346.8 .0693
 347.2 .0697
 347.6 .0693
 348.0 .0695
 348.4 .0693
 348.8 .0697
 349.2 .0694
 349.6 .0697
 350.0 .0702
 350.4 .0705
 350.8 .0706
 351.2 .0705
 351.6 .0706
 352.0 .0710
 352.4 .0710
 352.8 .0710
 353.2 .0711
 353.6 .0711
 354.0 .0712
 354.4 .0714
 354.8 .0720
 355.2 .0724
 355.6 .0723
 356.0 .0728
 356.4 .0731
 356.8 .0728
 357.2 .0731
 357.6 .0734
 358.0 .0729
 358.4 .0726
 358.8 .0729
 359.2 .0736
 359.6 .0735
 360.0 .0742
 360.4 .0744
 360.8 .0746
 361.2 .0752
 361.6 .0752
 362.0 .0745
 362.4 .0753
 362.8 .0756
 363.2 .0750
 363.6 .0755
 364.0 .0761
 364.4 .0759
 364.8 .0758
 365.2 .0760
 365.6 .0761
 366.0 .0763
 366.4 .0764
 366.8 .0767
 367.2 .0771
 367.6 .0773
 368.0 .0771
 368.4 .0777
 368.8 .0776
 369.2 .0779
 369.6 .0780
 370.0 .0786
 370.4 .0783
 370.8 .0782
 371.2 .0793
 371.6 .0799
 372.0 .0795
 372.4 .0802
 372.8 .0810
 373.2 .0806
 373.6 .0800
 374.0 .0815
 374.4 .0813
 374.8 .0806
 375.2 .0810
 375.6 .0813
 376.0 .0812
 376.4 .0816
 376.8 .0816
 377.2 .0814
 377.6 .0816
 378.0 .0822
 378.4 .0827
 378.8 .0830
 379.2 .0832
 379.6 .0829
 380.0 .0828
 380.4 .0836
 380.8 .0838
 381.2 .0843
 381.6 .0843
 382.0 .0846
 382.4 .0846
 382.8 .0846
 383.2 .0847
 383.6 .0844
 384.0 .0845
 384.4 .0851
 384.8 .0849
 385.2 .0851
 385.6 .0850
 386.0 .0851
 386.4 .0860
 386.8 .0860
 387.2 .0856
 387.6 .0864
 388.0 .0862
 388.4 .0867
 388.8 .0870
 389.2 .0878
 389.6 .0882
 390.0 .0887
 390.4 .0887
 390.8 .0887
 391.2 .0890
 391.6 .0893
 392.0 .0893
 392.4 .0896
 392.8 .0897
 393.2 .0889
 393.6 .0904
 394.0 .0916
 394.4 .0915
 394.8 .0919
 395.2 .0915
 395.6 .0913
 396.0 .0916
 396.4 .0915
 396.8 .0911
 397.2 .0922
 397.6 .0930
 398.0 .0929
 398.4 .0925
 398.8 .0924
 399.2 .0926
 399.6 .0931
 400.0 .0933
 400.4 .0936
 400.8 .0936
 401.2 .0936
 401.6 .0938
 402.0 .0939
 402.4 .0945
 402.8 .0947
 403.2 .0949
 403.6 .0951
 404.0 .0956
 404.4 .0960
 404.8 .0959
 405.2 .0963
 405.6 .0967
 406.0 .0971
 406.4 .0973
 406.8 .0973
 407.2 .0972
 407.6 .0975
 408.0 .0975
 408.4 .0976
 408.8 .0979
 409.2 .0981
 409.6 .0981
 410.0 .0983
 410.4 .0982
 410.8 .0987
 411.2 .0993
 411.6 .0998
 412.0 .1000
 412.4 .1005
 412.8 .1008
 413.2 .1013
 413.6 .1016
 414.0 .1018
 414.4 .1023
 414.8 .1024
 415.2 .1025
 415.6 .1029
 416.0 .1032
 416.4 .1036
 416.8 .1038
 417.2 .1043
 417.6 .1045
 418.0 .1048
 418.4 .1051
 418.8 .1055
 419.2 .1058
 419.6 .1060
 420.0 .1064
 420.4 .1066
 420.8 .1069
 421.2 .1071
 421.6 .1074
 422.0 .1079
 422.4 .1082
 422.8 .1085
 423.2 .1088
 423.6 .1089
 424.0 .1089
 424.4 .1090
 424.8 .1098
 425.2 .1104
 425.6 .1105
 426.0 .1105
 426.4 .1105
 426.8 .1105
 427.2 .1110
 427.6 .1117
 428.0 .1120
 428.4 .1120
 428.8 .1121
 429.2 .1126
 429.6 .1130
 430.0 .1132
 430.4 .1138
 430.8 .1136
 431.2 .1138
 431.6 .1137
 432.0 .1140
 432.4 .1147
 432.8 .1149
 433.2 .1150
 433.6 .1148
 434.0 .1149
 434.4 .1157
 434.8 .1162
 435.2 .1167
 435.6 .1172
 436.0 .1176
 436.4 .1179
 436.8 .1177
 437.2 .1183
 437.6 .1187
 438.0 .1192
 438.4 .1200
 438.8 .1200
 439.2 .1201
 439.6 .1199
 440.0 .1199
 440.4 .1207
 440.8 .1206
 441.2 .1208
 441.6 .1212
 442.0 .1215
 442.4 .1219
 442.8 .1221
 443.2 .1226
 443.6 .1234
 444.0 .1234
 444.4 .1238
 444.8 .1242
 445.2 .1242
 445.6 .1251
 446.0 .1257
 446.4 .1258
 446.8 .1260
 447.2 .1260
 447.6 .1265
 448.0 .1273
 448.4 .1274
 448.8 .1275
 449.2 .1278
 449.6 .1281
 450.0 .1285
 450.4 .1290
 450.8 .1291
 451.2 .1294
 451.6 .1300
 452.0 .1305
 452.4 .1306
 452.8 .1311
 453.2 .1315
 453.6 .1314
 454.0 .1316
 454.4 .1322
 454.8 .1325
 455.2 .1330
 455.6 .1333
 456.0 .1336
 456.4 .1336
 456.8 .1338
 457.2 .1342
 457.6 .1343
 458.0 .1347
 458.4 .1353
 458.8 .1353
 459.2 .1355
 459.6 .1360
 460.0 .1364
 460.4 .1372
 460.8 .1373
 461.2 .1374
 461.6 .1381
 462.0 .1383
 462.4 .1387
 462.8 .1391
 463.2 .1391
 463.6 .1398
 464.0 .1401
 464.4 .1401
 464.8 .1405
 465.2 .1409
 465.6 .1409
 466.0 .1411
 466.4 .1418
 466.8 .1423
 467.2 .1428
 467.6 .1429
 468.0 .1429
 468.4 .1436
 468.8 .1439
 469.2 .1439
 469.6 .1443
 470.0 .1447
 470.4 .1448
 470.8 .1453
 471.2 .1457
 471.6 .1459
 472.0 .1463
 472.4 .1464
 472.8 .1468
 473.2 .1472
 473.6 .1475
 474.0 .1481
 474.4 .1488
 474.8 .1487
 475.2 .1490
 475.6 .1498
 476.0 .1501
 476.4 .1505
 476.8 .1510
 477.2 .1512
 477.6 .1514
 478.0 .1517
 478.4 .1520
 478.8 .1526
 479.2 .1529
 479.6 .1530
 480.0 .1533
 480.4 .1535
 480.8 .1539
 481.2 .1542
 481.6 .1546
 482.0 .1550
 482.4 .1551
 482.8 .1554
 483.2 .1561
 483.6 .1563
 484.0 .1566
 484.4 .1566
 484.8 .1562
 485.2 .1565
 485.6 .1568
 486.0 .1573
 486.4 .1577
 486.8 .1589
 487.2 .1600
 487.6 .1601
 488.0 .1605
 488.4 .1611
 488.8 .1618
 489.2 .1628
 489.6 .1629
 490.0 .1629
 490.4 .1634
 490.8 .1638
 491.2 .1638
 491.6 .1642
 492.0 .1650
 492.4 .1650
 492.8 .1652
 493.2 .1662
 493.6 .1668
 494.0 .1670
 494.4 .1674
 494.8 .1680
 495.2 .1684
 495.6 .1693
 496.0 .1694
 496.4 .1693
 496.8 .1699
 497.2 .1704
 497.6 .1707
 498.0 .1712
 498.4 .1718
 498.8 .1717
 499.2 .1719
 499.6 .1724
 500.0 .1728
 500.4 .1733
 500.8 .1739
 501.2 .1748
 501.6 .1752
 502.0 .1755
 502.4 .1761
 502.8 .1761
 503.2 .1762
 503.6 .1771
 504.0 .1781
 504.4 .1778
 504.8 .1781
 505.2 .1788
 505.6 .1789
 506.0 .1790
 506.4 .1794
 506.8 .1799
 507.2 .1805
 507.6 .1808
 508.0 .1812
 508.4 .1813
 508.8 .1816
 509.2 .1819
 509.6 .1826
 510.0 .1828
 510.4 .1828
 510.8 .1835
 511.2 .1838
 511.6 .1838
 512.0 .1848
 512.4 .1857
 512.8 .1859
 513.2 .1858
 513.6 .1866
 514.0 .1872
 514.4 .1874
 514.8 .1880
 515.2 .1886
 515.6 .1887
 516.0 .1889
 516.4 .1899
 516.8 .1913
 517.2 .1922
 517.6 .1914
 518.0 .1920
 518.4 .1935
 518.8 .1926
 519.2 .1926
 519.6 .1932
 520.0 .1933
 520.4 .1945
 520.8 .1948
 521.2 .1940
 521.6 .1946
 522.0 .1949
 522.4 .1954
 522.8 .1961
 523.2 .1963
 523.6 .1964
 524.0 .1965
 524.4 .1966
 524.8 .1973
 525.2 .1979
 525.6 .1975
 526.0 .1978
 526.4 .1995
 526.8 .2007
 527.2 .2004
 527.6 .1999
 528.0 .2003
 528.4 .2008
 528.8 .2007
 529.2 .2012
 529.6 .2021
 530.0 .2026
 530.4 .2024
 530.8 .2027
 531.2 .2033
 531.6 .2039
 532.0 .2043
 532.4 .2053
 532.8 .2065
 533.2 .2060
 533.6 .2059
 534.0 .2063
 534.4 .2065
 534.8 .2069
 535.2 .2070
 535.6 .2069
 536.0 .2068
 536.4 .2074
 536.8 .2079
 537.2 .2079
 537.6 .2072
 538.0 .2070
 538.4 .2071
 538.8 .2074
 539.2 .2078
 539.6 .2078
 540.0 .2072
 540.4 .2070
 540.8 .2068
 541.2 .2060
 541.6 .2050
 542.0 .2043
 542.4 .2040
 542.8 .2042
 543.2 .2050
 543.6 .2056
 544.0 .2061
 544.4 .2080
 544.8 .2103
 545.2 .2120
 545.6 .2143
 546.0 .2161
 546.4 .2176
 546.8 .2185
 547.2 .2194
 547.6 .2207
 548.0 .2210
 548.4 .2212
 548.8 .2219
 549.2 .2222
 549.6 .2227
 550.0 .2233
 550.4 .2236
 550.8 .2236
 551.2 .2240
 551.6 .2246
 552.0 .2250
 552.4 .2250
 552.8 .2254
 553.2 .2258
 553.6 .2263
 554.0 .2266
 554.4 .2269
 554.8 .2272
 555.2 .2274
 555.6 .2279
 556.0 .2282
 556.4 .2288
 556.8 .2293
 557.2 .2298
 557.6 .2302
 558.0 .2301
 558.4 .2308
 558.8 .2321
 559.2 .2320
 559.6 .2319
 560.0 .2329
 560.4 .2334
 560.8 .2332
 561.2 .2335
 561.6 .2346
 562.0 .2346
 562.4 .2346
 562.8 .2347
 563.2 .2349
 563.6 .2355
 564.0 .2356
 564.4 .2358
 564.8 .2361
 565.2 .2365
 565.6 .2372
 566.0 .2377
 566.4 .2377
 566.8 .2373
 567.2 .2375
 567.6 .2378
 568.0 .2380
 568.4 .2387
 568.8 .2391
 569.2 .2390
 569.6 .2393
 570.0 .2397
 570.4 .2402
 570.8 .2408
 571.2 .2407
 571.6 .2402
 572.0 .2401
 572.4 .2403
 572.8 .2404
 573.2 .2402
 573.6 .2399
 574.0 .2396
 574.4 .2394
 574.8 .2394
 575.2 .2397
 575.6 .2396
 576.0 .2397
 576.4 .2403
 576.8 .2405
 577.2 .2414
 577.6 .2416
 578.0 .2423
 578.4 .2437
 578.8 .2444
 579.2 .2453
 579.6 .2460
 580.0 .2470
 580.4 .2480
 580.8 .2486
 581.2 .2488
 581.6 .2497
 582.0 .2507
 582.4 .2511
 582.8 .2514
 583.2 .2518
 583.6 .2521
 584.0 .2521
 584.4 .2523
 584.8 .2529
 585.2 .2533
 585.6 .2542
 586.0 .2547
 586.4 .2546
 586.8 .2547
 587.2 .2552
 587.6 .2555
 588.0 .2560
 588.4 .2567
 588.8 .2584
 589.2 .2597
 589.6 .2596
 590.0 .2588
 590.4 .2582
 590.8 .2580
 591.2 .2577
 591.6 .2578
 592.0 .2580
 592.4 .2580
 592.8 .2579
 593.2 .2577
 593.6 .2576
 594.0 .2579
 594.4 .2578
 594.8 .2574
 595.2 .2569
 595.6 .2562
 596.0 .2559
 596.4 .2563
 596.8 .2576
 597.2 .2581
 597.6 .2583
 598.0 .2587
 598.4 .2594
 598.8 .2600
 599.2 .2597
 599.6 .2601
 600.0 .2610
 600.4 .2621
 600.8 .2629
 601.2 .2630
 601.6 .2635
 602.0 .2645
 602.4 .2651
 602.8 .2659
 603.2 .2664
 603.6 .2666
 604.0 .2672
 604.4 .2675
 604.8 .2674
 605.2 .2674
 605.6 .2675
 606.0 .2671
 606.4 .2666
 606.8 .2663
 607.2 .2658
 607.6 .2655
 608.0 .2648
 608.4 .2636
 608.8 .2629
 609.2 .2633
 609.6 .2635
 610.0 .2637
 610.4 .2638
 610.8 .2623
 611.2 .2608
 611.6 .2591
 612.0 .2569
 612.4 .2547
 612.8 .2518
 613.2 .2479
 613.6 .2450
 614.0 .2427
 614.4 .2399
 614.8 .2384
 615.2 .2378
 615.6 .2373
 616.0 .2365
 616.4 .2362
 616.8 .2352
 617.2 .2327
 617.6 .2293
 618.0 .2260
 618.4 .2234
 618.8 .2223
 619.2 .2219
 619.6 .2220
 620.0 .2228
 620.4 .2244
 620.8 .2260
 621.2 .2274
 621.6 .2294
 622.0 .2324
 622.4 .2358
 622.8 .2391
 623.2 .2429
 623.6 .2464
 624.0 .2506
 624.4 .2560
 624.8 .2594
 625.2 .2619
 625.6 .2654
 626.0 .2685
 626.4 .2706
 626.8 .2726
 627.2 .2734
 627.6 .2744
 628.0 .2772
 628.4 .2785
 628.8 .2786
 629.2 .2792
 629.6 .2801
 630.0 .2813
 630.4 .2824
 630.8 .2827
 631.2 .2825
 631.6 .2835
 632.0 .2842
 632.4 .2838
 632.8 .2836
 633.2 .2835
 633.6 .2840
 634.0 .2838
 634.4 .2837
 634.8 .2839
 635.2 .2837
 635.6 .2842
 636.0 .2849
 636.4 .2852
 636.8 .2852
 637.2 .2850
 637.6 .2850
 638.0 .2852
 638.4 .2847
 638.8 .2836
 639.2 .2839
 639.6 .2847
 640.0 .2848
 640.4 .2842
 640.8 .2838
 641.2 .2831
 641.6 .2823
 642.0 .2827
 642.4 .2826
 642.8 .2825
 643.2 .2837
 643.6 .2845
 644.0 .2850
 644.4 .2851
 644.8 .2848
 645.2 .2850
 645.6 .2853
 646.0 .2853
 646.4 .2854
 646.8 .2857
 647.2 .2864
 647.6 .2869
 648.0 .2861
 648.4 .2854
 648.8 .2847
 649.2 .2843
 649.6 .2849
 650.0 .2838
 650.4 .2825
 650.8 .2824
 651.2 .2825
 651.6 .2834
 652.0 .2835
 652.4 .2825
 652.8 .2823
 653.2 .2818
 653.6 .2810
 654.0 .2797
 654.4 .2788
 654.8 .2784
 655.2 .2776
 655.6 .2760
 656.0 .2761
 656.4 .2776
 656.8 .2749
 657.2 .2743
 657.6 .2746
 658.0 .2735
 658.4 .2728
 658.8 .2723
 659.2 .2718
 659.6 .2718
 660.0 .2719
 660.4 .2722
 660.8 .2720
 661.2 .2714
 661.6 .2701
 662.0 .2689
 662.4 .2677
 662.8 .2669
 663.2 .2663
 663.6 .2670
 664.0 .2664
 664.4 .2657
 664.8 .2658
 665.2 .2649
 665.6 .2631
 666.0 .2606
 666.4 .2593
 666.8 .2598
 667.2 .2608
 667.6 .2610
 668.0 .2614
 668.4 .2624
 668.8 .2632
 669.2 .2644
 669.6 .2662
 670.0 .2680
 670.4 .2703
 670.8 .2722
 671.2 .2740
 671.6 .2764
 672.0 .2790
 672.4 .2812
 672.8 .2840
 673.2 .2862
 673.6 .2876
 674.0 .2889
 674.4 .2901
 674.8 .2914
 675.2 .2938
 675.6 .2956
 676.0 .2965
 676.4 .2968
 676.8 .2972
 677.2 .2984
 677.6 .2991
 678.0 .2997
 678.4 .3004
 678.8 .2997
 679.2 .2973
 679.6 .2950
 680.0 .2927
 680.4 .2910
 680.8 .2902
 681.2 .2894
 681.6 .2877
 682.0 .2844
 682.4 .2812
 682.8 .2800
 683.2 .2814
 683.6 .2826
 684.0 .2832
 684.4 .2843
 684.8 .2850
 685.2 .2842
 685.6 .2852
 686.0 .2846
 686.4 .2883
 686.8 .2886
 687.2 .2875
 687.6 .2933
 688.0 .2900
 688.4 .2873
 688.8 .2890
 689.2 .2921
 689.6 .2954
 690.0 .2964
 690.4 .2950
 690.8 .2941
 691.2 .2938
 691.6 .2954
 692.0 .2969
 692.4 .2965
 692.8 .2955
 693.2 .2944
 693.6 .2928
 694.0 .2924
 694.4 .2922
 694.8 .2920
 695.2 .2901
 695.6 .2865
 696.0 .2827
 696.4 .2795
 696.8 .2754
 697.2 .2726
 697.6 .2722
 698.0 .2712
 698.4 .2691
 698.8 .2661
 699.2 .2615
 699.6 .2565
 700.0 .2541
 700.4 .2529
 700.8 .2514
 701.2 .2479
 701.6 .2448
 702.0 .2426
 702.4 .2411
 702.8 .2427
 703.2 .2446
 703.6 .2457
 704.0 .2448
 704.4 .2431
 704.8 .2449
 705.2 .2510
 705.6 .2568
 706.0 .2591
 706.4 .2591
 706.8 .2591
 707.2 .2607
 707.6 .2632
 708.0 .2658
 708.4 .2686
 708.8 .2708
 709.2 .2706
 709.6 .2707
 710.0 .2719
 710.4 .2750
 710.8 .2785
 711.2 .2802
 711.6 .2803
 712.0 .2792
 712.4 .2773
 712.8 .2768
 713.2 .2788
 713.6 .2804
 714.0 .2800
 714.4 .2787
 714.8 .2759
 715.2 .2714
 715.6 .2647
 716.0 .2569
 716.4 .2478
 716.8 .2403
 717.2 .2326
 717.6 .2264
 718.0 .2222
 718.4 .2180
 718.8 .2158
 719.2 .2116
 719.6 .2064
 720.0 .2030
 720.4 .2021
 720.8 .2022
 721.2 .2003
 721.6 .1977
 722.0 .1959
 722.4 .1954
 722.8 .1936
 723.2 .1915
 723.6 .1896
 724.0 .1863
 724.4 .1831
 724.8 .1767
 725.2 .1712
 725.6 .1688
 726.0 .1688
 726.4 .1707
 726.8 .1691
 727.2 .1644
 727.6 .1634
 728.0 .1669
 728.4 .1710
 728.8 .1742
 729.2 .1770
 729.6 .1793
 730.0 .1794
 730.4 .1817
 730.8 .1854
 731.2 .1897
 731.6 .1929
 732.0 .1954
 732.4 .1965
 732.8 .1977
 733.2 .2001
 733.6 .2037
 734.0 .2067
 734.4 .2097
 734.8 .2141
 735.2 .2163
 735.6 .2190
 736.0 .2245
 736.4 .2264
 736.8 .2259
 737.2 .2296
 737.6 .2353
 738.0 .2392
 738.4 .2439
 738.8 .2492
 739.2 .2542
 739.6 .2589
 740.0 .2638
 740.4 .2674
 740.8 .2730
 741.2 .2795
 741.6 .2823
 742.0 .2846
 742.4 .2875
 742.8 .2894
 743.2 .2919
 743.6 .2951
 744.0 .2971
 744.4 .2980
 744.8 .2985
 745.2 .2984
 745.6 .2979
 746.0 .2981
 746.4 .2989
 746.8 .2977
 747.2 .2967
 747.6 .2988
 748.0 .2985
 748.4 .2976
 748.8 .2985
 749.2 .2990
 749.6 .2990
 750.0 .2976
 750.4 .2978
 750.8 .2998
 751.2 .3008
 751.6 .3008
 752.0 .2990
 752.4 .2980
 752.8 .2998
 753.2 .3027
 753.6 .3039
 754.0 .3030
 754.4 .3015
 754.8 .3004
 755.2 .3007
 755.6 .3007
 756.0 .3002
 756.4 .2985
 756.8 .2962
 757.2 .2946
 757.6 .2925
 758.0 .2896
 758.4 .2885
 758.8 .2868
 759.2 .2849
 759.6 .2785
 760.0 .2781
 760.4 .2779
 760.8 .2754
 761.2 .2786
 761.6 .2756
 762.0 .2677
 762.4 .2643
 762.8 .2634
 763.2 .2628
 763.6 .2630
 764.0 .2621
 764.4 .2591
 764.8 .2579
 765.2 .2574
 765.6 .2585
 766.0 .2599
 766.4 .2577
 766.8 .2541
 767.2 .2528
 767.6 .2573
 768.0 .2609
 768.4 .2605
 768.8 .2588
 769.2 .2583
 769.6 .2598
 770.0 .2605
 770.4 .2594
 770.8 .2570
 771.2 .2560
 771.6 .2566
 772.0 .2557
 772.4 .2515
 772.8 .2451
 773.2 .2401
 773.6 .2390
 774.0 .2409
 774.4 .2432
 774.8 .2433
 775.2 .2416
 775.6 .2386
 776.0 .2362
 776.4 .2350
 776.8 .2345
 777.2 .2331
 777.6 .2313
 778.0 .2288
 778.4 .2261
 778.8 .2250
 779.2 .2238
 779.6 .2206
 780.0 .2171
 780.4 .2132
 780.8 .2079
 781.2 .2058
 781.6 .2045
 782.0 .2039
 782.4 .2036
 782.8 .2030
 783.2 .2012
 783.6 .1987
 784.0 .1974
 784.4 .2020
 784.8 .2072
 785.2 .2091
 785.6 .2074
 786.0 .2059
 786.4 .2063
 786.8 .2075
 787.2 .2089
 787.6 .2097
 788.0 .2108
 788.4 .2120
 788.8 .2129
 789.2 .2140
 789.6 .2140
 790.0 .2145
 790.4 .2141
 790.8 .2122
 791.2 .2109
 791.6 .2083
 792.0 .2058
 792.4 .2032
 792.8 .2010
 793.2 .1998
 793.6 .2012
 794.0 .2009
 794.4 .1973
 794.8 .1947
 795.2 .1938
 795.6 .1934
 796.0 .1943
 796.4 .1947
 796.8 .1928
 797.2 .1904
 797.6 .1896
 798.0 .1896
 798.4 .1903
 798.8 .1907
 799.2 .1905
 799.6 .1931
 800.0 .1956
 800.4 .1953
 800.8 .1966
 801.2 .1979
 801.6 .1957
 802.0 .1958
 802.4 .1989
 802.8 .2010
 803.2 .2025
 803.6 .2036
 804.0 .2031
 804.4 .2032
 804.8 .2057
 805.2 .2077
 805.6 .2083
 806.0 .2103
 806.4 .2128
 806.8 .2154
 807.2 .2182
 807.6 .2191
 808.0 .2194
 808.4 .2212
 808.8 .2216
 809.2 .2193
 809.6 .2216
 810.0 .2250
 810.4 .2259
 810.8 .2259
 811.2 .2290
 811.6 .2355
 812.0 .2409
 812.4 .2455
 812.8 .2480
 813.2 .2502
 813.6 .2562
 814.0 .2614
 814.4 .2635
 814.8 .2642
 815.2 .2687
 815.6 .2733
 816.0 .2743
 816.4 .2780
 816.8 .2810
 817.2 .2812
 817.6 .2798
 818.0 .2834
 818.4 .2862
 818.8 .2888
 819.2 .2879
 819.6 .2889
 820.0 .2921
 820.4 .2928
 820.8 .2933
 821.2 .2944
 821.6 .2959
 822.0 .2967
 822.4 .2963
 822.8 .2994
 823.2 .3051
 823.6 .3058
 824.0 .3020
 824.4 .3024
 824.8 .3022
 825.2 .3013
 825.6 .3007
 826.0 .3028
 826.4 .3058
 826.8 .3071
 827.2 .3064
 827.6 .3067
 828.0 .3083
 828.4 .3075
 828.8 .3066
 829.2 .3070
 829.6 .3078
 830.0 .3082
 830.4 .3090
 830.8 .3097
 831.2 .3089
 831.6 .3064
 832.0 .3044
 832.4 .3017
 832.8 .2971
 833.2 .2925
 833.6 .2856
 834.0 .2798
 834.4 .2701
 834.8 .2561
 835.2 .2447
 835.6 .2348
 836.0 .2262
 836.4 .2213
 836.8 .2153
 837.2 .2109
 837.6 .2061
 838.0 .2014
 838.4 .1926
 838.8 .1895
 839.2 .1924
 839.6 .1958
 840.0 .1967
 840.4 .1938
 840.8 .1889
 841.2 .1831
 841.6 .1820
 842.0 .1846
 842.4 .1926
 842.8 .2033
 843.2 .2045
 843.6 .2010
 844.0 .1967
 844.4 .1964
 844.8 .2023
 845.2 .2099
 845.6 .2165
 846.0 .2211
 846.4 .2228
 846.8 .2218
 847.2 .2214
 847.6 .2204
 848.0 .2227
 848.4 .2232
 848.8 .2284
 849.2 .2325
 849.6 .2311
 850.0 .2275
 850.4 .2259
 850.8 .2229
 851.2 .2171
 851.6 .2151
 852.0 .2133
 852.4 .2076
 852.8 .2039
 853.2 .1977
 853.6 .1911
 854.0 .1862
 854.4 .1849
 854.8 .1846
 855.2 .1823
 855.6 .1804
 856.0 .1764
 856.4 .1724
 856.8 .1686
 857.2 .1635
 857.6 .1598
 858.0 .1567
 858.4 .1545
 858.8 .1546
 859.2 .1533
 859.6 .1502
 860.0 .1464
 860.4 .1418
 860.8 .1388
 861.2 .1363
 861.6 .1338
 862.0 .1309
 862.4 .1302
 862.8 .1317
 863.2 .1322
 863.6 .1310
 864.0 .1307
 864.4 .1317
 864.8 .1317
 865.2 .1323
 865.6 .1329
 866.0 .1338
 866.4 .1353
 866.8 .1395
 867.2 .1397
 867.6 .1427
 868.0 .1470
 868.4 .1492
 868.8 .1505
 869.2 .1529
 869.6 .1537
 870.0 .1551
 870.4 .1564
 870.8 .1582
 871.2 .1607
 871.6 .1635
 872.0 .1660
 872.4 .1671
 872.8 .1675
 873.2 .1703
 873.6 .1712
 874.0 .1695
 874.4 .1684
 874.8 .1698
 875.2 .1708
 875.6 .1691
 876.0 .1681
 876.4 .1677
 876.8 .1668
 877.2 .1653
 877.6 .1633
 878.0 .1615
 878.4 .1606
 878.8 .1577
 879.2 .1516
 879.6 .1444
 880.0 .1339
 880.4 .1241
 880.8 .1187
 881.2 .1120
 881.6 .1001
 882.0 .0917
 882.4 .0882
 882.8 .0871
 883.2 .0859
 883.6 .0853
 884.0 .0878
 884.4 .0918
 884.8 .0962
 885.2 .0974
 885.6 .0958
 886.0 .0937
 886.4 .0883
 886.8 .0788
 887.2 .0731
 887.6 .0733
 888.0 .0763
 888.4 .0796
 888.8 .0837
 889.2 .0848
 889.6 .0867
 890.0 .0887
 890.4 .0867
 890.8 .0861
 891.2 .0853
 891.6 .0864
 892.0 .0888
 892.4 .0874
 892.8 .0868
 893.2 .0868
 893.6 .0835
 894.0 .0817
 894.4 .0826
 894.8 .0831
 895.2 .0834
 895.6 .0827
 896.0 .0837
 896.4 .0887
 896.8 .0939
 897.2 .0978
 897.6 .0995
 898.0 .0998
 898.4 .0985
 898.8 .0968
 899.2 .0977
 899.6 .0988
 900.0 .0991
 900.4 .1012
 900.8 .1049
 901.2 .1083
 901.6 .1118
 902.0 .1144
 902.4 .1158
 902.8 .1177
 903.2 .1225
 903.6 .1271
 904.0 .1303
 904.4 .1315
 904.8 .1330
 905.2 .1377
 905.6 .1418
 906.0 .1436
 906.4 .1464
 906.8 .1502
 907.2 .1530
 907.6 .1557
 908.0 .1580
 908.4 .1600
 908.8 .1625
 909.2 .1665
 909.6 .1701
 910.0 .1708
 910.4 .1700
 910.8 .1682
 911.2 .1653
 911.6 .1633
 912.0 .1624
 912.4 .1607
 912.8 .1577
 913.2 .1569
 913.6 .1603
 914.0 .1643
 914.4 .1654
 914.8 .1651
 915.2 .1656
 915.6 .1676
 916.0 .1676
 916.4 .1673
 916.8 .1691
 917.2 .1714
 917.6 .1757
 918.0 .1798
 918.4 .1813
 918.8 .1811
 919.2 .1816
 919.6 .1822
 920.0 .1838
 920.4 .1867
 920.8 .1893
 921.2 .1915
 921.6 .1942
 922.0 .1976
 922.4 .1994
 922.8 .2003
 923.2 .2026
 923.6 .2055
 924.0 .2083
 924.4 .2119
 924.8 .2163
 925.2 .2194
 925.6 .2189
 926.0 .2179
 926.4 .2192
 926.8 .2227
 927.2 .2266
 927.6 .2290
 928.0 .2323
 928.4 .2381
 928.8 .2438
 929.2 .2466
 929.6 .2467
 930.0 .2467
 930.4 .2483
 930.8 .2516
 931.2 .2545
 931.6 .2562
 932.0 .2569
 932.4 .2577
 932.8 .2589
 933.2 .2606
 933.6 .2640
 934.0 .2692
 934.4 .2747
 934.8 .2779
 935.2 .2782
 935.6 .2772
 936.0 .2760
 936.4 .2752
 936.8 .2751
 937.2 .2755
 937.6 .2769
 938.0 .2797
 938.4 .2833
 938.8 .2862
 939.2 .2861
 939.6 .2831
 940.0 .2799
 940.4 .2779
 940.8 .2764
 941.2 .2752
 941.6 .2725
 942.0 .2674
 942.4 .2604
 942.8 .2531
 943.2 .2474
 943.6 .2435
 944.0 .2412
 944.4 .2394
 944.8 .2367
 945.2 .2328
 945.6 .2274
 946.0 .2211
 946.4 .2143
 946.8 .2065
 947.2 .1976
 947.6 .1908
 948.0 .1900
 948.4 .1967
 948.8 .2054
 949.2 .2103
 949.6 .2112
 950.0 .2104
 950.4 .2076
 950.8 .2007
 951.2 .1909
 951.6 .1836
 952.0 .1844
 952.4 .1930
 952.8 .2020
 953.2 .2064
 953.6 .2070
 954.0 .2059
 954.4 .2043
 954.8 .2016
 955.2 .1990
 955.6 .1960
 956.0 .1936
 956.4 .1899
 956.8 .1851
 957.2 .1816
 957.6 .1806
 958.0 .1817
 958.4 .1815
 958.8 .1786
 959.2 .1751
 959.6 .1726
 960.0 .1705
 960.4 .1666
 960.8 .1628
 961.2 .1598
 961.6 .1561
 962.0 .1508
 962.4 .1456
 962.8 .1416
 963.2 .1369
 963.6 .1326
 964.0 .1322
 964.4 .1330
 964.8 .1302
 965.2 .1268
 965.6 .1240
 966.0 .1220
 966.4 .1219
 966.8 .1225
 967.2 .1239
 967.6 .1242
 968.0 .1235
 968.4 .1233
 968.8 .1212
 969.2 .1189
 969.6 .1183
 970.0 .1159
 970.4 .1102
 970.8 .1034
 971.2 .1044
 971.6 .1102
 972.0 .1144
 972.4 .1171
 972.8 .1185
 973.2 .1174
 973.6 .1154
 974.0 .1157
 974.4 .1167
 974.8 .1182
 975.2 .1189
 975.6 .1214
 976.0 .1229
 976.4 .1223
 976.8 .1234
 977.2 .1225
 977.6 .1187
 978.0 .1187
 978.4 .1207
 978.8 .1196
 979.2 .1182
 979.6 .1180
 980.0 .1176
 980.4 .1155
 980.8 .1119
 981.2 .1103
 981.6 .1073
 982.0 .1043
 982.4 .1037
 982.8 .1011
 983.2 .0966
 983.6 .0959
 984.0 .0966
 984.4 .0946
 984.8 .0964
 985.2 .0999
 985.6 .0981
 986.0 .0978
 986.4 .0971
 986.8 .0947
 987.2 .0928
 987.6 .0879
 988.0 .0836
 988.4 .0804
 988.8 .0793
 989.2 .0818
 989.6 .0860
 990.0 .0864
 990.4 .0859
 990.8 .0864
 991.2 .0872
 991.6 .0876
 992.0 .0890
 992.4 .0905
 992.8 .0916
 993.2 .0903
 993.6 .0905
 994.0 .0906
 994.4 .0887
 994.8 .0884
 995.2 .0867
 995.6 .0837
 996.0 .0818
 996.4 .0821
 996.8 .0873
 997.2 .0923
 997.6 .0928
 998.0 .0937
 998.4 .0891
 998.8 .0830
 999.2 .0870
 999.6 .0929
1000.0 .0940
