 300.4 .0431
 300.8 .0507
 301.2 .0616
 301.6 .0679
 302.0 .0823
 302.4 .0675
 302.8 .0466
 303.2 .0441
 303.6 .0516
 304.0 .0571
 304.4 .0558
 304.8 .0531
 305.2 .0596
 305.6 .0566
 306.0 .0525
 306.4 .0546
 306.8 .0531
 307.2 .0543
 307.6 .0556
 308.0 .0531
 308.4 .0527
 308.8 .0538
 309.2 .0521
 309.6 .0537
 310.0 .0553
 310.4 .0548
 310.8 .0557
 311.2 .0564
 311.6 .0552
 312.0 .0545
 312.4 .0542
 312.8 .0554
 313.2 .0553
 313.6 .0560
 314.0 .0551
 314.4 .0556
 314.8 .0578
 315.2 .0569
 315.6 .0551
 316.0 .0569
 316.4 .0584
 316.8 .0581
 317.2 .0574
 317.6 .0567
 318.0 .0561
 318.4 .0581
 318.8 .0580
 319.2 .0568
 319.6 .0569
 320.0 .0573
 320.4 .0574
 320.8 .0574
 321.2 .0580
 321.6 .0590
 322.0 .0591
 322.4 .0583
 322.8 .0576
 323.2 .0581
 323.6 .0593
 324.0 .0598
 324.4 .0597
 324.8 .0591
 325.2 .0599
 325.6 .0597
 326.0 .0594
 326.4 .0595
 326.8 .0597
 327.2 .0600
 327.6 .0599
 328.0 .0596
 328.4 .0599
 328.8 .0607
 329.2 .0606
 329.6 .0600
 330.0 .0604
 330.4 .0603
 330.8 .0606
 331.2 .0606
 331.6 .0602
 332.0 .0605
 332.4 .0607
 332.8 .0606
 333.2 .0609
 333.6 .0606
 334.0 .0609
 334.4 .0612
 334.8 .0607
 335.2 .0611
 335.6 .0609
 336.0 .0602
 336.4 .0611
 336.8 .0608
 337.2 .0619
 337.6 .0623
 338.0 .0619
 338.4 .0630
 338.8 .0628
 339.2 .0625
 339.6 .0631
 340.0 .0629
 340.4 .0626
 340.8 .0635
 341.2 .0633
 341.6 .0631
 342.0 .0636
 342.4 .0636
 342.8 .0640
 343.2 .0639
 343.6 .0634
 344.0 .0629
 344.4 .0636
 344.8 .0646
 345.2 .0650
 345.6 .0646
 346.0 .0648
 346.4 .0650
 346.8 .0652
 347.2 .0646
 347.6 .0655
 348.0 .0661
 348.4 .0656
 348.8 .0653
 349.2 .0651
 349.6 .0660
 350.0 .0668
 350.4 .0667
 350.8 .0667
 351.2 .0670
 351.6 .0676
 352.0 .0665
 352.4 .0665
 352.8 .0676
 353.2 .0674
 353.6 .0677
 354.0 .0679
 354.4 .0682
 354.8 .0681
 355.2 .0678
 355.6 .0680
 356.0 .0686
 356.4 .0686
 356.8 .0690
 357.2 .0698
 357.6 .0695
 358.0 .0690
 358.4 .0693
 358.8 .0699
 359.2 .0699
 359.6 .0701
 360.0 .0703
 360.4 .0701
 360.8 .0703
 361.2 .0706
 361.6 .0702
 362.0 .0714
 362.4 .0726
 362.8 .0711
 363.2 .0711
 363.6 .0724
 364.0 .0720
 364.4 .0717
 364.8 .0720
 365.2 .0728
 365.6 .0730
 366.0 .0726
 366.4 .0725
 366.8 .0732
 367.2 .0731
 367.6 .0729
 368.0 .0737
 368.4 .0742
 368.8 .0742
 369.2 .0740
 369.6 .0742
 370.0 .0745
 370.4 .0741
 370.8 .0753
 371.2 .0755
 371.6 .0747
 372.0 .0755
 372.4 .0767
 372.8 .0761
 373.2 .0759
 373.6 .0770
 374.0 .0770
 374.4 .0762
 374.8 .0776
 375.2 .0780
 375.6 .0769
 376.0 .0774
 376.4 .0778
 376.8 .0777
 377.2 .0781
 377.6 .0782
 378.0 .0786
 378.4 .0784
 378.8 .0786
 379.2 .0787
 379.6 .0784
 380.0 .0791
 380.4 .0791
 380.8 .0795
 381.2 .0798
 381.6 .0802
 382.0 .0804
 382.4 .0800
 382.8 .0801
 383.2 .0801
 383.6 .0798
 384.0 .0810
 384.4 .0812
 384.8 .0806
 385.2 .0809
 385.6 .0812
 386.0 .0824
 386.4 .0822
 386.8 .0815
 387.2 .0828
 387.6 .0829
 388.0 .0826
 388.4 .0831
 388.8 .0838
 389.2 .0841
 389.6 .0841
 390.0 .0845
 390.4 .0847
 390.8 .0853
 391.2 .0847
 391.6 .0847
 392.0 .0857
 392.4 .0858
 392.8 .0846
 393.2 .0856
 393.6 .0868
 394.0 .0862
 394.4 .0866
 394.8 .0870
 395.2 .0870
 395.6 .0875
 396.0 .0871
 396.4 .0865
 396.8 .0871
 397.2 .0886
 397.6 .0889
 398.0 .0886
 398.4 .0886
 398.8 .0894
 399.2 .0892
 399.6 .0896
 400.0 .0898
 400.4 .0896
 400.8 .0903
 401.2 .0902
 401.6 .0902
 402.0 .0907
 402.4 .0909
 402.8 .0908
 403.2 .0913
 403.6 .0924
 404.0 .0918
 404.4 .0921
 404.8 .0930
 405.2 .0922
 405.6 .0927
 406.0 .0931
 406.4 .0937
 406.8 .0940
 407.2 .0939
 407.6 .0943
 408.0 .0941
 408.4 .0946
 408.8 .0949
 409.2 .0946
 409.6 .0949
 410.0 .0952
 410.4 .0958
 410.8 .0956
 411.2 .0961
 411.6 .0961
 412.0 .0962
 412.4 .0969
 412.8 .0968
 413.2 .0978
 413.6 .0981
 414.0 .0974
 414.4 .0985
 414.8 .0988
 415.2 .0986
 415.6 .0993
 416.0 .0992
 416.4 .0992
 416.8 .0994
 417.2 .0998
 417.6 .1005
 418.0 .1005
 418.4 .1006
 418.8 .1014
 419.2 .1016
 419.6 .1016
 420.0 .1028
 420.4 .1028
 420.8 .1022
 421.2 .1024
 421.6 .1033
 422.0 .1033
 422.4 .1031
 422.8 .1052
 423.2 .1039
 423.6 .1038
 424.0 .1047
 424.4 .1043
 424.8 .1047
 425.2 .1057
 425.6 .1053
 426.0 .1062
 426.4 .1062
 426.8 .1053
 427.2 .1075
 427.6 .1077
 428.0 .1067
 428.4 .1072
 428.8 .1073
 429.2 .1078
 429.6 .1075
 430.0 .1090
 430.4 .1097
 430.8 .1093
 431.2 .1100
 431.6 .1091
 432.0 .1087
 432.4 .1106
 432.8 .1109
 433.2 .1096
 433.6 .1097
 434.0 .1109
 434.4 .1117
 434.8 .1107
 435.2 .1118
 435.6 .1123
 436.0 .1117
 436.4 .1122
 436.8 .1123
 437.2 .1130
 437.6 .1136
 438.0 .1135
 438.4 .1151
 438.8 .1154
 439.2 .1145
 439.6 .1149
 440.0 .1147
 440.4 .1161
 440.8 .1171
 441.2 .1159
 441.6 .1165
 442.0 .1169
 442.4 .1168
 442.8 .1174
 443.2 .1174
 443.6 .1181
 444.0 .1179
 444.4 .1181
 444.8 .1189
 445.2 .1189
 445.6 .1198
 446.0 .1207
 446.4 .1201
 446.8 .1204
 447.2 .1204
 447.6 .1200
 448.0 .1214
 448.4 .1219
 448.8 .1217
 449.2 .1225
 449.6 .1227
 450.0 .1229
 450.4 .1227
 450.8 .1230
 451.2 .1239
 451.6 .1243
 452.0 .1242
 452.4 .1242
 452.8 .1253
 453.2 .1260
 453.6 .1257
 454.0 .1255
 454.4 .1256
 454.8 .1260
 455.2 .1266
 455.6 .1271
 456.0 .1272
 456.4 .1272
 456.8 .1280
 457.2 .1280
 457.6 .1288
 458.0 .1291
 458.4 .1291
 458.8 .1300
 459.2 .1303
 459.6 .1299
 460.0 .1301
 460.4 .1300
 460.8 .1309
 461.2 .1324
 461.6 .1324
 462.0 .1323
 462.4 .1328
 462.8 .1330
 463.2 .1334
 463.6 .1337
 464.0 .1342
 464.4 .1348
 464.8 .1344
 465.2 .1349
 465.6 .1353
 466.0 .1357
 466.4 .1356
 466.8 .1352
 467.2 .1360
 467.6 .1370
 468.0 .1371
 468.4 .1373
 468.8 .1377
 469.2 .1382
 469.6 .1385
 470.0 .1388
 470.4 .1395
 470.8 .1396
 471.2 .1398
 471.6 .1405
 472.0 .1406
 472.4 .1410
 472.8 .1413
 473.2 .1415
 473.6 .1420
 474.0 .1419
 474.4 .1420
 474.8 .1433
 475.2 .1443
 475.6 .1438
 476.0 .1441
 476.4 .1445
 476.8 .1448
 477.2 .1450
 477.6 .1456
 478.0 .1462
 478.4 .1463
 478.8 .1466
 479.2 .1469
 479.6 .1470
 480.0 .1472
 480.4 .1479
 480.8 .1480
 481.2 .1486
 481.6 .1491
 482.0 .1493
 482.4 .1493
 482.8 .1499
 483.2 .1501
 483.6 .1504
 484.0 .1509
 484.4 .1509
 484.8 .1510
 485.2 .1511
 485.6 .1517
 486.0 .1508
 486.4 .1509
 486.8 .1535
 487.2 .1536
 487.6 .1545
 488.0 .1553
 488.4 .1554
 488.8 .1558
 489.2 .1563
 489.6 .1566
 490.0 .1570
 490.4 .1575
 490.8 .1575
 491.2 .1576
 491.6 .1591
 492.0 .1585
 492.4 .1590
 492.8 .1598
 493.2 .1602
 493.6 .1603
 494.0 .1605
 494.4 .1610
 494.8 .1608
 495.2 .1615
 495.6 .1623
 496.0 .1627
 496.4 .1641
 496.8 .1640
 497.2 .1637
 497.6 .1644
 498.0 .1651
 498.4 .1644
 498.8 .1653
 499.2 .1655
 499.6 .1663
 500.0 .1670
 500.4 .1670
 500.8 .1674
 501.2 .1683
 501.6 .1681
 502.0 .1687
 502.4 .1690
 502.8 .1688
 503.2 .1695
 503.6 .1702
 504.0 .1704
 504.4 .1711
 504.8 .1717
 505.2 .1711
 505.6 .1715
 506.0 .1722
 506.4 .1728
 506.8 .1728
 507.2 .1734
 507.6 .1737
 508.0 .1738
 508.4 .1741
 508.8 .1749
 509.2 .1749
 509.6 .1751
 510.0 .1756
 510.4 .1764
 510.8 .1764
 511.2 .1769
 511.6 .1777
 512.0 .1779
 512.4 .1786
 512.8 .1793
 513.2 .1796
 513.6 .1799
 514.0 .1801
 514.4 .1810
 514.8 .1814
 515.2 .1813
 515.6 .1817
 516.0 .1826
 516.4 .1832
 516.8 .1835
 517.2 .1842
 517.6 .1848
 518.0 .1861
 518.4 .1850
 518.8 .1855
 519.2 .1867
 519.6 .1861
 520.0 .1864
 520.4 .1869
 520.8 .1869
 521.2 .1875
 521.6 .1878
 522.0 .1881
 522.4 .1889
 522.8 .1889
 523.2 .1896
 523.6 .1899
 524.0 .1905
 524.4 .1908
 524.8 .1912
 525.2 .1913
 525.6 .1917
 526.0 .1926
 526.4 .1930
 526.8 .1940
 527.2 .1948
 527.6 .1946
 528.0 .1946
 528.4 .1947
 528.8 .1951
 529.2 .1956
 529.6 .1962
 530.0 .1967
 530.4 .1971
 530.8 .1969
 531.2 .1975
 531.6 .1976
 532.0 .1980
 532.4 .1987
 532.8 .1991
 533.2 .1997
 533.6 .1999
 534.0 .1995
 534.4 .1999
 534.8 .2006
 535.2 .2005
 535.6 .2005
 536.0 .2006
 536.4 .2010
 536.8 .2015
 537.2 .2014
 537.6 .2016
 538.0 .2012
 538.4 .2013
 538.8 .2015
 539.2 .2018
 539.6 .2021
 540.0 .2016
 540.4 .2016
 540.8 .2015
 541.2 .2007
 541.6 .2001
 542.0 .1995
 542.4 .1990
 542.8 .1991
 543.2 .1994
 543.6 .2000
 544.0 .2014
 544.4 .2024
 544.8 .2040
 545.2 .2065
 545.6 .2078
 546.0 .2094
 546.4 .2107
 546.8 .2115
 547.2 .2127
 547.6 .2136
 548.0 .2144
 548.4 .2150
 548.8 .2147
 549.2 .2151
 549.6 .2157
 550.0 .2163
 550.4 .2168
 550.8 .2169
 551.2 .2173
 551.6 .2178
 552.0 .2179
 552.4 .2186
 552.8 .2194
 553.2 .2196
 553.6 .2194
 554.0 .2195
 554.4 .2202
 554.8 .2206
 555.2 .2211
 555.6 .2215
 556.0 .2220
 556.4 .2226
 556.8 .2230
 557.2 .2233
 557.6 .2235
 558.0 .2240
 558.4 .2249
 558.8 .2257
 559.2 .2255
 559.6 .2251
 560.0 .2256
 560.4 .2264
 560.8 .2265
 561.2 .2269
 561.6 .2275
 562.0 .2277
 562.4 .2282
 562.8 .2284
 563.2 .2290
 563.6 .2292
 564.0 .2291
 564.4 .2298
 564.8 .2304
 565.2 .2303
 565.6 .2307
 566.0 .2310
 566.4 .2313
 566.8 .2316
 567.2 .2316
 567.6 .2318
 568.0 .2319
 568.4 .2320
 568.8 .2326
 569.2 .2327
 569.6 .2332
 570.0 .2333
 570.4 .2330
 570.8 .2338
 571.2 .2345
 571.6 .2343
 572.0 .2341
 572.4 .2343
 572.8 .2344
 573.2 .2341
 573.6 .2338
 574.0 .2338
 574.4 .2338
 574.8 .2337
 575.2 .2333
 575.6 .2334
 576.0 .2342
 576.4 .2346
 576.8 .2353
 577.2 .2354
 577.6 .2360
 578.0 .2366
 578.4 .2374
 578.8 .2389
 579.2 .2397
 579.6 .2403
 580.0 .2412
 580.4 .2418
 580.8 .2426
 581.2 .2435
 581.6 .2441
 582.0 .2450
 582.4 .2449
 582.8 .2458
 583.2 .2463
 583.6 .2462
 584.0 .2466
 584.4 .2471
 584.8 .2477
 585.2 .2482
 585.6 .2483
 586.0 .2487
 586.4 .2493
 586.8 .2497
 587.2 .2498
 587.6 .2495
 588.0 .2503
 588.4 .2514
 588.8 .2510
 589.2 .2511
 589.6 .2531
 590.0 .2539
 590.4 .2527
 590.8 .2521
 591.2 .2520
 591.6 .2519
 592.0 .2527
 592.4 .2525
 592.8 .2518
 593.2 .2518
 593.6 .2523
 594.0 .2525
 594.4 .2520
 594.8 .2510
 595.2 .2516
 595.6 .2517
 596.0 .2511
 596.4 .2516
 596.8 .2526
 597.2 .2531
 597.6 .2528
 598.0 .2534
 598.4 .2540
 598.8 .2551
 599.2 .2548
 599.6 .2549
 600.0 .2567
 600.4 .2572
 600.8 .2575
 601.2 .2586
 601.6 .2590
 602.0 .2594
 602.4 .2599
 602.8 .2609
 603.2 .2616
 603.6 .2611
 604.0 .2609
 604.4 .2622
 604.8 .2629
 605.2 .2626
 605.6 .2620
 606.0 .2619
 606.4 .2611
 606.8 .2614
 607.2 .2611
 607.6 .2600
 608.0 .2609
 608.4 .2600
 608.8 .2588
 609.2 .2590
 609.6 .2595
 610.0 .2589
 610.4 .2581
 610.8 .2583
 611.2 .2568
 611.6 .2545
 612.0 .2522
 612.4 .2501
 612.8 .2475
 613.2 .2442
 613.6 .2412
 614.0 .2403
 614.4 .2389
 614.8 .2363
 615.2 .2359
 615.6 .2358
 616.0 .2346
 616.4 .2339
 616.8 .2326
 617.2 .2307
 617.6 .2294
 618.0 .2254
 618.4 .2218
 618.8 .2211
 619.2 .2220
 619.6 .2226
 620.0 .2229
 620.4 .2246
 620.8 .2265
 621.2 .2274
 621.6 .2287
 622.0 .2323
 622.4 .2364
 622.8 .2387
 623.2 .2416
 623.6 .2462
 624.0 .2503
 624.4 .2552
 624.8 .2592
 625.2 .2607
 625.6 .2622
 626.0 .2660
 626.4 .2685
 626.8 .2700
 627.2 .2714
 627.6 .2712
 628.0 .2736
 628.4 .2761
 628.8 .2767
 629.2 .2769
 629.6 .2781
 630.0 .2781
 630.4 .2787
 630.8 .2796
 631.2 .2802
 631.6 .2805
 632.0 .2808
 632.4 .2811
 632.8 .2816
 633.2 .2819
 633.6 .2811
 634.0 .2805
 634.4 .2816
 634.8 .2836
 635.2 .2838
 635.6 .2831
 636.0 .2821
 636.4 .2820
 636.8 .2844
 637.2 .2836
 637.6 .2830
 638.0 .2833
 638.4 .2829
 638.8 .2824
 639.2 .2824
 639.6 .2817
 640.0 .2820
 640.4 .2825
 640.8 .2818
 641.2 .2816
 641.6 .2816
 642.0 .2805
 642.4 .2808
 642.8 .2810
 643.2 .2813
 643.6 .2822
 644.0 .2832
 644.4 .2833
 644.8 .2826
 645.2 .2827
 645.6 .2833
 646.0 .2831
 646.4 .2843
 646.8 .2853
 647.2 .2846
 647.6 .2836
 648.0 .2835
 648.4 .2829
 648.8 .2825
 649.2 .2811
 649.6 .2811
 650.0 .2826
 650.4 .2818
 650.8 .2808
 651.2 .2810
 651.6 .2814
 652.0 .2818
 652.4 .2824
 652.8 .2822
 653.2 .2817
 653.6 .2814
 654.0 .2799
 654.4 .2786
 654.8 .2784
 655.2 .2774
 655.6 .2756
 656.0 .2750
 656.4 .2728
 656.8 .2765
 657.2 .2752
 657.6 .2731
 658.0 .2735
 658.4 .2728
 658.8 .2718
 659.2 .2712
 659.6 .2710
 660.0 .2719
 660.4 .2722
 660.8 .2714
 661.2 .2702
 661.6 .2696
 662.0 .2699
 662.4 .2687
 662.8 .2665
 663.2 .2664
 663.6 .2662
 664.0 .2659
 664.4 .2663
 664.8 .2663
 665.2 .2646
 665.6 .2631
 666.0 .2613
 666.4 .2601
 666.8 .2615
 667.2 .2618
 667.6 .2615
 668.0 .2623
 668.4 .2634
 668.8 .2642
 669.2 .2655
 669.6 .2670
 670.0 .2685
 670.4 .2705
 670.8 .2725
 671.2 .2742
 671.6 .2761
 672.0 .2790
 672.4 .2814
 672.8 .2838
 673.2 .2843
 673.6 .2856
 674.0 .2882
 674.4 .2891
 674.8 .2910
 675.2 .2930
 675.6 .2940
 676.0 .2951
 676.4 .2959
 676.8 .2965
 677.2 .2976
 677.6 .2981
 678.0 .2980
 678.4 .2981
 678.8 .2977
 679.2 .2969
 679.6 .2956
 680.0 .2926
 680.4 .2901
 680.8 .2884
 681.2 .2879
 681.6 .2880
 682.0 .2854
 682.4 .2824
 682.8 .2813
 683.2 .2817
 683.6 .2817
 684.0 .2820
 684.4 .2846
 684.8 .2847
 685.2 .2851
 685.6 .2860
 686.0 .2859
 686.4 .2880
 686.8 .2865
 687.2 .2879
 687.6 .2907
 688.0 .2917
 688.4 .2912
 688.8 .2907
 689.2 .2920
 689.6 .2940
 690.0 .2947
 690.4 .2945
 690.8 .2946
 691.2 .2950
 691.6 .2964
 692.0 .2968
 692.4 .2956
 692.8 .2950
 693.2 .2944
 693.6 .2940
 694.0 .2949
 694.4 .2933
 694.8 .2922
 695.2 .2901
 695.6 .2870
 696.0 .2848
 696.4 .2819
 696.8 .2780
 697.2 .2754
 697.6 .2743
 698.0 .2737
 698.4 .2723
 698.8 .2692
 699.2 .2653
 699.6 .2608
 700.0 .2579
 700.4 .2553
 700.8 .2541
 701.2 .2518
 701.6 .2494
 702.0 .2474
 702.4 .2450
 702.8 .2449
 703.2 .2476
 703.6 .2503
 704.0 .2491
 704.4 .2470
 704.8 .2491
 705.2 .2546
 705.6 .2592
 706.0 .2616
 706.4 .2622
 706.8 .2626
 707.2 .2643
 707.6 .2661
 708.0 .2678
 708.4 .2698
 708.8 .2723
 709.2 .2733
 709.6 .2738
 710.0 .2751
 710.4 .2774
 710.8 .2797
 711.2 .2808
 711.6 .2813
 712.0 .2808
 712.4 .2792
 712.8 .2793
 713.2 .2817
 713.6 .2822
 714.0 .2812
 714.4 .2791
 714.8 .2767
 715.2 .2743
 715.6 .2692
 716.0 .2608
 716.4 .2507
 716.8 .2436
 717.2 .2358
 717.6 .2260
 718.0 .2214
 718.4 .2187
 718.8 .2160
 719.2 .2140
 719.6 .2099
 720.0 .2048
 720.4 .2013
 720.8 .2016
 721.2 .2037
 721.6 .2025
 722.0 .1996
 722.4 .1989
 722.8 .1984
 723.2 .1947
 723.6 .1903
 724.0 .1880
 724.4 .1855
 724.8 .1802
 725.2 .1742
 725.6 .1709
 726.0 .1705
 726.4 .1717
 726.8 .1711
 727.2 .1679
 727.6 .1664
 728.0 .1687
 728.4 .1735
 728.8 .1774
 729.2 .1782
 729.6 .1806
 730.0 .1822
 730.4 .1838
 730.8 .1873
 731.2 .1922
 731.6 .1958
 732.0 .1974
 732.4 .1986
 732.8 .1999
 733.2 .2037
 733.6 .2086
 734.0 .2114
 734.4 .2139
 734.8 .2174
 735.2 .2196
 735.6 .2222
 736.0 .2278
 736.4 .2303
 736.8 .2301
 737.2 .2334
 737.6 .2391
 738.0 .2430
 738.4 .2468
 738.8 .2519
 739.2 .2569
 739.6 .2621
 740.0 .2667
 740.4 .2700
 740.8 .2745
 741.2 .2797
 741.6 .2839
 742.0 .2865
 742.4 .2887
 742.8 .2902
 743.2 .2923
 743.6 .2949
 744.0 .2964
 744.4 .2970
 744.8 .2986
 745.2 .2990
 745.6 .2981
 746.0 .2980
 746.4 .2982
 746.8 .2968
 747.2 .2963
 747.6 .2983
 748.0 .2979
 748.4 .2977
 748.8 .2991
 749.2 .2995
 749.6 .2986
 750.0 .2973
 750.4 .2961
 750.8 .2985
 751.2 .3017
 751.6 .3012
 752.0 .2991
 752.4 .2971
 752.8 .2990
 753.2 .3016
 753.6 .3026
 754.0 .3027
 754.4 .3016
 754.8 .3007
 755.2 .3004
 755.6 .2998
 756.0 .2989
 756.4 .2981
 756.8 .2966
 757.2 .2947
 757.6 .2929
 758.0 .2904
 758.4 .2886
 758.8 .2880
 759.2 .2866
 759.6 .2831
 760.0 .2816
 760.4 .2793
 760.8 .2768
 761.2 .2768
 761.6 .2754
 762.0 .2704
 762.4 .2677
 762.8 .2679
 763.2 .2669
 763.6 .2656
 764.0 .2632
 764.4 .2606
 764.8 .2596
 765.2 .2597
 765.6 .2600
 766.0 .2619
 766.4 .2623
 766.8 .2587
 767.2 .2568
 767.6 .2595
 768.0 .2628
 768.4 .2646
 768.8 .2630
 769.2 .2610
 769.6 .2619
 770.0 .2629
 770.4 .2638
 770.8 .2606
 771.2 .2598
 771.6 .2609
 772.0 .2602
 772.4 .2568
 772.8 .2506
 773.2 .2451
 773.6 .2428
 774.0 .2444
 774.4 .2469
 774.8 .2474
 775.2 .2464
 775.6 .2443
 776.0 .2424
 776.4 .2404
 776.8 .2386
 777.2 .2370
 777.6 .2352
 778.0 .2333
 778.4 .2324
 778.8 .2317
 779.2 .2298
 779.6 .2267
 780.0 .2226
 780.4 .2173
 780.8 .2118
 781.2 .2103
 781.6 .2096
 782.0 .2092
 782.4 .2095
 782.8 .2091
 783.2 .2069
 783.6 .2027
 784.0 .2002
 784.4 .2054
 784.8 .2120
 785.2 .2149
 785.6 .2131
 786.0 .2109
 786.4 .2103
 786.8 .2111
 787.2 .2123
 787.6 .2133
 788.0 .2152
 788.4 .2170
 788.8 .2172
 789.2 .2179
 789.6 .2176
 790.0 .2178
 790.4 .2175
 790.8 .2167
 791.2 .2158
 791.6 .2138
 792.0 .2113
 792.4 .2080
 792.8 .2048
 793.2 .2038
 793.6 .2060
 794.0 .2060
 794.4 .2030
 794.8 .2003
 795.2 .1988
 795.6 .1985
 796.0 .1985
 796.4 .1980
 796.8 .1961
 797.2 .1940
 797.6 .1944
 798.0 .1950
 798.4 .1956
 798.8 .1964
 799.2 .1958
 799.6 .1970
 800.0 .1989
 800.4 .1984
 800.8 .2005
 801.2 .2036
 801.6 .2017
 802.0 .2009
 802.4 .2035
 802.8 .2053
 803.2 .2065
 803.6 .2074
 804.0 .2070
 804.4 .2074
 804.8 .2111
 805.2 .2135
 805.6 .2130
 806.0 .2137
 806.4 .2164
 806.8 .2198
 807.2 .2226
 807.6 .2240
 808.0 .2243
 808.4 .2272
 808.8 .2269
 809.2 .2239
 809.6 .2254
 810.0 .2286
 810.4 .2291
 810.8 .2296
 811.2 .2322
 811.6 .2385
 812.0 .2444
 812.4 .2474
 812.8 .2489
 813.2 .2507
 813.6 .2547
 814.0 .2607
 814.4 .2636
 814.8 .2638
 815.2 .2666
 815.6 .2705
 816.0 .2715
 816.4 .2738
 816.8 .2758
 817.2 .2753
 817.6 .2757
 818.0 .2778
 818.4 .2809
 818.8 .2861
 819.2 .2858
 819.6 .2836
 820.0 .2882
 820.4 .2895
 820.8 .2879
 821.2 .2887
 821.6 .2921
 822.0 .2939
 822.4 .2956
 822.8 .2948
 823.2 .2936
 823.6 .2956
 824.0 .2958
 824.4 .2962
 824.8 .2968
 825.2 .2987
 825.6 .2991
 826.0 .2994
 826.4 .3002
 826.8 .3012
 827.2 .3011
 827.6 .3015
 828.0 .3026
 828.4 .3025
 828.8 .3013
 829.2 .3011
 829.6 .3021
 830.0 .3029
 830.4 .3017
 830.8 .3018
 831.2 .3031
 831.6 .3022
 832.0 .2993
 832.4 .2960
 832.8 .2929
 833.2 .2907
 833.6 .2849
 834.0 .2790
 834.4 .2709
 834.8 .2592
 835.2 .2476
 835.6 .2380
 836.0 .2307
 836.4 .2258
 836.8 .2205
 837.2 .2175
 837.6 .2122
 838.0 .2064
 838.4 .1978
 838.8 .1925
 839.2 .1945
 839.6 .1995
 840.0 .2017
 840.4 .1997
 840.8 .1949
 841.2 .1884
 841.6 .1855
 842.0 .1867
 842.4 .1950
 842.8 .2072
 843.2 .2095
 843.6 .2062
 844.0 .2015
 844.4 .1990
 844.8 .2047
 845.2 .2129
 845.6 .2192
 846.0 .2247
 846.4 .2267
 846.8 .2269
 847.2 .2258
 847.6 .2235
 848.0 .2252
 848.4 .2267
 848.8 .2304
 849.2 .2350
 849.6 .2367
 850.0 .2348
 850.4 .2274
 850.8 .2245
 851.2 .2216
 851.6 .2199
 852.0 .2178
 852.4 .2133
 852.8 .2096
 853.2 .2034
 853.6 .1964
 854.0 .1949
 854.4 .1951
 854.8 .1861
 855.2 .1836
 855.6 .1846
 856.0 .1813
 856.4 .1777
 856.8 .1739
 857.2 .1693
 857.6 .1653
 858.0 .1614
 858.4 .1589
 858.8 .1589
 859.2 .1581
 859.6 .1558
 860.0 .1518
 860.4 .1470
 860.8 .1437
 861.2 .1417
 861.6 .1389
 862.0 .1353
 862.4 .1338
 862.8 .1352
 863.2 .1358
 863.6 .1349
 864.0 .1346
 864.4 .1358
 864.8 .1367
 865.2 .1364
 865.6 .1361
 866.0 .1403
 866.4 .1446
 866.8 .1407
 867.2 .1410
 867.6 .1460
 868.0 .1509
 868.4 .1540
 868.8 .1563
 869.2 .1583
 869.6 .1582
 870.0 .1595
 870.4 .1610
 870.8 .1623
 871.2 .1652
 871.6 .1682
 872.0 .1710
 872.4 .1726
 872.8 .1739
 873.2 .1761
 873.6 .1771
 874.0 .1754
 874.4 .1734
 874.8 .1738
 875.2 .1749
 875.6 .1746
 876.0 .1732
 876.4 .1730
 876.8 .1726
 877.2 .1708
 877.6 .1691
 878.0 .1663
 878.4 .1647
 878.8 .1621
 879.2 .1578
 879.6 .1500
 880.0 .1383
 880.4 .1291
 880.8 .1247
 881.2 .1157
 881.6 .1033
 882.0 .0946
 882.4 .0907
 882.8 .0893
 883.2 .0878
 883.6 .0874
 884.0 .0899
 884.4 .0942
 884.8 .0984
 885.2 .1008
 885.6 .0996
 886.0 .0968
 886.4 .0918
 886.8 .0825
 887.2 .0749
 887.6 .0742
 888.0 .0775
 888.4 .0817
 888.8 .0857
 889.2 .0873
 889.6 .0892
 890.0 .0908
 890.4 .0896
 890.8 .0883
 891.2 .0879
 891.6 .0889
 892.0 .0908
 892.4 .0903
 892.8 .0895
 893.2 .0889
 893.6 .0859
 894.0 .0834
 894.4 .0836
 894.8 .0848
 895.2 .0850
 895.6 .0841
 896.0 .0849
 896.4 .0888
 896.8 .0945
 897.2 .0995
 897.6 .1012
 898.0 .1010
 898.4 .1002
 898.8 .0980
 899.2 .0973
 899.6 .0989
 900.0 .1009
 900.4 .1042
 900.8 .1061
 901.2 .1082
 901.6 .1128
 902.0 .1174
 902.4 .1192
 902.8 .1207
 903.2 .1248
 903.6 .1303
 904.0 .1343
 904.4 .1351
 904.8 .1365
 905.2 .1415
 905.6 .1460
 906.0 .1474
 906.4 .1507
 906.8 .1554
 907.2 .1580
 907.6 .1604
 908.0 .1623
 908.4 .1641
 908.8 .1659
 909.2 .1704
 909.6 .1743
 910.0 .1752
 910.4 .1745
 910.8 .1723
 911.2 .1691
 911.6 .1672
 912.0 .1678
 912.4 .1674
 912.8 .1629
 913.2 .1603
 913.6 .1628
 914.0 .1672
 914.4 .1698
 914.8 .1707
 915.2 .1714
 915.6 .1713
 916.0 .1689
 916.4 .1687
 916.8 .1736
 917.2 .1771
 917.6 .1795
 918.0 .1832
 918.4 .1840
 918.8 .1840
 919.2 .1858
 919.6 .1863
 920.0 .1879
 920.4 .1924
 920.8 .1963
 921.2 .1971
 921.6 .1985
 922.0 .2022
 922.4 .2036
 922.8 .2040
 923.2 .2076
 923.6 .2108
 924.0 .2125
 924.4 .2157
 924.8 .2201
 925.2 .2230
 925.6 .2206
 926.0 .2186
 926.4 .2202
 926.8 .2247
 927.2 .2298
 927.6 .2301
 928.0 .2300
 928.4 .2368
 928.8 .2444
 929.2 .2477
 929.6 .2473
 930.0 .2444
 930.4 .2443
 930.8 .2485
 931.2 .2526
 931.6 .2535
 932.0 .2534
 932.4 .2534
 932.8 .2534
 933.2 .2548
 933.6 .2564
 934.0 .2592
 934.4 .2619
 934.8 .2656
 935.2 .2677
 935.6 .2678
 936.0 .2674
 936.4 .2668
 936.8 .2667
 937.2 .2661
 937.6 .2635
 938.0 .2624
 938.4 .2659
 938.8 .2713
 939.2 .2742
 939.6 .2746
 940.0 .2734
 940.4 .2678
 940.8 .2635
 941.2 .2611
 941.6 .2611
 942.0 .2613
 942.4 .2538
 942.8 .2446
 943.2 .2413
 943.6 .2361
 944.0 .2334
 944.4 .2339
 944.8 .2292
 945.2 .2232
 945.6 .2210
 946.0 .2191
 946.4 .2130
 946.8 .2039
 947.2 .1964
 947.6 .1865
 948.0 .1825
 948.4 .1960
 948.8 .2062
 949.2 .2063
 949.6 .2104
 950.0 .2102
 950.4 .2068
 950.8 .1988
 951.2 .1875
 951.6 .1791
 952.0 .1802
 952.4 .1924
 952.8 .2012
 953.2 .2024
 953.6 .2037
 954.0 .2041
 954.4 .2018
 954.8 .2026
 955.2 .1984
 955.6 .1953
 956.0 .1943
 956.4 .1898
 956.8 .1853
 957.2 .1813
 957.6 .1816
 958.0 .1846
 958.4 .1856
 958.8 .1809
 959.2 .1756
 959.6 .1720
 960.0 .1692
 960.4 .1666
 960.8 .1635
 961.2 .1604
 961.6 .1567
 962.0 .1520
 962.4 .1475
 962.8 .1433
 963.2 .1381
 963.6 .1333
 964.0 .1334
 964.4 .1334
 964.8 .1298
 965.2 .1268
 965.6 .1250
 966.0 .1239
 966.4 .1236
 966.8 .1225
 967.2 .1231
 967.6 .1252
 968.0 .1267
 968.4 .1253
 968.8 .1221
 969.2 .1210
 969.6 .1206
 970.0 .1173
 970.4 .1108
 970.8 .1047
 971.2 .1053
 971.6 .1115
 972.0 .1172
 972.4 .1201
 972.8 .1213
 973.2 .1204
 973.6 .1177
 974.0 .1152
 974.4 .1158
 974.8 .1175
 975.2 .1198
 975.6 .1218
 976.0 .1225
 976.4 .1229
 976.8 .1236
 977.2 .1227
 977.6 .1209
 978.0 .1202
 978.4 .1206
 978.8 .1203
 979.2 .1193
 979.6 .1178
 980.0 .1167
 980.4 .1154
 980.8 .1131
 981.2 .1108
 981.6 .1094
 982.0 .1072
 982.4 .1052
 982.8 .1027
 983.2 .0989
 983.6 .0970
 984.0 .0968
 984.4 .0973
 984.8 .0990
 985.2 .1004
 985.6 .1001
 986.0 .0991
 986.4 .0985
 986.8 .0967
 987.2 .0935
 987.6 .0895
 988.0 .0856
 988.4 .0824
 988.8 .0823
 989.2 .0847
 989.6 .0859
 990.0 .0862
 990.4 .0875
 990.8 .0885
 991.2 .0897
 991.6 .0904
 992.0 .0910
 992.4 .0937
 992.8 .0932
 993.2 .0924
 993.6 .0927
 994.0 .0923
 994.4 .0923
 994.8 .0918
 995.2 .0904
 995.6 .0896
 996.0 .0880
 996.4 .0881
 996.8 .0926
 997.2 .0965
 997.6 .0995
 998.0 .0986
 998.4 .0944
 998.8 .0929
 999.2 .0943
 999.6 .0984
1000.0 .1001
1000.4 .0990
1000.8 .0982
1001.2 .0977
1001.6 .0978
1002.0 .0971
1002.4 .0980
1002.8 .0996
1003.2 .1003
1003.6 .1001
1004.0 .0979
1004.4 .0936
1004.8 .0910
1005.2 .0901
1005.6 .0882
1006.0 .0870
1006.4 .0870
1006.8 .0882
1007.2 .0888
1007.6 .0872
1008.0 .0866
1008.4 .0859
1008.8 .0860
1009.2 .0871
1009.6 .0864
1010.0 .0853
1010.4 .0847
1010.8 .0843
1011.2 .0838
1011.6 .0826
1012.0 .0808
1012.4 .0825
1012.8 .0863
1013.2 .0878
1013.6 .0880
1014.0 .0868
1014.4 .0852
1014.8 .0868
1015.2 .0875
1015.6 .0866
1016.0 .0896
1016.4 .0933
1016.8 .0961
1017.2 .0984
1017.6 .0993
1018.0 .1017
1018.4 .1046
1018.8 .1067
1019.2 .1069
1019.6 .1072
1020.0 .1071
1020.4 .1058
1020.8 .1046
1021.2 .1040
1021.6 .1050
1022.0 .1063
1022.4 .1096
1022.8 .1076
1023.2 .1067
1023.6 .1073
1024.0 .1068
1024.4 .1082
1024.8 .1110
1025.2 .1099
1025.6 .1097
1026.0 .1109
1026.4 .1118
1026.8 .1126
1027.2 .1117
1027.6 .1127
1028.0 .1150
1028.4 .1169
1028.8 .1164
1029.2 .1174
1029.6 .1149
1030.0 .1152
1030.4 .1211
1030.8 .1227
1031.2 .1210
1031.6 .1248
1032.0 .1262
1032.4 .1256
1032.8 .1257
1033.2 .1318
1033.6 .1310
1034.0 .1271
1034.4 .1257
1034.8 .1272
1035.2 .1300
1035.6 .1305
1036.0 .1314
1036.4 .1316
1036.8 .1358
1037.2 .1393
1037.6 .1392
1038.0 .1395
1038.4 .1424
1038.8 .1453
1039.2 .1398
1039.6 .1401
1040.0 .1409
1040.4 .1455
1040.8 .1462
1041.2 .1450
1041.6 .1476
1042.0 .1507
1042.4 .1541
1042.8 .1554
1043.2 .1607
1043.6 .1650
1044.0 .1656
1044.4 .1653
1044.8 .1661
1045.2 .1679
1045.6 .1654
1046.0 .1708
1046.4 .1698
1046.8 .1687
1047.2 .1730
1047.6 .1721
1048.0 .1817
1048.4 .1868
1048.8 .1858
1049.2 .1821
1049.6 .1779
1050.0 .1808
