 300.4 .5251
 300.8 .5296
 301.2 .5324
 301.6 .5288
 302.0 .5321
 302.4 .5320
 302.8 .5286
 303.2 .5285
 303.6 .5277
 304.0 .5285
 304.4 .5323
 304.8 .5261
 305.2 .5226
 305.6 .5238
 306.0 .5306
 306.4 .5341
 306.8 .5332
 307.2 .5333
 307.6 .5361
 308.0 .5408
 308.4 .5449
 308.8 .5476
 309.2 .5467
 309.6 .5462
 310.0 .5426
 310.4 .5300
 310.8 .5190
 311.2 .5190
 311.6 .5229
 312.0 .5247
 312.4 .5216
 312.8 .5191
 313.2 .5177
 313.6 .5150
 314.0 .5197
 314.4 .5310
 314.8 .5283
 315.2 .5216
 315.6 .5279
 316.0 .5353
 316.4 .5273
 316.8 .5209
 317.2 .5189
 317.6 .5207
 318.0 .5274
 318.4 .5290
 318.8 .5230
 319.2 .5214
 319.6 .5224
 320.0 .5184
 320.4 .5174
 320.8 .5260
 321.2 .5345
 321.6 .5270
 322.0 .5224
 322.4 .5288
 322.8 .5334
 323.2 .5321
 323.6 .5285
 324.0 .5241
 324.4 .5215
 324.8 .5227
 325.2 .5195
 325.6 .5126
 326.0 .5086
 326.4 .5086
 326.8 .5076
 327.2 .5080
 327.6 .5095
 328.0 .5161
 328.4 .5176
 328.8 .5148
 329.2 .5117
 329.6 .5137
 330.0 .5170
 330.4 .5252
 330.8 .5280
 331.2 .5233
 331.6 .5222
 332.0 .5230
 332.4 .5267
 332.8 .5280
 333.2 .5320
 333.6 .5368
 334.0 .5335
 334.4 .5230
 334.8 .5208
 335.2 .5229
 335.6 .5267
 336.0 .5389
 336.4 .5401
 336.8 .5372
 337.2 .5378
 337.6 .5287
 338.0 .5271
 338.4 .5252
 338.8 .5193
 339.2 .5238
 339.6 .5219
 340.0 .5133
 340.4 .5138
 340.8 .5163
 341.2 .5196
 341.6 .5234
 342.0 .5188
 342.4 .5167
 342.8 .5147
 343.2 .5135
 343.6 .5210
 344.0 .5382
 344.4 .5440
 344.8 .5262
 345.2 .5152
 345.6 .5171
 346.0 .5246
 346.4 .5245
 346.8 .5220
 347.2 .5260
 347.6 .5283
 348.0 .5191
 348.4 .5150
 348.8 .5198
 349.2 .5252
 349.6 .5234
 350.0 .5133
 350.4 .5067
 350.8 .5114
 351.2 .5170
 351.6 .5149
 352.0 .5143
 352.4 .5226
 352.8 .5202
 353.2 .5111
 353.6 .5075
 354.0 .5084
 354.4 .5090
 354.8 .5083
 355.2 .5108
 355.6 .5124
 356.0 .5115
 356.4 .5201
 356.8 .5315
 357.2 .5352
 357.6 .5348
 358.0 .5433
 358.4 .5517
 358.8 .5396
 359.2 .5249
 359.6 .5153
 360.0 .5127
 360.4 .5214
 360.8 .5314
 361.2 .5288
 361.6 .5222
 362.0 .5222
 362.4 .5164
 362.8 .5092
 363.2 .5126
 363.6 .5155
 364.0 .5149
 364.4 .5205
 364.8 .5239
 365.2 .5155
 365.6 .5073
 366.0 .5043
 366.4 .5043
 366.8 .5086
 367.2 .5139
 367.6 .5173
 368.0 .5158
 368.4 .5171
 368.8 .5194
 369.2 .5146
 369.6 .5125
 370.0 .5168
 370.4 .5263
 370.8 .5294
 371.2 .5197
 371.6 .5204
 372.0 .5349
 372.4 .5346
 372.8 .5265
 373.2 .5359
 373.6 .5496
 374.0 .5467
 374.4 .5483
 374.8 .5558
 375.2 .5398
 375.6 .5288
 376.0 .5346
 376.4 .5402
 376.8 .5340
 377.2 .5250
 377.6 .5217
 378.0 .5188
 378.4 .5183
 378.8 .5246
 379.2 .5334
 379.6 .5354
 380.0 .5309
 380.4 .5278
 380.8 .5288
 381.2 .5350
 381.6 .5469
 382.0 .5572
 382.4 .5727
 382.8 .5853
 383.2 .5866
 383.6 .5828
 384.0 .5678
 384.4 .5459
 384.8 .5361
 385.2 .5408
 385.6 .5512
 386.0 .5581
 386.4 .5510
 386.8 .5456
 387.2 .5446
 387.6 .5409
 388.0 .5376
 388.4 .5384
 388.8 .5388
 389.2 .5360
 389.6 .5370
 390.0 .5398
 390.4 .5391
 390.8 .5326
 391.2 .5282
 391.6 .5306
 392.0 .5378
 392.4 .5452
 392.8 .5672
 393.2 .6065
 393.6 .6066
 394.0 .5750
 394.4 .5568
 394.8 .5484
 395.2 .5462
 395.6 .5471
 396.0 .5552
 396.4 .5814
 396.8 .6153
 397.2 .5899
 397.6 .5538
 398.0 .5357
 398.4 .5280
 398.8 .5228
 399.2 .5206
 399.6 .5252
 400.0 .5302
 400.4 .5353
 400.8 .5340
 401.2 .5290
 401.6 .5238
 402.0 .5176
 402.4 .5137
 402.8 .5159
 403.2 .5259
 403.6 .5334
 404.0 .5354
 404.4 .5426
 404.8 .5443
 405.2 .5416
 405.6 .5382
 406.0 .5342
 406.4 .5326
 406.8 .5359
 407.2 .5411
 407.6 .5464
 408.0 .5462
 408.4 .5431
 408.8 .5418
 409.2 .5435
 409.6 .5513
 410.0 .5582
 410.4 .5555
 410.8 .5516
 411.2 .5501
 411.6 .5474
 412.0 .5467
 412.4 .5473
 412.8 .5486
 413.2 .5522
 413.6 .5528
 414.0 .5551
 414.4 .5590
 414.8 .5620
 415.2 .5621
 415.6 .5583
 416.0 .5526
 416.4 .5504
 416.8 .5565
 417.2 .5625
 417.6 .5647
 418.0 .5662
 418.4 .5655
 418.8 .5636
 419.2 .5581
 419.6 .5571
 420.0 .5599
 420.4 .5570
 420.8 .5564
 421.2 .5584
 421.6 .5623
 422.0 .5665
 422.4 .5771
 422.8 .5811
 423.2 .5752
 423.6 .5728
 424.0 .5722
 424.4 .5702
 424.8 .5734
 425.2 .5773
 425.6 .5763
 426.0 .5748
 426.4 .5717
 426.8 .5774
 427.2 .5873
 427.6 .5838
 428.0 .5798
 428.4 .5813
 428.8 .5852
 429.2 .5840
 429.6 .5898
 430.0 .6013
 430.4 .6080
 430.8 .6123
 431.2 .5996
 431.6 .5815
 432.0 .5777
 432.4 .5831
 432.8 .5832
 433.2 .5750
 433.6 .5762
 434.0 .5852
 434.4 .5806
 434.8 .5768
 435.2 .5761
 435.6 .5717
 436.0 .5684
 436.4 .5630
 436.8 .5603
 437.2 .5626
 437.6 .5675
 438.0 .5764
 438.4 .5875
 438.8 .5911
 439.2 .5822
 439.6 .5712
 440.0 .5581
 440.4 .5399
 440.8 .5264
 441.2 .5221
 441.6 .5261
 442.0 .5356
 442.4 .5453
 442.8 .5620
 443.2 .5757
 443.6 .5769
 444.0 .5794
 444.4 .5820
 444.8 .5844
 445.2 .5859
 445.6 .5874
 446.0 .5940
 446.4 .5944
 446.8 .5884
 447.2 .5853
 447.6 .5845
 448.0 .5881
 448.4 .5888
 448.8 .5872
 449.2 .5890
 449.6 .5892
 450.0 .5862
 450.4 .5865
 450.8 .5852
 451.2 .5865
 451.6 .5905
 452.0 .5890
 452.4 .5897
 452.8 .5923
 453.2 .5908
 453.6 .5879
 454.0 .5858
 454.4 .5860
 454.8 .5894
 455.2 .5878
 455.6 .5859
 456.0 .5840
 456.4 .5814
 456.8 .5812
 457.2 .5809
 457.6 .5789
 458.0 .5793
 458.4 .5757
 458.8 .5678
 459.2 .5618
 459.6 .5562
 460.0 .5574
 460.4 .5678
 460.8 .5777
 461.2 .5853
 461.6 .5928
 462.0 .5962
 462.4 .5982
 462.8 .6006
 463.2 .6018
 463.6 .6040
 464.0 .6048
 464.4 .6057
 464.8 .6065
 465.2 .6041
 465.6 .5995
 466.0 .5972
 466.4 .6014
 466.8 .6066
 467.2 .6056
 467.6 .6056
 468.0 .6071
 468.4 .6103
 468.8 .6122
 469.2 .6108
 469.6 .6102
 470.0 .6114
 470.4 .6120
 470.8 .6121
 471.2 .6118
 471.6 .6095
 472.0 .6083
 472.4 .6095
 472.8 .6120
 473.2 .6135
 473.6 .6150
 474.0 .6143
 474.4 .6101
 474.8 .6056
 475.2 .6049
 475.6 .6064
 476.0 .6083
 476.4 .6096
 476.8 .6089
 477.2 .6052
 477.6 .5991
 478.0 .5949
 478.4 .5928
 478.8 .5901
 479.2 .5845
 479.6 .5778
 480.0 .5727
 480.4 .5679
 480.8 .5623
 481.2 .5554
 481.6 .5493
 482.0 .5439
 482.4 .5418
 482.8 .5409
 483.2 .5359
 483.6 .5288
 484.0 .5168
 484.4 .4895
 484.8 .4591
 485.2 .4468
 485.6 .4488
 486.0 .4573
 486.4 .4812
 486.8 .5051
 487.2 .5277
 487.6 .5517
 488.0 .5723
 488.4 .5936
 488.8 .6101
 489.2 .6189
 489.6 .6211
 490.0 .6222
 490.4 .6243
 490.8 .6273
 491.2 .6272
 491.6 .6309
 492.0 .6346
 492.4 .6315
 492.8 .6257
 493.2 .6237
 493.6 .6242
 494.0 .6214
 494.4 .6154
 494.8 .6140
 495.2 .6198
 495.6 .6258
 496.0 .6278
 496.4 .6293
 496.8 .6302
 497.2 .6295
 497.6 .6298
 498.0 .6324
 498.4 .6339
 498.8 .6287
 499.2 .6235
 499.6 .6223
 500.0 .6228
 500.4 .6217
 500.8 .6190
 501.2 .6206
 501.6 .6221
 502.0 .6192
 502.4 .6149
 502.8 .6106
 503.2 .6064
 503.6 .6051
 504.0 .6068
 504.4 .6004
 504.8 .5939
 505.2 .5900
 505.6 .5827
 506.0 .5776
 506.4 .5746
 506.8 .5691
 507.2 .5622
 507.6 .5550
 508.0 .5499
 508.4 .5406
 508.8 .5308
 509.2 .5230
 509.6 .5220
 510.0 .5216
 510.4 .5195
 510.8 .5257
 511.2 .5360
 511.6 .5493
 512.0 .5655
 512.4 .5826
 512.8 .5970
 513.2 .6075
 513.6 .6187
 514.0 .6289
 514.4 .6343
 514.8 .6360
 515.2 .6384
 515.6 .6370
 516.0 .6344
 516.4 .6402
 516.8 .6492
 517.2 .6490
 517.6 .6331
 518.0 .6277
 518.4 .6315
 518.8 .6239
 519.2 .6114
 519.6 .6027
 520.0 .5963
 520.4 .5951
 520.8 .5929
 521.2 .5882
 521.6 .5851
 522.0 .5820
 522.4 .5835
 522.8 .5863
 523.2 .5879
 523.6 .5864
 524.0 .5870
 524.4 .5911
 524.8 .5974
 525.2 .6035
 525.6 .6072
 526.0 .6119
 526.4 .6203
 526.8 .6267
 527.2 .6235
 527.6 .6192
 528.0 .6186
 528.4 .6169
 528.8 .6137
 529.2 .6107
 529.6 .6114
 530.0 .6126
 530.4 .6091
 530.8 .6031
 531.2 .5967
 531.6 .5897
 532.0 .5830
 532.4 .5766
 532.8 .5689
 533.2 .5570
 533.6 .5489
 534.0 .5462
 534.4 .5399
 534.8 .5288
 535.2 .5180
 535.6 .5069
 536.0 .4932
 536.4 .4778
 536.8 .4659
 537.2 .4537
 537.6 .4383
 538.0 .4258
 538.4 .4181
 538.8 .4124
 539.2 .4048
 539.6 .3931
 540.0 .3803
 540.4 .3675
 540.8 .3545
 541.2 .3394
 541.6 .3246
 542.0 .3116
 542.4 .3031
 542.8 .3001
 543.2 .2983
 543.6 .3028
 544.0 .3149
 544.4 .3317
 544.8 .3565
 545.2 .3825
 545.6 .4106
 546.0 .4413
 546.4 .4701
 546.8 .4978
 547.2 .5238
 547.6 .5504
 548.0 .5744
 548.4 .5910
 548.8 .6022
 549.2 .6105
 549.6 .6170
 550.0 .6211
 550.4 .6226
 550.8 .6234
 551.2 .6248
 551.6 .6244
 552.0 .6221
 552.4 .6192
 552.8 .6172
 553.2 .6131
 553.6 .6066
 554.0 .6014
 554.4 .5968
 554.8 .5919
 555.2 .5886
 555.6 .5860
 556.0 .5849
 556.4 .5856
 556.8 .5860
 557.2 .5871
 557.6 .5887
 558.0 .5899
 558.4 .5928
 558.8 .5973
 559.2 .5998
 559.6 .6026
 560.0 .6056
 560.4 .6055
 560.8 .6040
 561.2 .6029
 561.6 .6027
 562.0 .6010
 562.4 .5998
 562.8 .5993
 563.2 .5972
 563.6 .5945
 564.0 .5915
 564.4 .5872
 564.8 .5813
 565.2 .5761
 565.6 .5708
 566.0 .5633
 566.4 .5539
 566.8 .5448
 567.2 .5364
 567.6 .5285
 568.0 .5213
 568.4 .5167
 568.8 .5134
 569.2 .5095
 569.6 .5032
 570.0 .4962
 570.4 .4913
 570.8 .4879
 571.2 .4821
 571.6 .4744
 572.0 .4674
 572.4 .4615
 572.8 .4551
 573.2 .4452
 573.6 .4341
 574.0 .4243
 574.4 .4155
 574.8 .4081
 575.2 .4022
 575.6 .3970
 576.0 .3955
 576.4 .3987
 576.8 .4032
 577.2 .4059
 577.6 .4077
 578.0 .4118
 578.4 .4197
 578.8 .4317
 579.2 .4447
 579.6 .4571
 580.0 .4713
 580.4 .4866
 580.8 .5014
 581.2 .5150
 581.6 .5276
 582.0 .5377
 582.4 .5474
 582.8 .5566
 583.2 .5647
 583.6 .5713
 584.0 .5771
 584.4 .5827
 584.8 .5875
 585.2 .5919
 585.6 .5956
 586.0 .5972
 586.4 .5970
 586.8 .5964
 587.2 .5965
 587.6 .5950
 588.0 .5939
 588.4 .5930
 588.8 .5939
 589.2 .5906
 589.6 .5818
 590.0 .5683
 590.4 .5554
 590.8 .5444
 591.2 .5351
 591.6 .5252
 592.0 .5161
 592.4 .5059
 592.8 .4948
 593.2 .4836
 593.6 .4720
 594.0 .4609
 594.4 .4485
 594.8 .4363
 595.2 .4301
 595.6 .4244
 596.0 .4154
 596.4 .4142
 596.8 .4209
 597.2 .4230
 597.6 .4216
 598.0 .4233
 598.4 .4279
 598.8 .4321
 599.2 .4363
 599.6 .4412
 600.0 .4493
 600.4 .4571
 600.8 .4622
 601.2 .4678
 601.6 .4765
 602.0 .4884
 602.4 .4983
 602.8 .5059
 603.2 .5112
 603.6 .5139
 604.0 .5154
 604.4 .5138
 604.8 .5094
 605.2 .5017
 605.6 .4937
 606.0 .4841
 606.4 .4694
 606.8 .4537
 607.2 .4406
 607.6 .4277
 608.0 .4125
 608.4 .3970
 608.8 .3875
 609.2 .3847
 609.6 .3830
 610.0 .3799
 610.4 .3735
 610.8 .3620
 611.2 .3477
 611.6 .3310
 612.0 .3123
 612.4 .2939
 612.8 .2741
 613.2 .2504
 613.6 .2301
 614.0 .2175
 614.4 .2053
 614.8 .1969
 615.2 .1942
 615.6 .1918
 616.0 .1858
 616.4 .1823
 616.8 .1800
 617.2 .1701
 617.6 .1560
 618.0 .1441
 618.4 .1363
 618.8 .1330
 619.2 .1310
 619.6 .1308
 620.0 .1326
 620.4 .1371
 620.8 .1423
 621.2 .1452
 621.6 .1501
 622.0 .1598
 622.4 .1712
 622.8 .1839
 623.2 .1993
 623.6 .2168
 624.0 .2374
 624.4 .2602
 624.8 .2799
 625.2 .2975
 625.6 .3176
 626.0 .3386
 626.4 .3550
 626.8 .3689
 627.2 .3833
 627.6 .3982
 628.0 .4163
 628.4 .4317
 628.8 .4422
 629.2 .4511
 629.6 .4620
 630.0 .4730
 630.4 .4813
 630.8 .4873
 631.2 .4901
 631.6 .4941
 632.0 .4976
 632.4 .4989
 632.8 .5000
 633.2 .4999
 633.6 .4996
 634.0 .4968
 634.4 .4950
 634.8 .4934
 635.2 .4894
 635.6 .4860
 636.0 .4824
 636.4 .4777
 636.8 .4728
 637.2 .4692
 637.6 .4684
 638.0 .4664
 638.4 .4608
 638.8 .4537
 639.2 .4499
 639.6 .4473
 640.0 .4438
 640.4 .4382
 640.8 .4304
 641.2 .4200
 641.6 .4134
 642.0 .4091
 642.4 .4037
 642.8 .4025
 643.2 .4054
 643.6 .4086
 644.0 .4122
 644.4 .4160
 644.8 .4177
 645.2 .4187
 645.6 .4187
 646.0 .4170
 646.4 .4167
 646.8 .4187
 647.2 .4203
 647.6 .4175
 648.0 .4099
 648.4 .4001
 648.8 .3918
 649.2 .3887
 649.6 .3877
 650.0 .3827
 650.4 .3768
 650.8 .3742
 651.2 .3746
 651.6 .3761
 652.0 .3772
 652.4 .3757
 652.8 .3714
 653.2 .3642
 653.6 .3567
 654.0 .3478
 654.4 .3381
 654.8 .3322
 655.2 .3278
 655.6 .3220
 656.0 .3132
 656.4 .3077
 656.8 .3101
 657.2 .3071
 657.6 .3036
 658.0 .2988
 658.4 .2948
 658.8 .2922
 659.2 .2865
 659.6 .2826
 660.0 .2835
 660.4 .2849
 660.8 .2828
 661.2 .2789
 661.6 .2733
 662.0 .2664
 662.4 .2593
 662.8 .2534
 663.2 .2515
 663.6 .2521
 664.0 .2510
 664.4 .2473
 664.8 .2449
 665.2 .2408
 665.6 .2319
 666.0 .2233
 666.4 .2190
 666.8 .2193
 667.2 .2206
 667.6 .2204
 668.0 .2225
 668.4 .2290
 668.8 .2312
 669.2 .2356
 669.6 .2431
 670.0 .2506
 670.4 .2598
 670.8 .2685
 671.2 .2772
 671.6 .2881
 672.0 .3003
 672.4 .3125
 672.8 .3261
 673.2 .3379
 673.6 .3492
 674.0 .3595
 674.4 .3644
 674.8 .3749
 675.2 .3913
 675.6 .4062
 676.0 .4171
 676.4 .4237
 676.8 .4314
 677.2 .4388
 677.6 .4412
 678.0 .4424
 678.4 .4412
 678.8 .4323
 679.2 .4159
 679.6 .3952
 680.0 .3747
 680.4 .3615
 680.8 .3546
 681.2 .3512
 681.6 .3405
 682.0 .3198
 682.4 .3009
 682.8 .2940
 683.2 .2994
 683.6 .3029
 684.0 .3053
 684.4 .3139
 684.8 .3212
 685.2 .3188
 685.6 .3208
 686.0 .3289
 686.4 .3352
 686.8 .3325
 687.2 .3367
 687.6 .3520
 688.0 .3549
 688.4 .3522
 688.8 .3496
 689.2 .3569
 689.6 .3716
 690.0 .3792
 690.4 .3747
 690.8 .3710
 691.2 .3723
 691.6 .3747
 692.0 .3767
 692.4 .3745
 692.8 .3724
 693.2 .3694
 693.6 .3643
 694.0 .3575
 694.4 .3494
 694.8 .3415
 695.2 .3276
 695.6 .3099
 696.0 .2935
 696.4 .2761
 696.8 .2567
 697.2 .2451
 697.6 .2444
 698.0 .2406
 698.4 .2317
 698.8 .2195
 699.2 .2023
 699.6 .1831
 700.0 .1721
 700.4 .1675
 700.8 .1627
 701.2 .1543
 701.6 .1458
 702.0 .1387
 702.4 .1342
 702.8 .1397
 703.2 .1476
 703.6 .1498
 704.0 .1457
 704.4 .1408
 704.8 .1469
 705.2 .1657
 705.6 .1813
 706.0 .1873
 706.4 .1879
 706.8 .1902
 707.2 .1968
 707.6 .2042
 708.0 .2119
 708.4 .2214
 708.8 .2284
 709.2 .2308
 709.6 .2336
 710.0 .2369
 710.4 .2465
 710.8 .2578
 711.2 .2630
 711.6 .2645
 712.0 .2609
 712.4 .2552
 712.8 .2561
 713.2 .2608
 713.6 .2653
 714.0 .2628
 714.4 .2545
 714.8 .2418
 715.2 .2242
 715.6 .2003
 716.0 .1733
 716.4 .1477
 716.8 .1277
 717.2 .1084
 717.6 .0952
 718.0 .0873
 718.4 .0803
 718.8 .0775
 719.2 .0737
 719.6 .0685
 720.0 .0652
 720.4 .0638
 720.8 .0635
 721.2 .0624
 721.6 .0604
 722.0 .0597
 722.4 .0598
 722.8 .0591
 723.2 .0582
 723.6 .0574
 724.0 .0559
 724.4 .0542
 724.8 .0511
 725.2 .0482
 725.6 .0467
 726.0 .0462
 726.4 .0467
 726.8 .0458
 727.2 .0445
 727.6 .0448
 728.0 .0461
 728.4 .0475
 728.8 .0484
 729.2 .0492
 729.6 .0501
 730.0 .0504
 730.4 .0515
 730.8 .0533
 731.2 .0554
 731.6 .0566
 732.0 .0574
 732.4 .0577
 732.8 .0584
 733.2 .0610
 733.6 .0646
 734.0 .0679
 734.4 .0712
 734.8 .0763
 735.2 .0772
 735.6 .0822
 736.0 .0929
 736.4 .0962
 736.8 .0951
 737.2 .1041
 737.6 .1156
 738.0 .1242
 738.4 .1360
 738.8 .1499
 739.2 .1632
 739.6 .1783
 740.0 .1934
 740.4 .2039
 740.8 .2213
 741.2 .2411
 741.6 .2524
 742.0 .2639
 742.4 .2775
 742.8 .2860
 743.2 .2937
 743.6 .3080
 744.0 .3187
 744.4 .3241
 744.8 .3268
 745.2 .3272
 745.6 .3262
 746.0 .3277
 746.4 .3306
 746.8 .3259
 747.2 .3211
 747.6 .3304
 748.0 .3279
 748.4 .3239
 748.8 .3305
 749.2 .3314
 749.6 .3265
 750.0 .3180
 750.4 .3227
 750.8 .3335
 751.2 .3367
 751.6 .3376
 752.0 .3312
 752.4 .3190
 752.8 .3256
 753.2 .3408
 753.6 .3479
 754.0 .3452
 754.4 .3376
 754.8 .3303
 755.2 .3273
 755.6 .3232
 756.0 .3191
 756.4 .3135
 756.8 .3052
 757.2 .2987
 757.6 .2942
 758.0 .2847
 758.4 .2799
 758.8 .2729
 759.2 .2671
 759.6 .2544
 760.0 .2447
 760.4 .2375
 760.8 .2282
 761.2 .2229
 761.6 .2168
 762.0 .2059
 762.4 .1964
 762.8 .1965
 763.2 .1927
 763.6 .1871
 764.0 .1802
 764.4 .1740
 764.8 .1738
 765.2 .1750
 765.6 .1791
 766.0 .1818
 766.4 .1761
 766.8 .1646
 767.2 .1611
 767.6 .1730
 768.0 .1824
 768.4 .1827
 768.8 .1777
 769.2 .1747
 769.6 .1770
 770.0 .1762
 770.4 .1728
 770.8 .1670
 771.2 .1656
 771.6 .1684
 772.0 .1666
 772.4 .1569
 772.8 .1396
 773.2 .1255
 773.6 .1229
 774.0 .1272
 774.4 .1329
 774.8 .1332
 775.2 .1286
 775.6 .1225
 776.0 .1173
 776.4 .1134
 776.8 .1112
 777.2 .1070
 777.6 .1027
 778.0 .0990
 778.4 .0954
 778.8 .0931
 779.2 .0891
 779.6 .0816
 780.0 .0738
 780.4 .0671
 780.8 .0606
 781.2 .0589
 781.6 .0582
 782.0 .0579
 782.4 .0575
 782.8 .0572
 783.2 .0548
 783.6 .0519
 784.0 .0516
 784.4 .0576
 784.8 .0639
 785.2 .0670
 785.6 .0634
 786.0 .0611
 786.4 .0611
 786.8 .0622
 787.2 .0641
 787.6 .0656
 788.0 .0679
 788.4 .0699
 788.8 .0710
 789.2 .0714
 789.6 .0706
 790.0 .0712
 790.4 .0696
 790.8 .0675
 791.2 .0659
 791.6 .0624
 792.0 .0588
 792.4 .0551
 792.8 .0517
 793.2 .0503
 793.6 .0515
 794.0 .0508
 794.4 .0477
 794.8 .0455
 795.2 .0450
 795.6 .0450
 796.0 .0456
 796.4 .0459
 796.8 .0449
 797.2 .0441
 797.6 .0449
 798.0 .0454
 798.4 .0465
 798.8 .0471
 799.2 .0470
 799.6 .0486
 800.0 .0501
 800.4 .0498
 800.8 .0525
 801.2 .0545
 801.6 .0523
 802.0 .0526
 802.4 .0553
 802.8 .0568
 803.2 .0581
 803.6 .0593
 804.0 .0587
 804.4 .0596
 804.8 .0642
 805.2 .0666
 805.6 .0670
 806.0 .0691
 806.4 .0723
 806.8 .0768
 807.2 .0807
 807.6 .0819
 808.0 .0832
 808.4 .0863
 808.8 .0848
 809.2 .0801
 809.6 .0829
 810.0 .0877
 810.4 .0882
 810.8 .0889
 811.2 .0920
 811.6 .0998
 812.0 .1060
 812.4 .1089
 812.8 .1105
 813.2 .1116
 813.6 .1159
 814.0 .1210
 814.4 .1229
 814.8 .1220
 815.2 .1241
 815.6 .1311
 816.0 .1356
 816.4 .1411
 816.8 .1470
 817.2 .1508
 817.6 .1557
 818.0 .1648
 818.4 .1734
 818.8 .1808
 819.2 .1859
 819.6 .1902
 820.0 .1956
 820.4 .1995
 820.8 .2019
 821.2 .2063
 821.6 .2100
 822.0 .2123
 822.4 .2134
 822.8 .2147
 823.2 .2154
 823.6 .2108
 824.0 .2047
 824.4 .2022
 824.8 .1991
 825.2 .1958
 825.6 .1931
 826.0 .1918
 826.4 .1929
 826.8 .1948
 827.2 .1957
 827.6 .2007
 828.0 .2114
 828.4 .2205
 828.8 .2292
 829.2 .2382
 829.6 .2480
 830.0 .2576
 830.4 .2654
 830.8 .2713
 831.2 .2759
 831.6 .2775
 832.0 .2753
 832.4 .2686
 832.8 .2550
 833.2 .2398
 833.6 .2180
 834.0 .1993
 834.4 .1783
 834.8 .1525
 835.2 .1311
 835.6 .1133
 836.0 .0982
 836.4 .0899
 836.8 .0802
 837.2 .0746
 837.6 .0664
 838.0 .0610
 838.4 .0495
 838.8 .0460
 839.2 .0501
 839.6 .0542
 840.0 .0548
 840.4 .0506
 840.8 .0459
 841.2 .0407
 841.6 .0395
 842.0 .0420
 842.4 .0522
 842.8 .0643
 843.2 .0653
 843.6 .0604
 844.0 .0541
 844.4 .0531
 844.8 .0602
 845.2 .0703
 845.6 .0796
 846.0 .0866
 846.4 .0886
 846.8 .0872
 847.2 .0862
 847.6 .0847
 848.0 .0882
 848.4 .0883
 848.8 .0964
 849.2 .1028
 849.6 .1022
 850.0 .0955
 850.4 .0924
 850.8 .0911
 851.2 .0842
 851.6 .0815
 852.0 .0783
 852.4 .0708
 852.8 .0664
 853.2 .0584
 853.6 .0518
 854.0 .0493
 854.4 .0464
 854.8 .0431
 855.2 .0426
 855.6 .0418
 856.0 .0386
 856.4 .0361
 856.8 .0344
 857.2 .0323
 857.6 .0307
 858.0 .0297
 858.4 .0290
 858.8 .0288
 859.2 .0284
 859.6 .0277
 860.0 .0272
 860.4 .0266
 860.8 .0262
 861.2 .0257
 861.6 .0248
 862.0 .0241
 862.4 .0237
 862.8 .0237
 863.2 .0237
 863.6 .0232
 864.0 .0229
 864.4 .0230
 864.8 .0229
 865.2 .0228
 865.6 .0230
 866.0 .0235
 866.4 .0239
 866.8 .0236
 867.2 .0237
 867.6 .0248
 868.0 .0258
 868.4 .0263
 868.8 .0270
 869.2 .0277
 869.6 .0281
 870.0 .0287
 870.4 .0294
 870.8 .0302
 871.2 .0314
 871.6 .0325
 872.0 .0340
 872.4 .0347
 872.8 .0349
 873.2 .0368
 873.6 .0375
 874.0 .0355
 874.4 .0348
 874.8 .0364
 875.2 .0377
 875.6 .0361
 876.0 .0350
 876.4 .0348
 876.8 .0344
 877.2 .0338
 877.6 .0327
 878.0 .0314
 878.4 .0312
 878.8 .0306
 879.2 .0293
 879.6 .0279
 880.0 .0261
 880.4 .0245
 880.8 .0235
 881.2 .0227
 881.6 .0212
 882.0 .0195
 882.4 .0185
 882.8 .0175
 883.2 .0164
 883.6 .0154
 884.0 .0150
 884.4 .0149
 884.8 .0154
 885.2 .0157
 885.6 .0156
 886.0 .0159
 886.4 .0155
 886.8 .0142
 887.2 .0138
 887.6 .0147
 888.0 .0156
 888.4 .0162
 888.8 .0164
 889.2 .0162
 889.6 .0159
 890.0 .0161
 890.4 .0159
 890.8 .0159
 891.2 .0161
 891.6 .0164
 892.0 .0167
 892.4 .0167
 892.8 .0168
 893.2 .0168
 893.6 .0163
 894.0 .0161
 894.4 .0163
 894.8 .0165
 895.2 .0166
 895.6 .0162
 896.0 .0157
 896.4 .0159
 896.8 .0164
 897.2 .0167
 897.6 .0167
 898.0 .0166
 898.4 .0164
 898.8 .0163
 899.2 .0169
 899.6 .0175
 900.0 .0177
 900.4 .0181
 900.8 .0184
 901.2 .0186
 901.6 .0189
 902.0 .0191
 902.4 .0196
 902.8 .0201
 903.2 .0208
 903.6 .0216
 904.0 .0223
 904.4 .0225
 904.8 .0226
 905.2 .0236
 905.6 .0244
 906.0 .0247
 906.4 .0257
 906.8 .0271
 907.2 .0284
 907.6 .0298
 908.0 .0313
 908.4 .0325
 908.8 .0343
 909.2 .0377
 909.6 .0400
 910.0 .0401
 910.4 .0397
 910.8 .0381
 911.2 .0352
 911.6 .0335
 912.0 .0330
 912.4 .0319
 912.8 .0303
 913.2 .0298
 913.6 .0315
 914.0 .0339
 914.4 .0349
 914.8 .0355
 915.2 .0364
 915.6 .0380
 916.0 .0371
 916.4 .0370
 916.8 .0400
 917.2 .0437
 917.6 .0490
 918.0 .0537
 918.4 .0557
 918.8 .0557
 919.2 .0570
 919.6 .0576
 920.0 .0595
 920.4 .0646
 920.8 .0696
 921.2 .0734
 921.6 .0772
 922.0 .0827
 922.4 .0868
 922.8 .0904
 923.2 .0957
 923.6 .1015
 924.0 .1069
 924.4 .1133
 924.8 .1217
 925.2 .1274
 925.6 .1263
 926.0 .1234
 926.4 .1247
 926.8 .1311
 927.2 .1391
 927.6 .1449
 928.0 .1517
 928.4 .1631
 928.8 .1750
 929.2 .1827
 929.6 .1857
 930.0 .1870
 930.4 .1908
 930.8 .1989
 931.2 .2083
 931.6 .2151
 932.0 .2183
 932.4 .2204
 932.8 .2237
 933.2 .2293
 933.6 .2380
 934.0 .2501
 934.4 .2631
 934.8 .2738
 935.2 .2808
 935.6 .2837
 936.0 .2839
 936.4 .2849
 936.8 .2878
 937.2 .2902
 937.6 .2906
 938.0 .2901
 938.4 .2922
 938.8 .2961
 939.2 .2960
 939.6 .2904
 940.0 .2824
 940.4 .2736
 940.8 .2635
 941.2 .2523
 941.6 .2405
 942.0 .2280
 942.4 .2150
 942.8 .2016
 943.2 .1901
 943.6 .1821
 944.0 .1770
 944.4 .1721
 944.8 .1647
 945.2 .1566
 945.6 .1492
 946.0 .1405
 946.4 .1286
 946.8 .1130
 947.2 .0960
 947.6 .0847
 948.0 .0854
 948.4 .0983
 948.8 .1127
 949.2 .1193
 949.6 .1185
 950.0 .1137
 950.4 .1049
 950.8 .0916
 951.2 .0771
 951.6 .0681
 952.0 .0710
 952.4 .0844
 952.8 .0966
 953.2 .1019
 953.6 .1033
 954.0 .1035
 954.4 .1015
 954.8 .0962
 955.2 .0912
 955.6 .0864
 956.0 .0822
 956.4 .0766
 956.8 .0699
 957.2 .0637
 957.6 .0624
 958.0 .0658
 958.4 .0669
 958.8 .0627
 959.2 .0564
 959.6 .0503
 960.0 .0472
 960.4 .0434
 960.8 .0383
 961.2 .0348
 961.6 .0323
 962.0 .0294
 962.4 .0266
 962.8 .0240
 963.2 .0221
 963.6 .0207
 964.0 .0203
 964.4 .0202
 964.8 .0197
 965.2 .0188
 965.6 .0181
 966.0 .0176
 966.4 .0173
 966.8 .0170
 967.2 .0168
 967.6 .0169
 968.0 .0169
 968.4 .0167
 968.8 .0163
 969.2 .0161
 969.6 .0165
 970.0 .0164
 970.4 .0157
 970.8 .0149
 971.2 .0150
 971.6 .0159
 972.0 .0163
 972.4 .0166
 972.8 .0168
 973.2 .0166
 973.6 .0165
 974.0 .0166
 974.4 .0168
 974.8 .0174
 975.2 .0178
 975.6 .0183
 976.0 .0189
 976.4 .0190
 976.8 .0190
 977.2 .0190
 977.6 .0189
 978.0 .0191
 978.4 .0197
 978.8 .0197
 979.2 .0193
 979.6 .0191
 980.0 .0188
 980.4 .0185
 980.8 .0175
 981.2 .0173
 981.6 .0170
 982.0 .0163
 982.4 .0159
 982.8 .0152
 983.2 .0143
 983.6 .0138
 984.0 .0136
 984.4 .0132
 984.8 .0135
 985.2 .0142
 985.6 .0142
 986.0 .0142
 986.4 .0142
 986.8 .0139
 987.2 .0139
 987.6 .0135
 988.0 .0129
 988.4 .0126
 988.8 .0125
 989.2 .0133
 989.6 .0142
 990.0 .0145
 990.4 .0139
 990.8 .0140
 991.2 .0140
 991.6 .0138
 992.0 .0139
 992.4 .0144
 992.8 .0148
 993.2 .0144
 993.6 .0143
 994.0 .0145
 994.4 .0146
 994.8 .0152
 995.2 .0151
 995.6 .0151
 996.0 .0151
 996.4 .0148
 996.8 .0144
 997.2 .0148
 997.6 .0150
 998.0 .0153
 998.4 .0154
 998.8 .0148
 999.2 .0150
 999.6 .0161
1000.0 .0165
