 300.4 .5306
 300.8 .5200
 301.2 .5353
 301.6 .5226
 302.0 .5002
 302.4 .5292
 302.8 .5382
 303.2 .5244
 303.6 .5223
 304.0 .5215
 304.4 .5216
 304.8 .5211
 305.2 .5154
 305.6 .5197
 306.0 .5356
 306.4 .5406
 306.8 .5378
 307.2 .5299
 307.6 .5286
 308.0 .5301
 308.4 .5293
 308.8 .5263
 309.2 .5233
 309.6 .5270
 310.0 .5281
 310.4 .5297
 310.8 .5226
 311.2 .5146
 311.6 .5160
 312.0 .5202
 312.4 .5182
 312.8 .5133
 313.2 .5133
 313.6 .5154
 314.0 .5196
 314.4 .5256
 314.8 .5278
 315.2 .5185
 315.6 .5214
 316.0 .5316
 316.4 .5318
 316.8 .5237
 317.2 .5171
 317.6 .5139
 318.0 .5218
 318.4 .5313
 318.8 .5240
 319.2 .5200
 319.6 .5250
 320.0 .5232
 320.4 .5201
 320.8 .5237
 321.2 .5313
 321.6 .5287
 322.0 .5192
 322.4 .5214
 322.8 .5294
 323.2 .5294
 323.6 .5278
 324.0 .5262
 324.4 .5206
 324.8 .5213
 325.2 .5238
 325.6 .5198
 326.0 .5120
 326.4 .5119
 326.8 .5108
 327.2 .5103
 327.6 .5134
 328.0 .5175
 328.4 .5197
 328.8 .5212
 329.2 .5202
 329.6 .5193
 330.0 .5182
 330.4 .5230
 330.8 .5265
 331.2 .5238
 331.6 .5226
 332.0 .5237
 332.4 .5270
 332.8 .5271
 333.2 .5286
 333.6 .5328
 334.0 .5344
 334.4 .5233
 334.8 .5232
 335.2 .5274
 335.6 .5230
 336.0 .5358
 336.4 .5379
 336.8 .5290
 337.2 .5377
 337.6 .5276
 338.0 .5259
 338.4 .5281
 338.8 .5181
 339.2 .5231
 339.6 .5276
 340.0 .5142
 340.4 .5117
 340.8 .5165
 341.2 .5191
 341.6 .5247
 342.0 .5179
 342.4 .5154
 342.8 .5153
 343.2 .5136
 343.6 .5177
 344.0 .5294
 344.4 .5421
 344.8 .5253
 345.2 .5143
 345.6 .5129
 346.0 .5241
 346.4 .5292
 346.8 .5228
 347.2 .5230
 347.6 .5294
 348.0 .5225
 348.4 .5157
 348.8 .5167
 349.2 .5224
 349.6 .5275
 350.0 .5176
 350.4 .5069
 350.8 .5102
 351.2 .5185
 351.6 .5179
 352.0 .5081
 352.4 .5238
 352.8 .5242
 353.2 .5116
 353.6 .5113
 354.0 .5112
 354.4 .5124
 354.8 .5090
 355.2 .5095
 355.6 .5144
 356.0 .5134
 356.4 .5150
 356.8 .5319
 357.2 .5400
 357.6 .5307
 358.0 .5366
 358.4 .5489
 358.8 .5436
 359.2 .5271
 359.6 .5159
 360.0 .5114
 360.4 .5194
 360.8 .5351
 361.2 .5287
 361.6 .5153
 362.0 .5262
 362.4 .5210
 362.8 .5030
 363.2 .5135
 363.6 .5224
 364.0 .5123
 364.4 .5165
 364.8 .5267
 365.2 .5191
 365.6 .5078
 366.0 .5053
 366.4 .5046
 366.8 .5107
 367.2 .5149
 367.6 .5133
 368.0 .5169
 368.4 .5173
 368.8 .5222
 369.2 .5171
 369.6 .5165
 370.0 .5164
 370.4 .5219
 370.8 .5384
 371.2 .5233
 371.6 .5117
 372.0 .5381
 372.4 .5447
 372.8 .5232
 373.2 .5315
 373.6 .5626
 374.0 .5491
 374.4 .5394
 374.8 .5681
 375.2 .5482
 375.6 .5237
 376.0 .5385
 376.4 .5415
 376.8 .5357
 377.2 .5265
 377.6 .5217
 378.0 .5213
 378.4 .5167
 378.8 .5274
 379.2 .5348
 379.6 .5342
 380.0 .5377
 380.4 .5283
 380.8 .5282
 381.2 .5346
 381.6 .5507
 382.0 .5609
 382.4 .5765
 382.8 .5891
 383.2 .5877
 383.6 .5812
 384.0 .5717
 384.4 .5499
 384.8 .5384
 385.2 .5424
 385.6 .5514
 386.0 .5677
 386.4 .5519
 386.8 .5406
 387.2 .5524
 387.6 .5432
 388.0 .5393
 388.4 .5412
 388.8 .5462
 389.2 .5410
 389.6 .5375
 390.0 .5416
 390.4 .5427
 390.8 .5387
 391.2 .5290
 391.6 .5318
 392.0 .5460
 392.4 .5521
 392.8 .5646
 393.2 .6203
 393.6 .6222
 394.0 .5678
 394.4 .5536
 394.8 .5500
 395.2 .5462
 395.6 .5521
 396.0 .5583
 396.4 .5828
 396.8 .6262
 397.2 .6026
 397.6 .5526
 398.0 .5329
 398.4 .5292
 398.8 .5281
 399.2 .5236
 399.6 .5304
 400.0 .5329
 400.4 .5355
 400.8 .5413
 401.2 .5318
 401.6 .5274
 402.0 .5227
 402.4 .5178
 402.8 .5183
 403.2 .5320
 403.6 .5428
 404.0 .5342
 404.4 .5478
 404.8 .5564
 405.2 .5418
 405.6 .5431
 406.0 .5372
 406.4 .5379
 406.8 .5415
 407.2 .5444
 407.6 .5544
 408.0 .5526
 408.4 .5496
 408.8 .5493
 409.2 .5472
 409.6 .5559
 410.0 .5684
 410.4 .5661
 410.8 .5544
 411.2 .5545
 411.6 .5505
 412.0 .5525
 412.4 .5536
 412.8 .5519
 413.2 .5591
 413.6 .5616
 414.0 .5547
 414.4 .5653
 414.8 .5667
 415.2 .5621
 415.6 .5646
 416.0 .5555
 416.4 .5513
 416.8 .5577
 417.2 .5671
 417.6 .5722
 418.0 .5680
 418.4 .5667
 418.8 .5688
 419.2 .5611
 419.6 .5571
 420.0 .5663
 420.4 .5595
 420.8 .5545
 421.2 .5578
 421.6 .5675
 422.0 .5690
 422.4 .5760
 422.8 .5945
 423.2 .5746
 423.6 .5746
 424.0 .5787
 424.4 .5709
 424.8 .5763
 425.2 .5838
 425.6 .5752
 426.0 .5801
 426.4 .5774
 426.8 .5738
 427.2 .5986
 427.6 .5916
 428.0 .5768
 428.4 .5844
 428.8 .5892
 429.2 .5905
 429.6 .5899
 430.0 .6101
 430.4 .6163
 430.8 .6174
 431.2 .6136
 431.6 .5798
 432.0 .5683
 432.4 .5939
 432.8 .5937
 433.2 .5717
 433.6 .5761
 434.0 .5963
 434.4 .5898
 434.8 .5697
 435.2 .5772
 435.6 .5778
 436.0 .5681
 436.4 .5642
 436.8 .5597
 437.2 .5658
 437.6 .5717
 438.0 .5722
 438.4 .5966
 438.8 .5988
 439.2 .5793
 439.6 .5732
 440.0 .5568
 440.4 .5447
 440.8 .5322
 441.2 .5156
 441.6 .5260
 442.0 .5361
 442.4 .5448
 442.8 .5639
 443.2 .5757
 443.6 .5813
 444.0 .5790
 444.4 .5839
 444.8 .5868
 445.2 .5840
 445.6 .5917
 446.0 .6013
 446.4 .5937
 446.8 .5906
 447.2 .5882
 447.6 .5814
 448.0 .5916
 448.4 .5932
 448.8 .5869
 449.2 .5932
 449.6 .5900
 450.0 .5889
 450.4 .5857
 450.8 .5834
 451.2 .5882
 451.6 .5909
 452.0 .5880
 452.4 .5875
 452.8 .5975
 453.2 .5971
 453.6 .5891
 454.0 .5843
 454.4 .5843
 454.8 .5904
 455.2 .5880
 455.6 .5845
 456.0 .5826
 456.4 .5811
 456.8 .5816
 457.2 .5794
 457.6 .5802
 458.0 .5815
 458.4 .5766
 458.8 .5681
 459.2 .5613
 459.6 .5521
 460.0 .5519
 460.4 .5626
 460.8 .5748
 461.2 .5903
 461.6 .5972
 462.0 .5992
 462.4 .6009
 462.8 .6024
 463.2 .6045
 463.6 .6066
 464.0 .6067
 464.4 .6075
 464.8 .6087
 465.2 .6050
 465.6 .6010
 466.0 .5999
 466.4 .6019
 466.8 .6070
 467.2 .6072
 467.6 .6064
 468.0 .6091
 468.4 .6124
 468.8 .6120
 469.2 .6135
 469.6 .6134
 470.0 .6140
 470.4 .6148
 470.8 .6151
 471.2 .6144
 471.6 .6123
 472.0 .6109
 472.4 .6092
 472.8 .6138
 473.2 .6172
 473.6 .6161
 474.0 .6152
 474.4 .6093
 474.8 .6087
 475.2 .6090
 475.6 .6075
 476.0 .6067
 476.4 .6098
 476.8 .6100
 477.2 .6031
 477.6 .5999
 478.0 .5959
 478.4 .5938
 478.8 .5916
 479.2 .5850
 479.6 .5760
 480.0 .5717
 480.4 .5697
 480.8 .5624
 481.2 .5540
 481.6 .5491
 482.0 .5434
 482.4 .5399
 482.8 .5407
 483.2 .5358
 483.6 .5273
 484.0 .5182
 484.4 .4907
 484.8 .4552
 485.2 .4411
 485.6 .4438
 486.0 .4521
 486.4 .4752
 486.8 .4957
 487.2 .5217
 487.6 .5481
 488.0 .5683
 488.4 .5897
 488.8 .6097
 489.2 .6208
 489.6 .6210
 490.0 .6220
 490.4 .6260
 490.8 .6274
 491.2 .6282
 491.6 .6305
 492.0 .6360
 492.4 .6348
 492.8 .6239
 493.2 .6241
 493.6 .6266
 494.0 .6237
 494.4 .6169
 494.8 .6124
 495.2 .6169
 495.6 .6274
 496.0 .6293
 496.4 .6275
 496.8 .6306
 497.2 .6290
 497.6 .6268
 498.0 .6313
 498.4 .6347
 498.8 .6281
 499.2 .6196
 499.6 .6218
 500.0 .6224
 500.4 .6221
 500.8 .6176
 501.2 .6199
 501.6 .6217
 502.0 .6187
 502.4 .6131
 502.8 .6074
 503.2 .6018
 503.6 .6005
 504.0 .6052
 504.4 .5974
 504.8 .5898
 505.2 .5876
 505.6 .5784
 506.0 .5727
 506.4 .5715
 506.8 .5655
 507.2 .5574
 507.6 .5496
 508.0 .5458
 508.4 .5372
 508.8 .5259
 509.2 .5166
 509.6 .5143
 510.0 .5162
 510.4 .5125
 510.8 .5185
 511.2 .5296
 511.6 .5424
 512.0 .5575
 512.4 .5768
 512.8 .5946
 513.2 .6043
 513.6 .6152
 514.0 .6263
 514.4 .6333
 514.8 .6366
 515.2 .6377
 515.6 .6359
 516.0 .6319
 516.4 .6350
 516.8 .6477
 517.2 .6542
 517.6 .6335
 518.0 .6196
 518.4 .6324
 518.8 .6241
 519.2 .6079
 519.6 .6010
 520.0 .5931
 520.4 .5894
 520.8 .5905
 521.2 .5848
 521.6 .5821
 522.0 .5797
 522.4 .5778
 522.8 .5852
 523.2 .5869
 523.6 .5839
 524.0 .5839
 524.4 .5877
 524.8 .5952
 525.2 .6008
 525.6 .6057
 526.0 .6088
 526.4 .6178
 526.8 .6286
 527.2 .6249
 527.6 .6188
 528.0 .6170
 528.4 .6181
 528.8 .6143
 529.2 .6080
 529.6 .6096
 530.0 .6127
 530.4 .6075
 530.8 .6006
 531.2 .5943
 531.6 .5873
 532.0 .5807
 532.4 .5732
 532.8 .5685
 533.2 .5549
 533.6 .5419
 534.0 .5417
 534.4 .5368
 534.8 .5241
 535.2 .5140
 535.6 .5016
 536.0 .4870
 536.4 .4724
 536.8 .4607
 537.2 .4490
 537.6 .4323
 538.0 .4175
 538.4 .4110
 538.8 .4049
 539.2 .3977
 539.6 .3872
 540.0 .3740
 540.4 .3617
 540.8 .3493
 541.2 .3329
 541.6 .3187
 542.0 .3060
 542.4 .2969
 542.8 .2939
 543.2 .2916
 543.6 .2953
 544.0 .3054
 544.4 .3197
 544.8 .3462
 545.2 .3723
 545.6 .3996
 546.0 .4296
 546.4 .4593
 546.8 .4890
 547.2 .5140
 547.6 .5427
 548.0 .5693
 548.4 .5851
 548.8 .5963
 549.2 .6062
 549.6 .6132
 550.0 .6169
 550.4 .6192
 550.8 .6193
 551.2 .6211
 551.6 .6244
 552.0 .6195
 552.4 .6143
 552.8 .6161
 553.2 .6128
 553.6 .6042
 554.0 .5979
 554.4 .5929
 554.8 .5889
 555.2 .5842
 555.6 .5820
 556.0 .5800
 556.4 .5794
 556.8 .5811
 557.2 .5821
 557.6 .5840
 558.0 .5846
 558.4 .5867
 558.8 .5940
 559.2 .5973
 559.6 .5955
 560.0 .5987
 560.4 .6025
 560.8 .5980
 561.2 .5934
 561.6 .5981
 562.0 .5985
 562.4 .5954
 562.8 .5955
 563.2 .5916
 563.6 .5895
 564.0 .5867
 564.4 .5821
 564.8 .5758
 565.2 .5682
 565.6 .5634
 566.0 .5575
 566.4 .5482
 566.8 .5381
 567.2 .5298
 567.6 .5201
 568.0 .5125
 568.4 .5084
 568.8 .5065
 569.2 .5012
 569.6 .4940
 570.0 .4866
 570.4 .4809
 570.8 .4775
 571.2 .4737
 571.6 .4641
 572.0 .4569
 572.4 .4509
 572.8 .4446
 573.2 .4351
 573.6 .4235
 574.0 .4130
 574.4 .4049
 574.8 .3977
 575.2 .3911
 575.6 .3869
 576.0 .3847
 576.4 .3886
 576.8 .3929
 577.2 .3948
 577.6 .3974
 578.0 .4011
 578.4 .4100
 578.8 .4220
 579.2 .4343
 579.6 .4477
 580.0 .4616
 580.4 .4772
 580.8 .4942
 581.2 .5081
 581.6 .5204
 582.0 .5321
 582.4 .5406
 582.8 .5503
 583.2 .5587
 583.6 .5653
 584.0 .5714
 584.4 .5769
 584.8 .5825
 585.2 .5870
 585.6 .5894
 586.0 .5913
 586.4 .5909
 586.8 .5904
 587.2 .5901
 587.6 .5883
 588.0 .5878
 588.4 .5870
 588.8 .5832
 589.2 .5810
 589.6 .5721
 590.0 .5575
 590.4 .5432
 590.8 .5346
 591.2 .5247
 591.6 .5136
 592.0 .5044
 592.4 .4930
 592.8 .4825
 593.2 .4717
 593.6 .4593
 594.0 .4476
 594.4 .4362
 594.8 .4244
 595.2 .4176
 595.6 .4115
 596.0 .4053
 596.4 .4049
 596.8 .4099
 597.2 .4120
 597.6 .4112
 598.0 .4132
 598.4 .4171
 598.8 .4233
 599.2 .4267
 599.6 .4310
 600.0 .4406
 600.4 .4485
 600.8 .4548
 601.2 .4608
 601.6 .4680
 602.0 .4795
 602.4 .4912
 602.8 .4978
 603.2 .5017
 603.6 .5033
 604.0 .5043
 604.4 .5045
 604.8 .4998
 605.2 .4912
 605.6 .4818
 606.0 .4703
 606.4 .4554
 606.8 .4416
 607.2 .4256
 607.6 .4117
 608.0 .4007
 608.4 .3862
 608.8 .3754
 609.2 .3720
 609.6 .3701
 610.0 .3656
 610.4 .3594
 610.8 .3479
 611.2 .3324
 611.6 .3157
 612.0 .2973
 612.4 .2797
 612.8 .2596
 613.2 .2378
 613.6 .2196
 614.0 .2075
 614.4 .1967
 614.8 .1888
 615.2 .1856
 615.6 .1832
 616.0 .1792
 616.4 .1755
 616.8 .1698
 617.2 .1612
 617.6 .1504
 618.0 .1392
 618.4 .1317
 618.8 .1283
 619.2 .1281
 619.6 .1282
 620.0 .1296
 620.4 .1339
 620.8 .1382
 621.2 .1420
 621.6 .1473
 622.0 .1560
 622.4 .1673
 622.8 .1794
 623.2 .1946
 623.6 .2116
 624.0 .2306
 624.4 .2531
 624.8 .2740
 625.2 .2904
 625.6 .3093
 626.0 .3297
 626.4 .3458
 626.8 .3614
 627.2 .3773
 627.6 .3910
 628.0 .4095
 628.4 .4252
 628.8 .4347
 629.2 .4458
 629.6 .4564
 630.0 .4652
 630.4 .4741
 630.8 .4787
 631.2 .4840
 631.6 .4895
 632.0 .4913
 632.4 .4900
 632.8 .4912
 633.2 .4939
 633.6 .4938
 634.0 .4903
 634.4 .4866
 634.8 .4864
 635.2 .4843
 635.6 .4806
 636.0 .4751
 636.4 .4692
 636.8 .4652
 637.2 .4608
 637.6 .4598
 638.0 .4584
 638.4 .4530
 638.8 .4452
 639.2 .4400
 639.6 .4364
 640.0 .4333
 640.4 .4279
 640.8 .4177
 641.2 .4091
 641.6 .4012
 642.0 .3950
 642.4 .3921
 642.8 .3901
 643.2 .3929
 643.6 .3960
 644.0 .4000
 644.4 .4033
 644.8 .4045
 645.2 .4070
 645.6 .4053
 646.0 .4015
 646.4 .4032
 646.8 .4049
 647.2 .4042
 647.6 .4003
 648.0 .3924
 648.4 .3839
 648.8 .3758
 649.2 .3707
 649.6 .3722
 650.0 .3687
 650.4 .3596
 650.8 .3568
 651.2 .3577
 651.6 .3595
 652.0 .3609
 652.4 .3590
 652.8 .3553
 653.2 .3490
 653.6 .3409
 654.0 .3319
 654.4 .3236
 654.8 .3182
 655.2 .3121
 655.6 .3049
 656.0 .2993
 656.4 .2971
 656.8 .2906
 657.2 .2832
 657.6 .2845
 658.0 .2826
 658.4 .2785
 658.8 .2747
 659.2 .2703
 659.6 .2669
 660.0 .2653
 660.4 .2655
 660.8 .2652
 661.2 .2614
 661.6 .2552
 662.0 .2500
 662.4 .2441
 662.8 .2379
 663.2 .2353
 663.6 .2351
 664.0 .2335
 664.4 .2319
 664.8 .2302
 665.2 .2253
 665.6 .2184
 666.0 .2103
 666.4 .2055
 666.8 .2055
 667.2 .2059
 667.6 .2064
 668.0 .2089
 668.4 .2120
 668.8 .2155
 669.2 .2203
 669.6 .2267
 670.0 .2340
 670.4 .2418
 670.8 .2501
 671.2 .2582
 671.6 .2682
 672.0 .2808
 672.4 .2927
 672.8 .3051
 673.2 .3158
 673.6 .3266
 674.0 .3375
 674.4 .3449
 674.8 .3549
 675.2 .3694
 675.6 .3833
 676.0 .3938
 676.4 .4019
 676.8 .4103
 677.2 .4187
 677.6 .4227
 678.0 .4226
 678.4 .4203
 678.8 .4124
 679.2 .3983
 679.6 .3813
 680.0 .3610
 680.4 .3445
 680.8 .3355
 681.2 .3303
 681.6 .3222
 682.0 .3064
 682.4 .2891
 682.8 .2800
 683.2 .2806
 683.6 .2826
 684.0 .2862
 684.4 .2940
 684.8 .2991
 685.2 .3021
 685.6 .3056
 686.0 .3104
 686.4 .3136
 686.8 .3171
 687.2 .3272
 687.6 .3289
 688.0 .3304
 688.4 .3329
 688.8 .3360
 689.2 .3401
 689.6 .3474
 690.0 .3549
 690.4 .3566
 690.8 .3546
 691.2 .3534
 691.6 .3559
 692.0 .3563
 692.4 .3539
 692.8 .3531
 693.2 .3503
 693.6 .3466
 694.0 .3410
 694.4 .3321
 694.8 .3226
 695.2 .3102
 695.6 .2953
 696.0 .2796
 696.4 .2625
 696.8 .2451
 697.2 .2331
 697.6 .2289
 698.0 .2268
 698.4 .2192
 698.8 .2078
 699.2 .1932
 699.6 .1759
 700.0 .1635
 700.4 .1567
 700.8 .1523
 701.2 .1462
 701.6 .1394
 702.0 .1321
 702.4 .1270
 702.8 .1290
 703.2 .1357
 703.6 .1406
 704.0 .1384
 704.4 .1334
 704.8 .1364
 705.2 .1501
 705.6 .1657
 706.0 .1741
 706.4 .1761
 706.8 .1780
 707.2 .1831
 707.6 .1897
 708.0 .1968
 708.4 .2047
 708.8 .2121
 709.2 .2156
 709.6 .2180
 710.0 .2224
 710.4 .2300
 710.8 .2394
 711.2 .2463
 711.6 .2479
 712.0 .2453
 712.4 .2411
 712.8 .2399
 713.2 .2450
 713.6 .2490
 714.0 .2471
 714.4 .2404
 714.8 .2297
 715.2 .2140
 715.6 .1926
 716.0 .1680
 716.4 .1436
 716.8 .1231
 717.2 .1050
 717.6 .0912
 718.0 .0827
 718.4 .0771
 718.8 .0735
 719.2 .0705
 719.6 .0666
 720.0 .0630
 720.4 .0612
 720.8 .0610
 721.2 .0606
 721.6 .0594
 722.0 .0586
 722.4 .0584
 722.8 .0580
 723.2 .0567
 723.6 .0555
 724.0 .0545
 724.4 .0530
 724.8 .0505
 725.2 .0478
 725.6 .0459
 726.0 .0450
 726.4 .0450
 726.8 .0448
 727.2 .0438
 727.6 .0436
 728.0 .0446
 728.4 .0461
 728.8 .0472
 729.2 .0479
 729.6 .0484
 730.0 .0487
 730.4 .0499
 730.8 .0516
 731.2 .0535
 731.6 .0547
 732.0 .0554
 732.4 .0560
 732.8 .0567
 733.2 .0586
 733.6 .0619
 734.0 .0649
 734.4 .0682
 734.8 .0713
 735.2 .0735
 735.6 .0775
 736.0 .0846
 736.4 .0893
 736.8 .0908
 737.2 .0960
 737.6 .1058
 738.0 .1149
 738.4 .1242
 738.8 .1368
 739.2 .1498
 739.6 .1630
 740.0 .1770
 740.4 .1897
 740.8 .2041
 741.2 .2212
 741.6 .2351
 742.0 .2460
 742.4 .2583
 742.8 .2680
 743.2 .2769
 743.6 .2889
 744.0 .2993
 744.4 .3061
 744.8 .3100
 745.2 .3099
 745.6 .3090
 746.0 .3115
 746.4 .3141
 746.8 .3094
 747.2 .3063
 747.6 .3103
 748.0 .3106
 748.4 .3090
 748.8 .3117
 749.2 .3152
 749.6 .3121
 750.0 .3035
 750.4 .3014
 750.8 .3119
 751.2 .3223
 751.6 .3217
 752.0 .3139
 752.4 .3064
 752.8 .3077
 753.2 .3197
 753.6 .3292
 754.0 .3283
 754.4 .3227
 754.8 .3162
 755.2 .3111
 755.6 .3079
 756.0 .3035
 756.4 .2968
 756.8 .2901
 757.2 .2843
 757.6 .2783
 758.0 .2715
 758.4 .2663
 758.8 .2615
 759.2 .2532
 759.6 .2530
 760.0 .2550
 760.4 .2322
 760.8 .2062
 761.2 .1993
 761.6 .1949
 762.0 .1850
 762.4 .1862
 762.8 .1897
 763.2 .1822
 763.6 .1743
 764.0 .1675
 764.4 .1619
 764.8 .1595
 765.2 .1605
 765.6 .1639
 766.0 .1675
 766.4 .1653
 766.8 .1561
 767.2 .1507
 767.6 .1567
 768.0 .1671
 768.4 .1709
 768.8 .1669
 769.2 .1634
 769.6 .1632
 770.0 .1641
 770.4 .1619
 770.8 .1563
 771.2 .1553
 771.6 .1573
 772.0 .1563
 772.4 .1485
 772.8 .1341
 773.2 .1192
 773.6 .1130
 774.0 .1162
 774.4 .1222
 774.8 .1245
 775.2 .1213
 775.6 .1147
 776.0 .1101
 776.4 .1070
 776.8 .1038
 777.2 .1007
 777.6 .0967
 778.0 .0927
 778.4 .0901
 778.8 .0881
 779.2 .0849
 779.6 .0790
 780.0 .0719
 780.4 .0645
 780.8 .0586
 781.2 .0561
 781.6 .0555
 782.0 .0555
 782.4 .0556
 782.8 .0550
 783.2 .0533
 783.6 .0504
 784.0 .0492
 784.4 .0531
 784.8 .0596
 785.2 .0630
 785.6 .0615
 786.0 .0587
 786.4 .0579
 786.8 .0586
 787.2 .0598
 787.6 .0612
 788.0 .0633
 788.4 .0654
 788.8 .0665
 789.2 .0667
 789.6 .0667
 790.0 .0665
 790.4 .0656
 790.8 .0640
 791.2 .0622
 791.6 .0598
 792.0 .0567
 792.4 .0531
 792.8 .0498
 793.2 .0486
 793.6 .0492
 794.0 .0487
 794.4 .0468
 794.8 .0446
 795.2 .0430
 795.6 .0432
 796.0 .0439
 796.4 .0439
 796.8 .0431
 797.2 .0426
 797.6 .0430
 798.0 .0440
 798.4 .0449
 798.8 .0454
 799.2 .0456
 799.6 .0464
 800.0 .0474
 800.4 .0477
 800.8 .0494
 801.2 .0513
 801.6 .0507
 802.0 .0502
 802.4 .0516
 802.8 .0536
 803.2 .0550
 803.6 .0557
 804.0 .0553
 804.4 .0560
 804.8 .0595
 805.2 .0621
 805.6 .0628
 806.0 .0639
 806.4 .0665
 806.8 .0707
 807.2 .0743
 807.6 .0758
 808.0 .0772
 808.4 .0798
 808.8 .0788
 809.2 .0754
 809.6 .0763
 810.0 .0802
 810.4 .0817
 810.8 .0817
 811.2 .0844
 811.6 .0905
 812.0 .0971
 812.4 .1008
 812.8 .1017
 813.2 .1026
 813.6 .1058
 814.0 .1108
 814.4 .1135
 814.8 .1130
 815.2 .1140
 815.6 .1186
 816.0 .1239
 816.4 .1293
 816.8 .1336
 817.2 .1374
 817.6 .1420
 818.0 .1496
 818.4 .1591
 818.8 .1673
 819.2 .1709
 819.6 .1755
 820.0 .1815
 820.4 .1836
 820.8 .1868
 821.2 .1921
 821.6 .1970
 822.0 .1995
 822.4 .2010
 822.8 .2005
 823.2 .1992
 823.6 .1951
 824.0 .1913
 824.4 .1902
 824.8 .1888
 825.2 .1867
 825.6 .1835
 826.0 .1811
 826.4 .1805
 826.8 .1814
 827.2 .1826
 827.6 .1873
 828.0 .1955
 828.4 .2047
 828.8 .2133
 829.2 .2218
 829.6 .2312
 830.0 .2406
 830.4 .2475
 830.8 .2537
 831.2 .2595
 831.6 .2627
 832.0 .2613
 832.4 .2549
 832.8 .2444
 833.2 .2302
 833.6 .2106
 834.0 .1905
 834.4 .1698
 834.8 .1476
 835.2 .1252
 835.6 .1077
 836.0 .0950
 836.4 .0850
 836.8 .0772
 837.2 .0706
 837.6 .0647
 838.0 .0577
 838.4 .0490
 838.8 .0439
 839.2 .0459
 839.6 .0504
 840.0 .0522
 840.4 .0499
 840.8 .0448
 841.2 .0396
 841.6 .0365
 842.0 .0381
 842.4 .0468
 842.8 .0579
 843.2 .0617
 843.6 .0582
 844.0 .0519
 844.4 .0487
 844.8 .0533
 845.2 .0624
 845.6 .0717
 846.0 .0790
 846.4 .0819
 846.8 .0816
 847.2 .0798
 847.6 .0785
 848.0 .0795
 848.4 .0820
 848.8 .0872
 849.2 .0930
 849.6 .0951
 850.0 .0933
 850.4 .0857
 850.8 .0815
 851.2 .0796
 851.6 .0773
 852.0 .0731
 852.4 .0676
 852.8 .0624
 853.2 .0560
 853.6 .0496
 854.0 .0475
 854.4 .0473
 854.8 .0412
 855.2 .0390
 855.6 .0398
 856.0 .0382
 856.4 .0356
 856.8 .0336
 857.2 .0320
 857.6 .0305
 858.0 .0294
 858.4 .0287
 858.8 .0283
 859.2 .0280
 859.6 .0277
 860.0 .0271
 860.4 .0264
 860.8 .0258
 861.2 .0252
 861.6 .0245
 862.0 .0238
 862.4 .0234
 862.8 .0232
 863.2 .0231
 863.6 .0228
 864.0 .0224
 864.4 .0225
 864.8 .0225
 865.2 .0223
 865.6 .0219
 866.0 .0229
 866.4 .0246
 866.8 .0229
 867.2 .0223
 867.6 .0238
 868.0 .0248
 868.4 .0253
 868.8 .0262
 869.2 .0269
 869.6 .0271
 870.0 .0278
 870.4 .0287
 870.8 .0292
 871.2 .0301
 871.6 .0313
 872.0 .0321
 872.4 .0326
 872.8 .0337
 873.2 .0349
 873.6 .0353
 874.0 .0344
 874.4 .0335
 874.8 .0343
 875.2 .0354
 875.6 .0349
 876.0 .0337
 876.4 .0333
 876.8 .0330
 877.2 .0322
 877.6 .0315
 878.0 .0305
 878.4 .0299
 878.8 .0296
 879.2 .0290
 879.6 .0277
 880.0 .0254
 880.4 .0238
 880.8 .0233
 881.2 .0221
 881.6 .0204
 882.0 .0191
 882.4 .0182
 882.8 .0172
 883.2 .0160
 883.6 .0150
 884.0 .0146
 884.4 .0144
 884.8 .0149
 885.2 .0153
 885.6 .0155
 886.0 .0154
 886.4 .0150
 886.8 .0139
 887.2 .0133
 887.6 .0139
 888.0 .0151
 888.4 .0156
 888.8 .0157
 889.2 .0157
 889.6 .0156
 890.0 .0154
 890.4 .0153
 890.8 .0152
 891.2 .0156
 891.6 .0160
 892.0 .0162
 892.4 .0164
 892.8 .0162
 893.2 .0159
 893.6 .0156
 894.0 .0154
 894.4 .0153
 894.8 .0156
 895.2 .0158
 895.6 .0154
 896.0 .0150
 896.4 .0151
 896.8 .0154
 897.2 .0158
 897.6 .0161
 898.0 .0161
 898.4 .0156
 898.8 .0154
 899.2 .0159
 899.6 .0164
 900.0 .0169
 900.4 .0175
 900.8 .0175
 901.2 .0178
 901.6 .0184
 902.0 .0187
 902.4 .0189
 902.8 .0191
 903.2 .0195
 903.6 .0204
 904.0 .0213
 904.4 .0216
 904.8 .0217
 905.2 .0224
 905.6 .0231
 906.0 .0236
 906.4 .0245
 906.8 .0254
 907.2 .0263
 907.6 .0277
 908.0 .0291
 908.4 .0300
 908.8 .0314
 909.2 .0344
 909.6 .0366
 910.0 .0369
 910.4 .0362
 910.8 .0346
 911.2 .0321
 911.6 .0306
 912.0 .0303
 912.4 .0295
 912.8 .0276
 913.2 .0269
 913.6 .0283
 914.0 .0308
 914.4 .0321
 914.8 .0328
 915.2 .0339
 915.6 .0347
 916.0 .0337
 916.4 .0332
 916.8 .0356
 917.2 .0393
 917.6 .0442
 918.0 .0488
 918.4 .0501
 918.8 .0502
 919.2 .0508
 919.6 .0509
 920.0 .0525
 920.4 .0577
 920.8 .0629
 921.2 .0656
 921.6 .0689
 922.0 .0739
 922.4 .0779
 922.8 .0813
 923.2 .0866
 923.6 .0916
 924.0 .0947
 924.4 .1001
 924.8 .1107
 925.2 .1180
 925.6 .1151
 926.0 .1087
 926.4 .1089
 926.8 .1179
 927.2 .1284
 927.6 .1319
 928.0 .1347
 928.4 .1461
 928.8 .1607
 929.2 .1689
 929.6 .1702
 930.0 .1682
 930.4 .1693
 930.8 .1785
 931.2 .1907
 931.6 .1981
 932.0 .1987
 932.4 .1974
 932.8 .1996
 933.2 .2046
 933.6 .2118
 934.0 .2221
 934.4 .2353
 934.8 .2460
 935.2 .2515
 935.6 .2591
 936.0 .2601
 936.4 .2540
 936.8 .2591
 937.2 .2663
 937.6 .2598
 938.0 .2516
 938.4 .2565
 938.8 .2670
 939.2 .2704
 939.6 .2672
 940.0 .2619
 940.4 .2507
 940.8 .2370
 941.2 .2253
 941.6 .2176
 942.0 .2093
 942.4 .1943
 942.8 .1803
 943.2 .1674
 943.6 .1549
 944.0 .1529
 944.4 .1517
 944.8 .1417
 945.2 .1341
 945.6 .1311
 946.0 .1261
 946.4 .1131
 946.8 .0957
 947.2 .0797
 947.6 .0653
 948.0 .0655
 948.4 .0862
 948.8 .1035
 949.2 .1084
 949.6 .1102
 950.0 .1051
 950.4 .0941
 950.8 .0795
 951.2 .0633
 951.6 .0517
 952.0 .0550
 952.4 .0713
 952.8 .0838
 953.2 .0877
 953.6 .0901
 954.0 .0917
 954.4 .0900
 954.8 .0854
 955.2 .0788
 955.6 .0742
 956.0 .0707
 956.4 .0656
 956.8 .0582
 957.2 .0516
 957.6 .0517
 958.0 .0571
 958.4 .0596
 958.8 .0552
 959.2 .0481
 959.6 .0431
 960.0 .0406
 960.4 .0374
 960.8 .0331
 961.2 .0297
 961.6 .0279
 962.0 .0257
 962.4 .0233
 962.8 .0210
 963.2 .0190
 963.6 .0181
 964.0 .0179
 964.4 .0179
 964.8 .0174
 965.2 .0163
 965.6 .0154
 966.0 .0153
 966.4 .0152
 966.8 .0149
 967.2 .0145
 967.6 .0147
 968.0 .0150
 968.4 .0148
 968.8 .0145
 969.2 .0145
 969.6 .0147
 970.0 .0145
 970.4 .0141
 970.8 .0134
 971.2 .0134
 971.6 .0139
 972.0 .0143
 972.4 .0144
 972.8 .0142
 973.2 .0142
 973.6 .0146
 974.0 .0146
 974.4 .0144
 974.8 .0146
 975.2 .0151
 975.6 .0161
 976.0 .0164
 976.4 .0163
 976.8 .0164
 977.2 .0169
 977.6 .0168
 978.0 .0169
 978.4 .0173
 978.8 .0171
 979.2 .0167
 979.6 .0163
 980.0 .0161
 980.4 .0157
 980.8 .0151
 981.2 .0149
 981.6 .0148
 982.0 .0143
 982.4 .0134
 982.8 .0125
 983.2 .0122
 983.6 .0121
 984.0 .0120
 984.4 .0118
 984.8 .0117
 985.2 .0116
 985.6 .0114
 986.0 .0112
 986.4 .0111
 986.8 .0113
 987.2 .0107
 987.6 .0103
 988.0 .0099
 988.4 .0099
 988.8 .0103
 989.2 .0109
 989.6 .0112
 990.0 .0113
 990.4 .0110
 990.8 .0107
 991.2 .0105
 991.6 .0104
 992.0 .0107
 992.4 .0102
 992.8 .0102
 993.2 .0105
 993.6 .0106
 994.0 .0103
 994.4 .0111
 994.8 .0121
 995.2 .0122
 995.6 .0118
 996.0 .0107
 996.4 .0110
 996.8 .0112
 997.2 .0110
 997.6 .0107
 998.0 .0115
 998.4 .0116
 998.8 .0116
 999.2 .0116
 999.6 .0118
1000.0 .0123
1000.4 .0119
1000.8 .0117
1001.2 .0116
1001.6 .0118
1002.0 .0114
1002.4 .0117
1002.8 .0118
1003.2 .0118
1003.6 .0118
1004.0 .0119
1004.4 .0115
1004.8 .0116
1005.2 .0116
1005.6 .0103
1006.0 .0094
1006.4 .0080
1006.8 .0075
1007.2 .0080
1007.6 .0089
1008.0 .0091
1008.4 .0088
1008.8 .0084
1009.2 .0089
1009.6 .0100
1010.0 .0091
1010.4 .0084
1010.8 .0084
1011.2 .0087
1011.6 .0077
1012.0 .0082
1012.4 .0087
1012.8 .0085
1013.2 .0081
1013.6 .0092
1014.0 .0098
1014.4 .0090
1014.8 .0087
1015.2 .0087
1015.6 .0094
1016.0 .0098
1016.4 .0100
1016.8 .0099
1017.2 .0085
1017.6 .0088
1018.0 .0101
1018.4 .0114
1018.8 .0110
1019.2 .0112
1019.6 .0108
1020.0 .0113
1020.4 .0119
1020.8 .0097
1021.2 .0094
1021.6 .0097
1022.0 .0117
1022.4 .0117
1022.8 .0097
1023.2 .0089
1023.6 .0092
1024.0 .0105
1024.4 .0117
1024.8 .0109
1025.2 .0100
1025.6 .0102
1026.0 .0103
1026.4 .0112
1026.8 .0099
1027.2 .0097
1027.6 .0110
1028.0 .0098
1028.4 .0114
1028.8 .0119
1029.2 .0104
1029.6 .0086
1030.0 .0106
1030.4 .0126
1030.8 .0127
1031.2 .0100
1031.6 .0103
1032.0 .0140
1032.4 .0153
1032.8 .0105
1033.2 .0095
1033.6 .0109
1034.0 .0122
1034.4 .0146
1034.8 .0133
1035.2 .0130
1035.6 .0148
1036.0 .0138
1036.4 .0135
1036.8 .0128
1037.2 .0147
1037.6 .0170
1038.0 .0202
1038.4 .0226
1038.8 .0221
1039.2 .0188
1039.6 .0211
1040.0 .0192
1040.4 .0239
1040.8 .0236
1041.2 .0192
1041.6 .0216
1042.0 .0268
1042.4 .0274
1042.8 .0318
1043.2 .0363
1043.6 .0370
1044.0 .0427
1044.4 .0432
1044.8 .0395
1045.2 .0397
1045.6 .0445
1046.0 .0459
1046.4 .0500
1046.8 .0512
1047.2 .0575
1047.6 .0599
1048.0 .0613
1048.4 .0675
1048.8 .0708
1049.2 .0704
1049.6 .0710
1050.0 .0748
