3004 .2601
3008 .2604
3012 .2576
3016 .2539
3020 .2573
3024 .2614
3028 .2633
3032 .2631
3036 .2600
3040 .2572
3044 .2582
3048 .2557
3052 .2539
3056 .2528
3060 .2534
3064 .2537
3068 .2539
3072 .2546
3076 .2554
3080 .2568
3084 .2571
3088 .2559
3092 .2528
3096 .2517
3100 .2529
3104 .2491
3108 .2453
3112 .2447
3116 .2442
3120 .2426
3124 .2411
3128 .2415
3132 .2414
3136 .2391
3140 .2383
3144 .2409
3148 .2383
3152 .2375
3156 .2410
3160 .2411
3164 .2367
3168 .2360
3172 .2358
3176 .2370
3180 .2388
3184 .2359
3188 .2333
3192 .2352
3196 .2349
3200 .2320
3204 .2307
3208 .2325
3212 .2358
3216 .2330
3220 .2313
3224 .2331
3228 .2330
3232 .2298
3236 .2297
3240 .2281
3244 .2280
3248 .2292
3252 .2273
3256 .2244
3260 .2246
3264 .2254
3268 .2243
3272 .2245
3276 .2238
3280 .2244
3284 .2235
3288 .2230
3292 .2208
3296 .2216
3300 .2223
3304 .2251
3308 .2245
3312 .2217
3316 .2214
3320 .2211
3324 .2223
3328 .2216
3332 .2218
3336 .2226
3340 .2200
3344 .2177
3348 .2181
3352 .2179
3356 .2177
3360 .2229
3364 .2187
3368 .2192
3372 .2194
3376 .2153
3380 .2175
3384 .2154
3388 .2148
3392 .2160
3396 .2140
3400 .2120
3404 .2134
3408 .2137
3412 .2132
3416 .2141
3420 .2115
3424 .2130
3428 .2115
3432 .2108
3436 .2119
3440 .2153
3444 .2148
3448 .2102
3452 .2098
3456 .2101
3460 .2111
3464 .2086
3468 .2086
3472 .2094
3476 .2112
3480 .2070
3484 .2075
3488 .2073
3492 .2091
3496 .2072
3500 .2052
3504 .2051
3508 .2064
3512 .2068
3516 .2057
3520 .2058
3524 .2090
3528 .2059
3532 .2042
3536 .2043
3540 .2040
3544 .2039
3548 .2037
3552 .2043
3556 .2043
3560 .2033
3564 .2048
3568 .2082
3572 .2065
3576 .2052
3580 .2089
3584 .2085
3588 .2053
3592 .2023
3596 .2026
3600 .2026
3604 .2053
3608 .2059
3612 .2047
3616 .2034
3620 .2042
3624 .2009
3628 .2013
3632 .2043
3636 .2015
3640 .2011
3644 .2035
3648 .2039
3652 .2011
3656 .2001
3660 .1999
3664 .2003
3668 .2002
3672 .2007
3676 .2013
3680 .2022
3684 .2010
3688 .2017
3692 .1998
3696 .2008
3700 .2007
3704 .2035
3708 .2035
3712 .2000
3716 .2013
3720 .2056
3724 .2028
3728 .2024
3732 .2051
3736 .2074
3740 .2035
3744 .2073
3748 .2081
3752 .2031
3756 .2024
3760 .2059
3764 .2046
3768 .2045
3772 .2027
3776 .2025
3780 .2030
3784 .2034
3788 .2054
3792 .2053
3796 .2062
3800 .2048
3804 .2028
3808 .2050
3812 .2060
3816 .2095
3820 .2093
3824 .2106
3828 .2126
3832 .2117
3836 .2121
3840 .2100
3844 .2065
3848 .2070
3852 .2082
3856 .2096
3860 .2110
3864 .2087
3868 .2101
3872 .2109
3876 .2093
3880 .2117
3884 .2114
3888 .2124
3892 .2110
3896 .2125
3900 .2141
3904 .2145
3908 .2130
3912 .2123
3916 .2140
3920 .2155
3924 .2169
3928 .2214
3932 .2262
3936 .2224
3940 .2190
3944 .2199
3948 .2191
3952 .2192
3956 .2205
3960 .2228
3964 .2286
3968 .2306
3972 .2242
3976 .2212
3980 .2213
3984 .2221
3988 .2218
3992 .2220
3996 .2231
4000 .2240
4004 .2249
4008 .2258
4012 .2253
4016 .2260
4020 .2259
4024 .2264
4028 .2277
4032 .2302
4036 .2301
4040 .2312
4044 .2335
4048 .2336
4052 .2332
4056 .2352
4060 .2355
4064 .2369
4068 .2366
4072 .2383
4076 .2390
4080 .2392
4084 .2386
4088 .2393
4092 .2402
4096 .2424
4100 .2434
4104 .2431
4108 .2431
4112 .2453
4116 .2458
4120 .2470
4124 .2478
4128 .2493
4132 .2506
4136 .2510
4140 .2521
4144 .2547
4148 .2542
4152 .2559
4156 .2561
4160 .2560
4164 .2568
4168 .2587
4172 .2599
4176 .2607
4180 .2618
4184 .2631
4188 .2637
4192 .2641
4196 .2660
4200 .2672
4204 .2663
4208 .2672
4212 .2687
4216 .2696
4220 .2711
4224 .2735
4228 .2752
4232 .2735
4236 .2761
4240 .2754
4244 .2760
4248 .2778
4252 .2793
4256 .2801
4260 .2809
4264 .2807
4268 .2829
4272 .2856
4276 .2845
4280 .2856
4284 .2871
4288 .2875
4292 .2886
4296 .2899
4300 .2934
4304 .2940
4308 .2959
4312 .2942
4316 .2921
4320 .2948
4324 .2971
4328 .2959
4332 .2956
4336 .2975
4340 .2996
4344 .2977
4348 .3004
4352 .3032
4356 .3027
4360 .3040
4364 .3042
4368 .3053
4372 .3065
4376 .3081
4380 .3098
4384 .3136
4388 .3121
4392 .3131
4396 .3130
4400 .3143
4404 .3149
4408 .3145
4412 .3149
4416 .3167
4420 .3170
4424 .3188
4428 .3200
4432 .3217
4436 .3220
4440 .3216
4444 .3237
4448 .3238
4452 .3261
4456 .3277
4460 .3282
4464 .3298
4468 .3295
4472 .3301
4476 .3312
4480 .3328
4484 .3339
4488 .3333
4492 .3354
4496 .3361
4500 .3358
4504 .3370
4508 .3373
4512 .3382
4516 .3398
4520 .3401
4524 .3418
4528 .3445
4532 .3441
4536 .3446
4540 .3444
4544 .3460
4548 .3474
4552 .3476
4556 .3484
4560 .3491
4564 .3493
4568 .3501
4572 .3509
4576 .3513
4580 .3535
4584 .3539
4588 .3540
4592 .3553
4596 .3559
4600 .3567
4604 .3580
4608 .3583
4612 .3592
4616 .3602
4620 .3606
4624 .3613
4628 .3622
4632 .3628
4636 .3642
4640 .3648
4644 .3653
4648 .3673
4652 .3664
4656 .3668
4660 .3673
4664 .3692
4668 .3708
4672 .3704
4676 .3712
4680 .3718
4684 .3725
4688 .3733
4692 .3739
4696 .3740
4700 .3753
4704 .3768
4708 .3772
4712 .3773
4716 .3777
4720 .3774
4724 .3788
4728 .3799
4732 .3805
4736 .3810
4740 .3823
4744 .3824
4748 .3824
4752 .3831
4756 .3842
4760 .3846
4764 .3862
4768 .3866
4772 .3866
4776 .3871
4780 .3878
4784 .3889
4788 .3895
4792 .3896
4796 .3894
4800 .3907
4804 .3907
4808 .3917
4812 .3917
4816 .3917
4820 .3918
4824 .3933
4828 .3935
4832 .3941
4836 .3942
4840 .3947
4844 .3932
4848 .3912
4852 .3911
4856 .3929
4860 .3932
4864 .3954
4868 .3977
4872 .4016
4876 .4013
4880 .4027
4884 .4042
4888 .4056
4892 .4065
4896 .4051
4900 .4059
4904 .4066
4908 .4069
4912 .4082
4916 .4084
4920 .4112
4924 .4098
4928 .4104
4932 .4112
4936 .4116
4940 .4124
4944 .4117
4948 .4122
4952 .4133
4956 .4143
4960 .4151
4964 .4153
4968 .4166
4972 .4161
4976 .4168
4980 .4179
4984 .4187
4988 .4181
4992 .4193
4996 .4192
5000 .4200
5004 .4204
5008 .4217
5012 .4221
5016 .4236
5020 .4236
5024 .4241
5028 .4246
5032 .4246
5036 .4256
5040 .4262
5044 .4272
5048 .4271
5052 .4280
5056 .4271
5060 .4280
5064 .4279
5068 .4286
5072 .4288
5076 .4294
5080 .4299
5084 .4301
5088 .4298
5092 .4303
5096 .4305
5100 .4320
5104 .4313
5108 .4328
5112 .4330
5116 .4337
5120 .4350
5124 .4364
5128 .4368
5132 .4369
5136 .4375
5140 .4395
5144 .4399
5148 .4402
5152 .4404
5156 .4403
5160 .4400
5164 .4412
5168 .4456
5172 .4462
5176 .4465
5180 .4459
5184 .4495
5188 .4463
5192 .4469
5196 .4456
5200 .4454
5204 .4469
5208 .4479
5212 .4471
5216 .4473
5220 .4471
5224 .4471
5228 .4494
5232 .4487
5236 .4502
5240 .4490
5244 .4499
5248 .4507
5252 .4517
5256 .4518
5260 .4517
5264 .4542
5268 .4558
5272 .4573
5276 .4566
5280 .4561
5284 .4572
5288 .4559
5292 .4562
5296 .4564
5300 .4579
5304 .4579
5308 .4583
5312 .4582
5316 .4584
5320 .4586
5324 .4599
5328 .4615
5332 .4617
5336 .4614
5340 .4615
5344 .4620
5348 .4621
5352 .4619
5356 .4617
5360 .4604
5364 .4597
5368 .4597
5372 .4615
5376 .4601
5380 .4590
5384 .4586
5388 .4584
5392 .4584
5396 .4570
5400 .4560
5404 .4542
5408 .4535
5412 .4507
5416 .4475
5420 .4442
5424 .4428
5428 .4422
5432 .4431
5436 .4447
5440 .4482
5444 .4519
5448 .4576
5452 .4614
5456 .4670
5460 .4696
5464 .4731
5468 .4747
5472 .4768
5476 .4783
5480 .4798
5484 .4810
5488 .4805
5492 .4797
5496 .4792
5500 .4785
5504 .4782
5508 .4789
5512 .4800
5516 .4816
5520 .4814
5524 .4800
5528 .4803
5532 .4819
5536 .4835
5540 .4839
5544 .4845
5548 .4854
5552 .4859
5556 .4869
5560 .4875
5564 .4889
5568 .4899
5572 .4907
5576 .4918
5580 .4924
5584 .4921
5588 .4928
5592 .4942
5596 .4961
5600 .4957
5604 .4968
5608 .4973
5612 .4968
5616 .4965
5620 .4973
5624 .4980
5628 .4991
5632 .4995
5636 .4991
5640 .4992
5644 .5009
5648 .5012
5652 .5016
5656 .5012
5660 .5016
5664 .5023
5668 .5029
5672 .5031
5676 .5027
5680 .5020
5684 .5021
5688 .5024
5692 .5032
5696 .5037
5700 .5034
5704 .5037
5708 .5033
5712 .5039
5716 .5045
5720 .5045
5724 .5036
5728 .5031
5732 .5022
5736 .5019
5740 .5018
5744 .5013
5748 .5008
5752 .5001
5756 .5010
5760 .5005
5764 .5017
5768 .5029
5772 .5040
5776 .5044
5780 .5050
5784 .5069
5788 .5093
5792 .5108
5796 .5116
5800 .5139
5804 .5147
5808 .5158
5812 .5165
5816 .5177
5820 .5190
5824 .5199
5828 .5203
5832 .5207
5836 .5211
5840 .5219
5844 .5221
5848 .5222
5852 .5224
5856 .5228
5860 .5240
5864 .5248
5868 .5252
5872 .5250
5876 .5248
5880 .5251
5884 .5273
5888 .5262
5892 .5281
5896 .5276
5900 .5299
5904 .5295
5908 .5288
5912 .5277
5916 .5278
5920 .5284
5924 .5287
5928 .5274
5932 .5272
5936 .5277
5940 .5279
5944 .5274
5948 .5260
5952 .5259
5956 .5256
5960 .5252
5964 .5255
5968 .5270
5972 .5274
5976 .5271
5980 .5283
5984 .5290
5988 .5300
5992 .5308
5996 .5311
6000 .5325
6004 .5340
6008 .5344
6012 .5349
6016 .5359
6020 .5357
6024 .5357
6028 .5359
6032 .5362
6036 .5363
6040 .5371
6044 .5383
6048 .5392
6052 .5388
6056 .5375
6060 .5372
6064 .5364
6068 .5361
6072 .5364
6076 .5359
6080 .5345
6084 .5332
6088 .5331
6092 .5332
6096 .5338
6100 .5328
6104 .5318
6108 .5301
6112 .5289
6116 .5261
6120 .5217
6124 .5172
6128 .5111
6132 .5033
6136 .4935
6140 .4880
6144 .4823
6148 .4776
6152 .4760
6156 .4742
6160 .4685
6164 .4666
6168 .4647
6172 .4573
6176 .4428
6180 .4298
6184 .4201
6188 .4155
6192 .4129
6196 .4133
6200 .4170
6204 .4240
6208 .4325
6212 .4361
6216 .4416
6220 .4526
6224 .4650
6228 .4737
6232 .4834
6236 .4937
6240 .5038
6244 .5114
6248 .5187
6252 .5239
6256 .5292
6260 .5344
6264 .5388
6268 .5421
6272 .5429
6276 .5427
6280 .5457
6284 .5494
6288 .5520
6292 .5524
6296 .5540
6300 .5545
6304 .5565
6308 .5588
6312 .5591
6316 .5589
6320 .5594
6324 .5605
6328 .5612
6332 .5605
6336 .5593
6340 .5593
6344 .5593
6348 .5601
6352 .5593
6356 .5590
6360 .5584
6364 .5591
6368 .5592
6372 .5593
6376 .5600
6380 .5599
6384 .5586
6388 .5584
6392 .5577
6396 .5583
6400 .5575
6404 .5581
6408 .5577
6412 .5562
6416 .5557
6420 .5538
6424 .5525
6428 .5506
6432 .5486
6436 .5459
6440 .5444
6444 .5433
6448 .5420
6452 .5435
6456 .5467
6460 .5501
6464 .5522
6468 .5506
6472 .5478
6476 .5467
6480 .5479
6484 .5495
6488 .5499
6492 .5487
6496 .5493
6500 .5510
6504 .5527
6508 .5527
6512 .5530
6516 .5545
6520 .5564
6524 .5567
6528 .5578
6532 .5574
6536 .5569
6540 .5564
6544 .5561
6548 .5574
6552 .5579
6556 .5568
6560 .5503
6564 .5521
6568 .5554
6572 .5573
6576 .5563
6580 .5543
6584 .5536
6588 .5532
6592 .5512
6596 .5528
6600 .5541
6604 .5534
6608 .5524
6612 .5519
6616 .5508
6620 .5499
6624 .5476
6628 .5462
6632 .5441
6636 .5455
6640 .5445
6644 .5441
6648 .5457
6652 .5443
6656 .5405
6660 .5355
6664 .5332
6668 .5343
6672 .5367
6676 .5365
6680 .5375
6684 .5391
6688 .5403
6692 .5426
6696 .5459
6700 .5499
6704 .5538
6708 .5573
6712 .5584
6716 .5612
6720 .5666
6724 .5705
6728 .5750
6732 .5775
6736 .5785
6740 .5799
6744 .5824
6748 .5858
6752 .5909
6756 .5935
6760 .5942
6764 .5936
6768 .5938
6772 .5960
6776 .5986
6780 .5999
6784 .5990
6788 .5960
6792 .5909
6796 .5879
6800 .5873
6804 .5874
6808 .5872
6812 .5850
6816 .5803
6820 .5739
6824 .5695
6828 .5693
6832 .5729
6836 .5747
6840 .5740
6844 .5762
6848 .5778
6852 .5771
6856 .5800
6860 .5788
6864 .5853
6868 .5752
6872 .5741
6876 .5916
6880 .5900
6884 .5822
6888 .5825
6892 .5863
6896 .5915
6900 .5932
6904 .5916
6908 .5912
6912 .5891
6916 .5900
6920 .5907
6924 .5877
6928 .5854
6932 .5840
6936 .5829
6940 .5820
6944 .5817
6948 .5807
6952 .5770
6956 .5728
6960 .5696
6964 .5661
6968 .5603
6972 .5562
6976 .5537
6980 .5525
6984 .5491
6988 .5450
6992 .5383
6996 .5293
7000 .5227
7004 .5181
7008 .5149
7012 .5083
7016 .5037
7020 .5004
7024 .4974
7028 .5023
7032 .5065
7036 .5081
7040 .5053
7044 .5013
7048 .5060
7052 .5187
7056 .5300
7060 .5325
7064 .5308
7068 .5301
7072 .5338
7076 .5396
7080 .5457
7084 .5496
7088 .5519
7092 .5504
7096 .5490
7100 .5502
7104 .5555
7108 .5623
7112 .5661
7116 .5662
7120 .5626
7124 .5601
7128 .5587
7132 .5627
7136 .5663
7140 .5659
7144 .5633
7148 .5573
7152 .5496
7156 .5383
7160 .5258
7164 .5078
7168 .4917
7172 .4715
7176 .4548
7180 .4408
7184 .4241
7188 .4167
7192 .4029
7196 .3855
7200 .3675
7204 .3596
7208 .3580
7212 .3523
7216 .3432
7220 .3391
7224 .3391
7228 .3337
7232 .3217
7236 .3112
7240 .2969
7244 .2819
7248 .2547
7252 .2284
7256 .2142
7260 .2143
7264 .2212
7268 .2120
7272 .1932
7276 .1916
7280 .2080
7284 .2311
7288 .2456
7292 .2511
7296 .2560
7300 .2616
7304 .2760
7308 .2967
7312 .3175
7316 .3315
7320 .3413
7324 .3450
7328 .3504
7332 .3618
7336 .3807
7340 .3937
7344 .4066
7348 .4204
7352 .4265
7356 .4371
7360 .4568
7364 .4649
7368 .4645
7372 .4747
7376 .4889
7380 .4979
7384 .5071
7388 .5170
7392 .5264
7396 .5350
7400 .5421
7404 .5479
7408 .5532
7412 .5609
7416 .5637
7420 .5668
7424 .5723
7428 .5748
7432 .5784
7436 .5822
7440 .5839
7444 .5839
7448 .5843
7452 .5848
7456 .5864
7460 .5865
7464 .5890
7468 .5865
7472 .5843
7476 .5848
7480 .5840
7484 .5836
7488 .5849
7492 .5845
7496 .5843
7500 .5821
7504 .5811
7508 .5816
7512 .5834
7516 .5846
7520 .5831
7524 .5820
7528 .5804
7532 .5804
7536 .5811
7540 .5794
7544 .5775
7548 .5778
7552 .5776
7556 .5777
7560 .5755
7564 .5729
7568 .5705
7572 .5685
7576 .5663
7580 .5642
7584 .5641
7588 .5651
7592 .5613
7596 .5456
7600 .5447
7604 .5415
7608 .5407
7612 .5485
7616 .5542
7620 .5400
7624 .5382
7628 .5353
7632 .5343
7636 .5377
7640 .5388
7644 .5350
7648 .5341
7652 .5345
7656 .5359
7660 .5385
7664 .5347
7668 .5298
7672 .5266
7676 .5323
7680 .5372
7684 .5362
7688 .5342
7692 .5346
7696 .5352
7700 .5374
7704 .5354
7708 .5335
7712 .5328
7716 .5334
7720 .5327
7724 .5280
7728 .5184
7732 .5103
7736 .5086
7740 .5128
7744 .5180
7748 .5176
7752 .5143
7756 .5077
7760 .5034
7764 .5016
7768 .5015
7772 .5004
7776 .4981
7780 .4924
7784 .4873
7788 .4820
7792 .4776
7796 .4671
7800 .4582
7804 .4455
7808 .4316
7812 .4263
7816 .4241
7820 .4225
7824 .4219
7828 .4198
7832 .4129
7836 .3983
7840 .3920
7844 .4105
7848 .4336
7852 .4396
7856 .4335
7860 .4273
7864 .4278
7868 .4312
7872 .4363
7876 .4400
7880 .4440
7884 .4475
7888 .4498
7892 .4521
7896 .4533
7900 .4554
7904 .4562
7908 .4525
7912 .4497
7916 .4419
7920 .4322
7924 .4221
7928 .4137
7932 .4114
7936 .4171
7940 .4184
7944 .4078
7948 .3993
7952 .3937
7956 .3920
7960 .3937
7964 .3952
7968 .3884
7972 .3816
7976 .3799
7980 .3804
7984 .3823
7988 .3830
7992 .3829
7996 .3918
8000 .4003
8004 .4007
8008 .4086
8012 .4158
8016 .4087
8020 .4074
8024 .4175
8028 .4257
8032 .4313
8036 .4369
8040 .4378
8044 .4379
8048 .4456
8052 .4498
8056 .4525
8060 .4574
8064 .4642
8068 .4726
8072 .4799
8076 .4822
8080 .4834
8084 .4872
8088 .4861
8092 .4801
8096 .4841
8100 .4901
8104 .4921
8108 .4916
8112 .4958
8116 .5044
8120 .5092
8124 .5137
8128 .5146
8132 .5154
8136 .5224
8140 .5248
8144 .5264
8148 .5242
8152 .5268
8156 .5313
8160 .5299
8164 .5358
8168 .5376
8172 .5426
8176 .5373
8180 .5442
8184 .5450
8188 .5478
8192 .5453
8196 .5458
8200 .5524
8204 .5553
8208 .5567
8212 .5575
8216 .5585
8220 .5570
8224 .5527
8228 .5534
8232 .5652
8236 .5647
8240 .5605
8244 .5634
8248 .5627
8252 .5600
8256 .5568
8260 .5590
8264 .5616
8268 .5628
8272 .5594
8276 .5616
8280 .5655
8284 .5668
8288 .5651
8292 .5666
8296 .5677
8300 .5685
8304 .5721
8308 .5753
8312 .5735
8316 .5714
8320 .5718
8324 .5714
8328 .5653
8332 .5622
8336 .5581
8340 .5551
8344 .5479
8348 .5353
8352 .5239
8356 .5120
8360 .5015
8364 .4906
8368 .4819
8372 .4710
8376 .4644
8380 .4490
8384 .4265
8388 .4155
8392 .4251
8396 .4392
8400 .4456
8404 .4373
8408 .4192
8412 .3971
8416 .3876
8420 .3966
8424 .4260
8428 .4633
8432 .4708
8436 .4616
8440 .4459
8444 .4400
8448 .4534
8452 .4712
8456 .4857
8460 .4959
8464 .4992
8468 .4994
8472 .4980
8476 .4957
8480 .4984
8484 .5020
8488 .5088
8492 .5171
8496 .5140
8500 .5118
8504 .5027
8508 .5011
8512 .4956
8516 .4917
8520 .4861
8524 .4768
8528 .4694
8532 .4562
8536 .4426
8540 .4314
8544 .4227
8548 .4029
8552 .4032
8556 .4029
8560 .3884
8564 .3705
8568 .3550
8572 .3344
8576 .3170
8580 .3056
8584 .2971
8588 .2951
8592 .2919
8596 .2819
8600 .2655
8604 .2443
8608 .2294
8612 .2177
8616 .2034
8620 .1880
8624 .1822
8628 .1865
8632 .1888
8636 .1842
8640 .1829
8644 .1883
8648 .1924
8652 .1932
8656 .1990
8660 .2098
8664 .2179
8668 .2163
8672 .2263
8676 .2443
8680 .2663
8684 .2793
8688 .2885
8692 .2971
8696 .3003
8700 .3077
8704 .3142
8708 .3232
8712 .3361
8716 .3494
8720 .3617
8724 .3682
8728 .3726
8732 .3823
8736 .3878
8740 .3831
8744 .3777
8748 .3821
8752 .3866
8756 .3822
8760 .3769
8764 .3754
8768 .3721
8772 .3662
8776 .3597
8780 .3508
8784 .3486
8788 .3411
8792 .3236
8796 .2950
8800 .2525
8804 .2128
8808 .1885
8812 .1603
8816 .1188
8820 .0814
8824 .0620
8828 .0530
8832 .0454
8836 .0399
8840 .0421
8844 .0530
8848 .0681
8852 .0755
8856 .0729
8860 .0676
8864 .0561
8868 .0368
8872 .0237
8876 .0246
8880 .0310
8884 .0400
8888 .0500
8892 .0517
8896 .0511
8900 .0530
8904 .0497
8908 .0478
8912 .0482
8916 .0523
8920 .0588
8924 .0581
8928 .0554
8932 .0537
8936 .0468
8940 .0414
8944 .0427
8948 .0457
8952 .0464
8956 .0440
8960 .0446
8964 .0547
8968 .0719
8972 .0851
8976 .0899
8980 .0879
8984 .0843
8988 .0793
8992 .0827
8996 .0889
9000 .0965
9004 .1090
9008 .1217
9012 .1331
9016 .1444
9020 .1570
9024 .1643
9028 .1727
9032 .1902
9036 .2151
9040 .2346
9044 .2441
9048 .2512
9052 .2716
9056 .2934
9060 .3046
9064 .3181
9068 .3312
9072 .3472
9076 .3593
9080 .3701
9084 .3807
9088 .3891
9092 .4041
9096 .4156
9100 .4207
9104 .4189
9108 .4134
9112 .4037
9116 .3949
9120 .3954
9124 .3890
9128 .3794
9132 .3779
9136 .3884
9140 .4038
9144 .4096
9148 .4120
9152 .4140
9156 .4196
9160 .4162
9164 .4132
9168 .4209
9172 .4329
9176 .4486
9180 .4593
9184 .4630
9188 .4644
9192 .4648
9196 .4675
9200 .4696
9204 .4734
9208 .4794
9212 .4845
9216 .4898
9220 .4944
9224 .4965
9228 .4983
9232 .5009
9236 .5037
9240 .5074
9244 .5112
9248 .5153
9252 .5175
9256 .5169
9260 .5154
9264 .5154
9268 .5170
9272 .5195
9276 .5214
9280 .5238
9284 .5266
9288 .5291
9292 .5302
9296 .5309
9300 .5321
9304 .5339
9308 .5352
9312 .5357
9316 .5345
9320 .5339
9324 .5326
9328 .5320
9332 .5312
9336 .5350
9340 .5434
9344 .5497
9348 .5487
9352 .5459
9356 .5435
9360 .5422
9364 .5410
9368 .5392
9372 .5404
9376 .5445
9380 .5483
9384 .5518
9388 .5532
9392 .5500
9396 .5470
9400 .5469
9404 .5489
9408 .5513
9412 .5527
9416 .5518
9420 .5484
9424 .5459
9428 .5431
9432 .5394
9436 .5385
9440 .5395
9444 .5409
9448 .5394
9452 .5354
9456 .5336
9460 .5310
9464 .5230
9468 .5104
9472 .4968
9476 .4865
9480 .4835
9484 .4899
9488 .5013
9492 .5128
9496 .5230
9500 .5285
9504 .5228
9508 .5051
9512 .4877
9516 .4779
9520 .4801
9524 .4915
9528 .5041
9532 .5114
9536 .5128
9540 .5132
9544 .5123
9548 .5101
9552 .5029
9556 .5001
9560 .4960
9564 .4897
9568 .4842
9572 .4755
9576 .4704
9580 .4727
9584 .4755
9588 .4691
9592 .4667
9596 .4593
9600 .4522
9604 .4423
9608 .4309
9612 .4165
9616 .4043
9620 .3889
9624 .3683
9628 .3451
9632 .3208
9636 .3027
9640 .2983
9644 .2961
9648 .2895
9652 .2723
9656 .2585
9660 .2483
9664 .2437
9668 .2418
9672 .2471
9676 .2541
9680 .2587
9684 .2596
9688 .2501
9692 .2382
9696 .2333
9700 .2272
9704 .2054
9708 .1726
9712 .1659
9716 .1904
9720 .2148
9724 .2301
9728 .2408
9732 .2385
9736 .2289
9740 .2215
9744 .2173
9748 .2246
9752 .2360
9756 .2499
9760 .2607
9764 .2611
9768 .2630
9772 .2623
9776 .2550
9780 .2512
9784 .2611
9788 .2598
9792 .2514
9796 .2489
9800 .2491
9804 .2415
9808 .2211
9812 .2122
9816 .2025
9820 .1842
9824 .1739
9828 .1632
9832 .1394
9836 .1280
9840 .1313
9844 .1290
9848 .1326
9852 .1485
9856 .1490
9860 .1444
9864 .1446
9868 .1380
9872 .1297
9876 .1124
9880 .0926
9884 .0824
9888 .0794
9892 .0875
9896 .1032
9900 .1092
9904 .1056
9908 .1084
9912 .1143
9916 .1150
9920 .1168
9924 .1250
9928 .1330
9932 .1281
9936 .1229
9940 .1282
9944 .1299
9948 .1323
9952 .1313
9956 .1215
9960 .1114
9964 .1080
9968 .1241
9972 .1530
9976 .1665
9980 .1734
9984 .1648
9988 .1344
9992 .1319
9996 .1630
10000 .1833