3004 .5251
3008 .5296
3012 .5324
3016 .5288
3020 .5321
3024 .5320
3028 .5286
3032 .5285
3036 .5277
3040 .5285
3044 .5323
3048 .5261
3052 .5226
3056 .5238
3060 .5306
3064 .5341
3068 .5332
3072 .5333
3076 .5361
3080 .5408
3084 .5449
3088 .5476
3092 .5467
3096 .5462
3100 .5426
3104 .5300
3108 .5190
3112 .5190
3116 .5229
3120 .5247
3124 .5216
3128 .5191
3132 .5177
3136 .5150
3140 .5197
3144 .5310
3148 .5283
3152 .5216
3156 .5279
3160 .5353
3164 .5273
3168 .5209
3172 .5189
3176 .5207
3180 .5274
3184 .5290
3188 .5230
3192 .5214
3196 .5224
3200 .5184
3204 .5174
3208 .5260
3212 .5345
3216 .5270
3220 .5224
3224 .5288
3228 .5334
3232 .5321
3236 .5285
3240 .5241
3244 .5215
3248 .5227
3252 .5195
3256 .5126
3260 .5086
3264 .5086
3268 .5076
3272 .5080
3276 .5095
3280 .5161
3284 .5176
3288 .5148
3292 .5117
3296 .5137
3300 .5170
3304 .5252
3308 .5280
3312 .5233
3316 .5222
3320 .5230
3324 .5267
3328 .5280
3332 .5320
3336 .5368
3340 .5335
3344 .5230
3348 .5208
3352 .5229
3356 .5267
3360 .5389
3364 .5401
3368 .5372
3372 .5378
3376 .5287
3380 .5271
3384 .5252
3388 .5193
3392 .5238
3396 .5219
3400 .5133
3404 .5138
3408 .5163
3412 .5196
3416 .5234
3420 .5188
3424 .5167
3428 .5147
3432 .5135
3436 .5210
3440 .5382
3444 .5440
3448 .5262
3452 .5152
3456 .5171
3460 .5246
3464 .5245
3468 .5220
3472 .5260
3476 .5283
3480 .5191
3484 .5150
3488 .5198
3492 .5252
3496 .5234
3500 .5133
3504 .5067
3508 .5114
3512 .5170
3516 .5149
3520 .5143
3524 .5226
3528 .5202
3532 .5111
3536 .5075
3540 .5084
3544 .5090
3548 .5083
3552 .5108
3556 .5124
3560 .5115
3564 .5201
3568 .5315
3572 .5352
3576 .5348
3580 .5433
3584 .5517
3588 .5396
3592 .5249
3596 .5153
3600 .5127
3604 .5214
3608 .5314
3612 .5288
3616 .5222
3620 .5222
3624 .5164
3628 .5092
3632 .5126
3636 .5155
3640 .5149
3644 .5205
3648 .5239
3652 .5155
3656 .5073
3660 .5043
3664 .5043
3668 .5086
3672 .5139
3676 .5173
3680 .5158
3684 .5171
3688 .5194
3692 .5146
3696 .5125
3700 .5168
3704 .5263
3708 .5294
3712 .5197
3716 .5204
3720 .5349
3724 .5346
3728 .5265
3732 .5359
3736 .5496
3740 .5467
3744 .5483
3748 .5558
3752 .5398
3756 .5288
3760 .5346
3764 .5402
3768 .5340
3772 .5250
3776 .5217
3780 .5188
3784 .5183
3788 .5246
3792 .5334
3796 .5354
3800 .5309
3804 .5278
3808 .5288
3812 .5350
3816 .5469
3820 .5572
3824 .5727
3828 .5853
3832 .5866
3836 .5828
3840 .5678
3844 .5459
3848 .5361
3852 .5408
3856 .5512
3860 .5581
3864 .5510
3868 .5456
3872 .5446
3876 .5409
3880 .5376
3884 .5384
3888 .5388
3892 .5360
3896 .5370
3900 .5398
3904 .5391
3908 .5326
3912 .5282
3916 .5306
3920 .5378
3924 .5452
3928 .5672
3932 .6065
3936 .6066
3940 .5750
3944 .5568
3948 .5484
3952 .5462
3956 .5471
3960 .5552
3964 .5814
3968 .6153
3972 .5899
3976 .5538
3980 .5357
3984 .5280
3988 .5228
3992 .5206
3996 .5252
4000 .5302
4004 .5353
4008 .5340
4012 .5290
4016 .5238
4020 .5176
4024 .5137
4028 .5159
4032 .5259
4036 .5334
4040 .5354
4044 .5426
4048 .5443
4052 .5416
4056 .5382
4060 .5342
4064 .5326
4068 .5359
4072 .5411
4076 .5464
4080 .5462
4084 .5431
4088 .5418
4092 .5435
4096 .5513
4100 .5582
4104 .5555
4108 .5516
4112 .5501
4116 .5474
4120 .5467
4124 .5473
4128 .5486
4132 .5522
4136 .5528
4140 .5551
4144 .5590
4148 .5620
4152 .5621
4156 .5583
4160 .5526
4164 .5504
4168 .5565
4172 .5625
4176 .5647
4180 .5662
4184 .5655
4188 .5636
4192 .5581
4196 .5571
4200 .5599
4204 .5570
4208 .5564
4212 .5584
4216 .5623
4220 .5665
4224 .5771
4228 .5811
4232 .5752
4236 .5728
4240 .5722
4244 .5702
4248 .5734
4252 .5773
4256 .5763
4260 .5748
4264 .5717
4268 .5774
4272 .5873
4276 .5838
4280 .5798
4284 .5813
4288 .5852
4292 .5840
4296 .5898
4300 .6013
4304 .6080
4308 .6123
4312 .5996
4316 .5815
4320 .5777
4324 .5831
4328 .5832
4332 .5750
4336 .5762
4340 .5852
4344 .5806
4348 .5768
4352 .5761
4356 .5717
4360 .5684
4364 .5630
4368 .5603
4372 .5626
4376 .5675
4380 .5764
4384 .5875
4388 .5911
4392 .5822
4396 .5712
4400 .5581
4404 .5399
4408 .5264
4412 .5221
4416 .5261
4420 .5356
4424 .5453
4428 .5620
4432 .5757
4436 .5769
4440 .5794
4444 .5820
4448 .5844
4452 .5859
4456 .5874
4460 .5940
4464 .5944
4468 .5884
4472 .5853
4476 .5845
4480 .5881
4484 .5888
4488 .5872
4492 .5890
4496 .5892
4500 .5862
4504 .5865
4508 .5852
4512 .5865
4516 .5905
4520 .5890
4524 .5897
4528 .5923
4532 .5908
4536 .5879
4540 .5858
4544 .5860
4548 .5894
4552 .5878
4556 .5859
4560 .5840
4564 .5814
4568 .5812
4572 .5809
4576 .5789
4580 .5793
4584 .5757
4588 .5678
4592 .5618
4596 .5562
4600 .5574
4604 .5678
4608 .5777
4612 .5853
4616 .5928
4620 .5962
4624 .5982
4628 .6006
4632 .6018
4636 .6040
4640 .6048
4644 .6057
4648 .6065
4652 .6041
4656 .5995
4660 .5972
4664 .6014
4668 .6066
4672 .6056
4676 .6056
4680 .6071
4684 .6103
4688 .6122
4692 .6108
4696 .6102
4700 .6114
4704 .6120
4708 .6121
4712 .6118
4716 .6095
4720 .6083
4724 .6095
4728 .6120
4732 .6135
4736 .6150
4740 .6143
4744 .6101
4748 .6056
4752 .6049
4756 .6064
4760 .6083
4764 .6096
4768 .6089
4772 .6052
4776 .5991
4780 .5949
4784 .5928
4788 .5901
4792 .5845
4796 .5778
4800 .5727
4804 .5679
4808 .5623
4812 .5554
4816 .5493
4820 .5439
4824 .5418
4828 .5409
4832 .5359
4836 .5288
4840 .5168
4844 .4895
4848 .4591
4852 .4468
4856 .4488
4860 .4573
4864 .4812
4868 .5051
4872 .5277
4876 .5517
4880 .5723
4884 .5936
4888 .6101
4892 .6189
4896 .6211
4900 .6222
4904 .6243
4908 .6273
4912 .6272
4916 .6309
4920 .6346
4924 .6315
4928 .6257
4932 .6237
4936 .6242
4940 .6214
4944 .6154
4948 .6140
4952 .6198
4956 .6258
4960 .6278
4964 .6293
4968 .6302
4972 .6295
4976 .6298
4980 .6324
4984 .6339
4988 .6287
4992 .6235
4996 .6223
5000 .6228
5004 .6217
5008 .6190
5012 .6206
5016 .6221
5020 .6192
5024 .6149
5028 .6106
5032 .6064
5036 .6051
5040 .6068
5044 .6004
5048 .5939
5052 .5900
5056 .5827
5060 .5776
5064 .5746
5068 .5691
5072 .5622
5076 .5550
5080 .5499
5084 .5406
5088 .5308
5092 .5230
5096 .5220
5100 .5216
5104 .5195
5108 .5257
5112 .5360
5116 .5493
5120 .5655
5124 .5826
5128 .5970
5132 .6075
5136 .6187
5140 .6289
5144 .6343
5148 .6360
5152 .6384
5156 .6370
5160 .6344
5164 .6402
5168 .6492
5172 .6490
5176 .6331
5180 .6277
5184 .6315
5188 .6239
5192 .6114
5196 .6027
5200 .5963
5204 .5951
5208 .5929
5212 .5882
5216 .5851
5220 .5820
5224 .5835
5228 .5863
5232 .5879
5236 .5864
5240 .5870
5244 .5911
5248 .5974
5252 .6035
5256 .6072
5260 .6119
5264 .6203
5268 .6267
5272 .6235
5276 .6192
5280 .6186
5284 .6169
5288 .6137
5292 .6107
5296 .6114
5300 .6126
5304 .6091
5308 .6031
5312 .5967
5316 .5897
5320 .5830
5324 .5766
5328 .5689
5332 .5570
5336 .5489
5340 .5462
5344 .5399
5348 .5288
5352 .5180
5356 .5069
5360 .4932
5364 .4778
5368 .4659
5372 .4537
5376 .4383
5380 .4258
5384 .4181
5388 .4124
5392 .4048
5396 .3931
5400 .3803
5404 .3675
5408 .3545
5412 .3394
5416 .3246
5420 .3116
5424 .3031
5428 .3001
5432 .2983
5436 .3028
5440 .3149
5444 .3317
5448 .3565
5452 .3825
5456 .4106
5460 .4413
5464 .4701
5468 .4978
5472 .5238
5476 .5504
5480 .5744
5484 .5910
5488 .6022
5492 .6105
5496 .6170
5500 .6211
5504 .6226
5508 .6234
5512 .6248
5516 .6244
5520 .6221
5524 .6192
5528 .6172
5532 .6131
5536 .6066
5540 .6014
5544 .5968
5548 .5919
5552 .5886
5556 .5860
5560 .5849
5564 .5856
5568 .5860
5572 .5871
5576 .5887
5580 .5899
5584 .5928
5588 .5973
5592 .5998
5596 .6026
5600 .6056
5604 .6055
5608 .6040
5612 .6029
5616 .6027
5620 .6010
5624 .5998
5628 .5993
5632 .5972
5636 .5945
5640 .5915
5644 .5872
5648 .5813
5652 .5761
5656 .5708
5660 .5633
5664 .5539
5668 .5448
5672 .5364
5676 .5285
5680 .5213
5684 .5167
5688 .5134
5692 .5095
5696 .5032
5700 .4962
5704 .4913
5708 .4879
5712 .4821
5716 .4744
5720 .4674
5724 .4615
5728 .4551
5732 .4452
5736 .4341
5740 .4243
5744 .4155
5748 .4081
5752 .4022
5756 .3970
5760 .3955
5764 .3987
5768 .4032
5772 .4059
5776 .4077
5780 .4118
5784 .4197
5788 .4317
5792 .4447
5796 .4571
5800 .4713
5804 .4866
5808 .5014
5812 .5150
5816 .5276
5820 .5377
5824 .5474
5828 .5566
5832 .5647
5836 .5713
5840 .5771
5844 .5827
5848 .5875
5852 .5919
5856 .5956
5860 .5972
5864 .5970
5868 .5964
5872 .5965
5876 .5950
5880 .5939
5884 .5930
5888 .5939
5892 .5906
5896 .5818
5900 .5683
5904 .5554
5908 .5444
5912 .5351
5916 .5252
5920 .5161
5924 .5059
5928 .4948
5932 .4836
5936 .4720
5940 .4609
5944 .4485
5948 .4363
5952 .4301
5956 .4244
5960 .4154
5964 .4142
5968 .4209
5972 .4230
5976 .4216
5980 .4233
5984 .4279
5988 .4321
5992 .4363
5996 .4412
6000 .4493
6004 .4571
6008 .4622
6012 .4678
6016 .4765
6020 .4884
6024 .4983
6028 .5059
6032 .5112
6036 .5139
6040 .5154
6044 .5138
6048 .5094
6052 .5017
6056 .4937
6060 .4841
6064 .4694
6068 .4537
6072 .4406
6076 .4277
6080 .4125
6084 .3970
6088 .3875
6092 .3847
6096 .3830
6100 .3799
6104 .3735
6108 .3620
6112 .3477
6116 .3310
6120 .3123
6124 .2939
6128 .2741
6132 .2504
6136 .2301
6140 .2175
6144 .2053
6148 .1969
6152 .1942
6156 .1918
6160 .1858
6164 .1823
6168 .1800
6172 .1701
6176 .1560
6180 .1441
6184 .1363
6188 .1330
6192 .1310
6196 .1308
6200 .1326
6204 .1371
6208 .1423
6212 .1452
6216 .1501
6220 .1598
6224 .1712
6228 .1839
6232 .1993
6236 .2168
6240 .2374
6244 .2602
6248 .2799
6252 .2975
6256 .3176
6260 .3386
6264 .3550
6268 .3689
6272 .3833
6276 .3982
6280 .4163
6284 .4317
6288 .4422
6292 .4511
6296 .4620
6300 .4730
6304 .4813
6308 .4873
6312 .4901
6316 .4941
6320 .4976
6324 .4989
6328 .5000
6332 .4999
6336 .4996
6340 .4968
6344 .4950
6348 .4934
6352 .4894
6356 .4860
6360 .4824
6364 .4777
6368 .4728
6372 .4692
6376 .4684
6380 .4664
6384 .4608
6388 .4537
6392 .4499
6396 .4473
6400 .4438
6404 .4382
6408 .4304
6412 .4200
6416 .4134
6420 .4091
6424 .4037
6428 .4025
6432 .4054
6436 .4086
6440 .4122
6444 .4160
6448 .4177
6452 .4187
6456 .4187
6460 .4170
6464 .4167
6468 .4187
6472 .4203
6476 .4175
6480 .4099
6484 .4001
6488 .3918
6492 .3887
6496 .3877
6500 .3827
6504 .3768
6508 .3742
6512 .3746
6516 .3761
6520 .3772
6524 .3757
6528 .3714
6532 .3642
6536 .3567
6540 .3478
6544 .3381
6548 .3322
6552 .3278
6556 .3220
6560 .3132
6564 .3077
6568 .3101
6572 .3071
6576 .3036
6580 .2988
6584 .2948
6588 .2922
6592 .2865
6596 .2826
6600 .2835
6604 .2849
6608 .2828
6612 .2789
6616 .2733
6620 .2664
6624 .2593
6628 .2534
6632 .2515
6636 .2521
6640 .2510
6644 .2473
6648 .2449
6652 .2408
6656 .2319
6660 .2233
6664 .2190
6668 .2193
6672 .2206
6676 .2204
6680 .2225
6684 .2290
6688 .2312
6692 .2356
6696 .2431
6700 .2506
6704 .2598
6708 .2685
6712 .2772
6716 .2881
6720 .3003
6724 .3125
6728 .3261
6732 .3379
6736 .3492
6740 .3595
6744 .3644
6748 .3749
6752 .3913
6756 .4062
6760 .4171
6764 .4237
6768 .4314
6772 .4388
6776 .4412
6780 .4424
6784 .4412
6788 .4323
6792 .4159
6796 .3952
6800 .3747
6804 .3615
6808 .3546
6812 .3512
6816 .3405
6820 .3198
6824 .3009
6828 .2940
6832 .2994
6836 .3029
6840 .3053
6844 .3139
6848 .3212
6852 .3188
6856 .3208
6860 .3289
6864 .3352
6868 .3325
6872 .3367
6876 .3520
6880 .3549
6884 .3522
6888 .3496
6892 .3569
6896 .3716
6900 .3792
6904 .3747
6908 .3710
6912 .3723
6916 .3747
6920 .3767
6924 .3745
6928 .3724
6932 .3694
6936 .3643
6940 .3575
6944 .3494
6948 .3415
6952 .3276
6956 .3099
6960 .2935
6964 .2761
6968 .2567
6972 .2451
6976 .2444
6980 .2406
6984 .2317
6988 .2195
6992 .2023
6996 .1831
7000 .1721
7004 .1675
7008 .1627
7012 .1543
7016 .1458
7020 .1387
7024 .1342
7028 .1397
7032 .1476
7036 .1498
7040 .1457
7044 .1408
7048 .1469
7052 .1657
7056 .1813
7060 .1873
7064 .1879
7068 .1902
7072 .1968
7076 .2042
7080 .2119
7084 .2214
7088 .2284
7092 .2308
7096 .2336
7100 .2369
7104 .2465
7108 .2578
7112 .2630
7116 .2645
7120 .2609
7124 .2552
7128 .2561
7132 .2608
7136 .2653
7140 .2628
7144 .2545
7148 .2418
7152 .2242
7156 .2003
7160 .1733
7164 .1477
7168 .1277
7172 .1084
7176 .0952
7180 .0873
7184 .0803
7188 .0775
7192 .0737
7196 .0685
7200 .0652
7204 .0638
7208 .0635
7212 .0624
7216 .0604
7220 .0597
7224 .0598
7228 .0591
7232 .0582
7236 .0574
7240 .0559
7244 .0542
7248 .0511
7252 .0482
7256 .0467
7260 .0462
7264 .0467
7268 .0458
7272 .0445
7276 .0448
7280 .0461
7284 .0475
7288 .0484
7292 .0492
7296 .0501
7300 .0504
7304 .0515
7308 .0533
7312 .0554
7316 .0566
7320 .0574
7324 .0577
7328 .0584
7332 .0610
7336 .0646
7340 .0679
7344 .0712
7348 .0763
7352 .0772
7356 .0822
7360 .0929
7364 .0962
7368 .0951
7372 .1041
7376 .1156
7380 .1242
7384 .1360
7388 .1499
7392 .1632
7396 .1783
7400 .1934
7404 .2039
7408 .2213
7412 .2411
7416 .2524
7420 .2639
7424 .2775
7428 .2860
7432 .2937
7436 .3080
7440 .3187
7444 .3241
7448 .3268
7452 .3272
7456 .3262
7460 .3277
7464 .3306
7468 .3259
7472 .3211
7476 .3304
7480 .3279
7484 .3239
7488 .3305
7492 .3314
7496 .3265
7500 .3180
7504 .3227
7508 .3335
7512 .3367
7516 .3376
7520 .3312
7524 .3190
7528 .3256
7532 .3408
7536 .3479
7540 .3452
7544 .3376
7548 .3303
7552 .3273
7556 .3232
7560 .3191
7564 .3135
7568 .3052
7572 .2987
7576 .2942
7580 .2847
7584 .2799
7588 .2729
7592 .2671
7596 .2544
7600 .2447
7604 .2375
7608 .2282
7612 .2229
7616 .2168
7620 .2059
7624 .1964
7628 .1965
7632 .1927
7636 .1871
7640 .1802
7644 .1740
7648 .1738
7652 .1750
7656 .1791
7660 .1818
7664 .1761
7668 .1646
7672 .1611
7676 .1730
7680 .1824
7684 .1827
7688 .1777
7692 .1747
7696 .1770
7700 .1762
7704 .1728
7708 .1670
7712 .1656
7716 .1684
7720 .1666
7724 .1569
7728 .1396
7732 .1255
7736 .1229
7740 .1272
7744 .1329
7748 .1332
7752 .1286
7756 .1225
7760 .1173
7764 .1134
7768 .1112
7772 .1070
7776 .1027
7780 .0990
7784 .0954
7788 .0931
7792 .0891
7796 .0816
7800 .0738
7804 .0671
7808 .0606
7812 .0589
7816 .0582
7820 .0579
7824 .0575
7828 .0572
7832 .0548
7836 .0519
7840 .0516
7844 .0576
7848 .0639
7852 .0670
7856 .0634
7860 .0611
7864 .0611
7868 .0622
7872 .0641
7876 .0656
7880 .0679
7884 .0699
7888 .0710
7892 .0714
7896 .0706
7900 .0712
7904 .0696
7908 .0675
7912 .0659
7916 .0624
7920 .0588
7924 .0551
7928 .0517
7932 .0503
7936 .0515
7940 .0508
7944 .0477
7948 .0455
7952 .0450
7956 .0450
7960 .0456
7964 .0459
7968 .0449
7972 .0441
7976 .0449
7980 .0454
7984 .0465
7988 .0471
7992 .0470
7996 .0486
8000 .0501
8004 .0498
8008 .0525
8012 .0545
8016 .0523
8020 .0526
8024 .0553
8028 .0568
8032 .0581
8036 .0593
8040 .0587
8044 .0596
8048 .0642
8052 .0666
8056 .0670
8060 .0691
8064 .0723
8068 .0768
8072 .0807
8076 .0819
8080 .0832
8084 .0863
8088 .0848
8092 .0801
8096 .0829
8100 .0877
8104 .0882
8108 .0889
8112 .0920
8116 .0998
8120 .1060
8124 .1089
8128 .1105
8132 .1116
8136 .1159
8140 .1210
8144 .1229
8148 .1220
8152 .1241
8156 .1311
8160 .1356
8164 .1411
8168 .1470
8172 .1508
8176 .1557
8180 .1648
8184 .1734
8188 .1808
8192 .1859
8196 .1902
8200 .1956
8204 .1995
8208 .2019
8212 .2063
8216 .2100
8220 .2123
8224 .2134
8228 .2147
8232 .2154
8236 .2108
8240 .2047
8244 .2022
8248 .1991
8252 .1958
8256 .1931
8260 .1918
8264 .1929
8268 .1948
8272 .1957
8276 .2007
8280 .2114
8284 .2205
8288 .2292
8292 .2382
8296 .2480
8300 .2576
8304 .2654
8308 .2713
8312 .2759
8316 .2775
8320 .2753
8324 .2686
8328 .2550
8332 .2398
8336 .2180
8340 .1993
8344 .1783
8348 .1525
8352 .1311
8356 .1133
8360 .0982
8364 .0899
8368 .0802
8372 .0746
8376 .0664
8380 .0610
8384 .0495
8388 .0460
8392 .0501
8396 .0542
8400 .0548
8404 .0506
8408 .0459
8412 .0407
8416 .0395
8420 .0420
8424 .0522
8428 .0643
8432 .0653
8436 .0604
8440 .0541
8444 .0531
8448 .0602
8452 .0703
8456 .0796
8460 .0866
8464 .0886
8468 .0872
8472 .0862
8476 .0847
8480 .0882
8484 .0883
8488 .0964
8492 .1028
8496 .1022
8500 .0955
8504 .0924
8508 .0911
8512 .0842
8516 .0815
8520 .0783
8524 .0708
8528 .0664
8532 .0584
8536 .0518
8540 .0493
8544 .0464
8548 .0431
8552 .0426
8556 .0418
8560 .0386
8564 .0361
8568 .0344
8572 .0323
8576 .0307
8580 .0297
8584 .0290
8588 .0288
8592 .0284
8596 .0277
8600 .0272
8604 .0266
8608 .0262
8612 .0257
8616 .0248
8620 .0241
8624 .0237
8628 .0237
8632 .0237
8636 .0232
8640 .0229
8644 .0230
8648 .0229
8652 .0228
8656 .0230
8660 .0235
8664 .0239
8668 .0236
8672 .0237
8676 .0248
8680 .0258
8684 .0263
8688 .0270
8692 .0277
8696 .0281
8700 .0287
8704 .0294
8708 .0302
8712 .0314
8716 .0325
8720 .0340
8724 .0347
8728 .0349
8732 .0368
8736 .0375
8740 .0355
8744 .0348
8748 .0364
8752 .0377
8756 .0361
8760 .0350
8764 .0348
8768 .0344
8772 .0338
8776 .0327
8780 .0314
8784 .0312
8788 .0306
8792 .0293
8796 .0279
8800 .0261
8804 .0245
8808 .0235
8812 .0227
8816 .0212
8820 .0195
8824 .0185
8828 .0175
8832 .0164
8836 .0154
8840 .0150
8844 .0149
8848 .0154
8852 .0157
8856 .0156
8860 .0159
8864 .0155
8868 .0142
8872 .0138
8876 .0147
8880 .0156
8884 .0162
8888 .0164
8892 .0162
8896 .0159
8900 .0161
8904 .0159
8908 .0159
8912 .0161
8916 .0164
8920 .0167
8924 .0167
8928 .0168
8932 .0168
8936 .0163
8940 .0161
8944 .0163
8948 .0165
8952 .0166
8956 .0162
8960 .0157
8964 .0159
8968 .0164
8972 .0167
8976 .0167
8980 .0166
8984 .0164
8988 .0163
8992 .0169
8996 .0175
9000 .0177
9004 .0181
9008 .0184
9012 .0186
9016 .0189
9020 .0191
9024 .0196
9028 .0201
9032 .0208
9036 .0216
9040 .0223
9044 .0225
9048 .0226
9052 .0236
9056 .0244
9060 .0247
9064 .0257
9068 .0271
9072 .0284
9076 .0298
9080 .0313
9084 .0325
9088 .0343
9092 .0377
9096 .0400
9100 .0401
9104 .0397
9108 .0381
9112 .0352
9116 .0335
9120 .0330
9124 .0319
9128 .0303
9132 .0298
9136 .0315
9140 .0339
9144 .0349
9148 .0355
9152 .0364
9156 .0380
9160 .0371
9164 .0370
9168 .0400
9172 .0437
9176 .0490
9180 .0537
9184 .0557
9188 .0557
9192 .0570
9196 .0576
9200 .0595
9204 .0646
9208 .0696
9212 .0734
9216 .0772
9220 .0827
9224 .0868
9228 .0904
9232 .0957
9236 .1015
9240 .1069
9244 .1133
9248 .1217
9252 .1274
9256 .1263
9260 .1234
9264 .1247
9268 .1311
9272 .1391
9276 .1449
9280 .1517
9284 .1631
9288 .1750
9292 .1827
9296 .1857
9300 .1870
9304 .1908
9308 .1989
9312 .2083
9316 .2151
9320 .2183
9324 .2204
9328 .2237
9332 .2293
9336 .2380
9340 .2501
9344 .2631
9348 .2738
9352 .2808
9356 .2837
9360 .2839
9364 .2849
9368 .2878
9372 .2902
9376 .2906
9380 .2901
9384 .2922
9388 .2961
9392 .2960
9396 .2904
9400 .2824
9404 .2736
9408 .2635
9412 .2523
9416 .2405
9420 .2280
9424 .2150
9428 .2016
9432 .1901
9436 .1821
9440 .1770
9444 .1721
9448 .1647
9452 .1566
9456 .1492
9460 .1405
9464 .1286
9468 .1130
9472 .0960
9476 .0847
9480 .0854
9484 .0983
9488 .1127
9492 .1193
9496 .1185
9500 .1137
9504 .1049
9508 .0916
9512 .0771
9516 .0681
9520 .0710
9524 .0844
9528 .0966
9532 .1019
9536 .1033
9540 .1035
9544 .1015
9548 .0962
9552 .0912
9556 .0864
9560 .0822
9564 .0766
9568 .0699
9572 .0637
9576 .0624
9580 .0658
9584 .0669
9588 .0627
9592 .0564
9596 .0503
9600 .0472
9604 .0434
9608 .0383
9612 .0348
9616 .0323
9620 .0294
9624 .0266
9628 .0240
9632 .0221
9636 .0207
9640 .0203
9644 .0202
9648 .0197
9652 .0188
9656 .0181
9660 .0176
9664 .0173
9668 .0170
9672 .0168
9676 .0169
9680 .0169
9684 .0167
9688 .0163
9692 .0161
9696 .0165
9700 .0164
9704 .0157
9708 .0149
9712 .0150
9716 .0159
9720 .0163
9724 .0166
9728 .0168
9732 .0166
9736 .0165
9740 .0166
9744 .0168
9748 .0174
9752 .0178
9756 .0183
9760 .0189
9764 .0190
9768 .0190
9772 .0190
9776 .0189
9780 .0191
9784 .0197
9788 .0197
9792 .0193
9796 .0191
9800 .0188
9804 .0185
9808 .0175
9812 .0173
9816 .0170
9820 .0163
9824 .0159
9828 .0152
9832 .0143
9836 .0138
9840 .0136
9844 .0132
9848 .0135
9852 .0142
9856 .0142
9860 .0142
9864 .0142
9868 .0139
9872 .0139
9876 .0135
9880 .0129
9884 .0126
9888 .0125
9892 .0133
9896 .0142
9900 .0145
9904 .0139
9908 .0140
9912 .0140
9916 .0138
9920 .0139
9924 .0144
9928 .0148
9932 .0144
9936 .0143
9940 .0145
9944 .0146
9948 .0152
9952 .0151
9956 .0151
9960 .0151
9964 .0148
9968 .0144
9972 .0148
9976 .0150
9980 .0153
9984 .0154
9988 .0148
9992 .0150
9996 .0161
10000 .0165