425.42220647952536  0.5177492711954397
428.67335450163824  0.5087381412728782
429.3235841060608  0.5640922250828981
430.94915811711724  0.45467136173751
430.94915811711724  0.4121903206740063
430.94915811711724  0.35667532382965494
432.89984693038497  0.5821144849280209
432.89984693038497  0.5396334438645174
432.89984693038497  0.4971524028010137
434.8505357436527  0.45467136173751
434.8505357436527  0.4121903206740063
434.8505357436527  0.35667532382965494
436.8012245569204  0.5801835285160435
436.8012245569204  0.5377024874525398
436.8012245569204  0.4952214463890361
438.42679856797685  0.39416806082888334
439.0770281723994  0.45467136173751
440.70260218345584  0.5010143156249685
441.0277169856671  0.5512191823363819
441.67794659008973  0.3967426693781868
442.65329099672357  0.4517749271195437
442.97840579893483  0.6001367447731438
443.6286354033574  0.48942857715310395
444.92909461220256  0.5389897917271915
446.55466862325903  0.6419741336993217
446.55466862325903  0.599493092635818
448.18024263431545  0.5035889241742719
448.5053574365267  0.5531501387483593
452.4067350630622  0.5275649662896582
454.3574238763299  0.6207336131675698
454.3574238763299  0.5782525721040661
454.68253867854116  0.6709384798789833
456.6332274918089  0.5370588353152139
458.2588015028653  0.6844551747628254
458.2588015028653  0.6419741336993217
458.2588015028653  0.599493092635818
460.20949031613304  0.5473572695124271
462.1601791294008  0.6941099568227125
462.1601791294008  0.6516289157592088
462.1601791294008  0.6101133529016938
465.7364419537249  0.5454263131004495
466.06155675593624  0.6323193516394343
466.06155675593624  0.5898383105759308
466.3866715581475  0.6825242183508478
468.9875899758378  0.5415644002764948
469.96293438247164  0.792588733833562
469.96293438247164  0.7501076927700583
469.96293438247164  0.7076266517065546
469.96293438247164  0.6651456106430509
469.96293438247164  0.6226645695795472
469.96293438247164  0.5898383105759308
470.2880491846829  0.8434372526823013
473.53919720679585  0.7204996944530708
473.8643120090071  0.8582412518407949
473.8643120090071  0.8157602107772912
473.8643120090071  0.7732791697137875
476.1401156244861  0.6921790004107351
478.25336183885946  0.6270092215064964
481.667067262078  0.6593527414071185
481.667067262078  0.6043204836657616
485.56844488861344  0.6623564513813056
487.8442485040924  0.7246190681319562
489.46982251514885  0.7771410825377423
489.7949373173601  0.6690075234670059
491.74562613062784  0.7140631730798128
493.3712001416843  0.7674863004778552
495.32188895495204  0.7250052594143515
495.32188895495204  0.6842406240503833
497.597692570431  0.7574739338972314
499.22326658148745  0.6883170875867801
501.1739553947552  0.8466555133689302
501.1739553947552  0.7404529107101709
501.49907019696644  0.7901750383185902
503.1246442080229  0.7018337824706222
505.0753330212906  0.7740515522785785
505.0753330212906  0.7346600414742388
508.6515958456148  0.7327290850622612
510.9273994610938  0.6887998266897746
513.8534326809954  0.6709384798789833
514.8287770876292  0.6941099568227125
515.1538918898405  0.7447010148165212
518.7301547141647  0.8524483826048626
518.7301547141647  0.8099673415413589
518.7301547141647  0.7674863004778552
518.7301547141647  0.7250052594143515
518.7301547141647  0.6704557407759888
522.3064175384889  0.7089139559812061
522.6315323407001  0.7906577774215844
522.6315323407001  0.7481767363580807
522.9566471429114  0.8408626441329978
525.5575655606017  0.8254149928371783
525.5575655606017  0.7829339517736746
525.5575655606017  0.7250052594143515
526.8580247694467  0.8627468168020755
530.4342875937709  0.8751371204455975
532.71009120925  0.8118982979533362
534.6607800225177  0.8730452509992885
536.2863540335741  0.8118982979533362
538.2370428468419  0.8833436851965015
539.2123872534758  0.8408626441329978
546.0397980999128  0.7867958645976296
546.0397980999128  0.7441217278929282
546.0397980999128  0.7027992606766109
549.616060924237  0.6941099568227125
549.9411757264481  0.7867958645976296
549.9411757264481  0.7443148235341259
553.5174385507723  0.7810029953616973
556.7685865728852  0.9393414211438473
561.6453086060545  0.9663748109115315
566.5220306392239  0.9721676801474639
572.374097079027  1.0320273289187645
577.3722627737227  0.9161849710982657
580.1768523320978  0.8872055980204565
580.8270819365205  0.8239131378500848
585.0535743652672  0.8051399505114152
586.1313868613139  0.903179190751445
586.1313868613139  0.8554913294797688
587.3293779807461  1.0667845443343584
588.9549519918025  0.9696574368118933
589.2800667940139  1.1189203674577493
590.5109489051094  0.9421965317919072
590.5109489051094  1.0939306358381502
591.2307556072816  1.0732210657076167
592.7007299270074  0.9812138728323698
592.7007299270074  1.0592485549132946
592.7007299270074  1.1416184971098264
593.1814444205493  1.1214949760070525
600.9841996736202  0.9264683783973311
604.235347695733  0.9206755091613987
605.8394160583941  0.9552023121387283
605.8394160583941  1.033236994219653
607.4864957178459  0.9142389877881405
608.4618401244797  1.0638881097163921
610.2189781021898  1.0635838150289014
611.3878733443814  1.0416821109786516
612.4087591240876  1.1286127167630056
612.6883325532265  1.1041163682992556
614.3139065642829  1.1691252341691627
615.9394805753394  1.1202076717324008
616.5897101797619  1.2000205367608017
619.8408582018749  1.156895843559972
620.165973004086  1.201951493172779
623.0920062239877  1.1671942777571853
630.244531872636  1.1594704521092754
633.8207946969601  1.195193145730858
637.7221723234957  1.195193145730858
639.6728611367632  1.0696809789523245
641.623549950031  1.2116062752326664
641.623549950031  1.1691252341691627
641.623549950031  1.126644193105659
641.9486647522423  1.2618111419440798
641.9486647522423  1.044256719527955
645.1998127743552  1.1362989751655461
645.5249275765665  1.275327836827922
645.5249275765665  1.2328467957644182
645.5249275765665  1.1903657547009145
647.8007311920455  1.1169894110457719
649.426305203102  1.161401408521253
651.7021088185809  1.122782280281704
654.9532568406938  1.126644193105659
659.1797492694404  1.126644193105659
661.4555528849195  1.1897221025635887
663.081126895976  1.1536775828733432
663.4062416981872  1.2618111419440798
665.0318157092437  1.2038824495847567
665.356930511455  1.315877921479448
666.9825045225114  1.2463634906482604
667.9578489291453  1.1449882790194446
668.9331933357792  1.3293946163632901
668.9331933357792  1.2869135752997864
669.420865539096  1.2053306668937396
671.8592265556807  1.192296711112892
678.6866374021176  1.2130544925416493
679.6619818087515  1.1633323649332303
680.9624410175967  1.2695349675919894
682.9131298308645  1.2193301008805761
684.8638186441322  1.2824080103385058
686.4893926551886  1.2289848829404633
688.4400814684564  1.2965683573596736
688.4400814684564  1.2637420983560572
688.7651962706677  1.3467732240710872
692.0163442927804  1.3023612265956062
692.3414590949917  1.350635136895042
694.2921479082595  1.245880751545266
695.2674923148934  1.315877921479448
696.2428367215273  1.1874693200829483
698.5186403370062  1.2502254034722151
700.1442143480626  1.192296711112892
701.1195587546965  1.2309158393524406
702.4200179635418  1.275327836827922
706.3213955900771  1.3075104436942127
709.8976584144013  1.3342220073932336
713.7990360409367  1.362703614469901
717.700413667472  1.3752548311477544
721.2766764917963  1.360933571092255
723.5524801072752  1.3322910509812562
727.4538577338108  1.3433940503501267
730.3798909537122  1.3680137446028389
731.6803501625575  1.3982653950571522
733.6310389758253  1.4394591318460042
735.5817277890928  1.3898979172719166
737.2073018001493  1.4529758267298463
737.5324166023606  1.3493478326203903
739.4831054156284  1.399552699331804
741.1086794266848  1.4394591318460042
741.4337942288962  1.4896639985574176
741.4337942288962  1.3557843539936485
745.0100570532202  1.5031806934412597
745.0100570532202  1.4616651305837447
748.5863198775444  1.4240114805501847
748.9114346797558  1.473637060338005
751.1872382952347  1.4034146121557587
753.1379271085025  1.4510448703178689
754.7635011195589  1.41242574207832
756.7141899328265  1.456837739553801
758.6648787460942  1.3907024824435739
760.9406823615732  1.3622208753669067
762.891371174841  1.4291606976487912
764.5169451858974  1.3767030484567373
764.8420599881088  1.484386051031346
765.4922895925313  1.416287654902275
766.7927488013765  1.5527419080153475
767.4429784057991  1.4790437382915418
769.3936672190666  1.539868865268831
770.6941264279119  1.5694768635858185
774.2703892522361  1.5630403422125605
774.2703892522361  1.5205593011490568
774.2703892522361  1.4795264773945362
776.2210780655037  1.4471829574939141
778.1717668787715  1.4838711293214852
778.4968816809828  1.5379379088568537
779.1471112854053  1.4452520010819365
781.0978000986731  1.5060771280592258
782.0731445053068  1.5659367768305266
786.2996369340538  1.5688332114484926
789.5507849561664  1.5797752977830315
790.2010145605891  1.6415659029663097
791.8265885716455  1.57076416786047
793.7772773849133  1.6615191192234098
793.7772773849133  1.619038078159906
795.7279661981809  1.581384428126346
798.00376981366  1.6106706003746707
801.9051474401954  1.6132452089239737
805.4814102645196  1.609383296100019
805.4814102645196  1.567867733242504
809.3827878910549  1.5697986896544815
813.2841655175905  1.6006939922461205
817.5106579463372  1.619681730297232
820.1115763640275  1.6238654691898498
821.4120355728726  1.6673119884593421
824.6631835949854  1.671173901283297
826.9389872104643  1.6311065557347653
829.2147908259435  1.5862118191562895
831.1654796392113  1.660875467086084
832.4659388480563  1.5900737319802445
833.7663980569014  1.6441405115156127
835.0668572657466  1.678254074793881
838.6431200900709  1.7020692038749359
842.5444977166062  1.708827551316857
846.6409442244685  1.7433916710912531
850.0221381674658  1.7741582432554273
854.2486305962125  1.7773765039420562
854.5737453984239  1.723309724406688
857.8248934205367  1.7168732030334297
862.0513858492834  1.7213787679947106
865.6276486736076  1.7587105919596075
869.8541411023543  1.7860658077959546
873.7555187288897  1.7841348513839772
877.6568963554253  1.7962033289588362
881.2331591797492  1.8005479808857854
883.8340775974398  1.7857439817272918
887.0852256195524  1.8050535458470662
891.6368328505105  1.8243631099668405
894.8879808726233  1.8378798048506826
899.11447330137  1.868131455304996
903.2109198092323  1.892847697378307
906.917228554441  1.9357149297242062
907.2423433566523  1.8835791066008154
909.8432617743426  1.9183363220164094
910.8186061809765  1.860407629657086
914.7199838075119  1.8546147604211538
918.2962466318361  1.83981076126266
920.572050247315  1.807789067430701
922.5227390605828  1.8835791066008154
922.8478538627942  1.9389331904108353
922.8478538627942  1.7767328518047303
924.4734278738504  1.8420635437433004
924.7985426760617  1.9955745784955068
925.4487722804843  1.8835791066008154
926.7492314893295  1.9382895382735095
928.6999203025973  2.0032984041434165
930.3254943136537  1.9250946694583302
932.2761831269213  2.0071603169673713
932.2761831269213  1.9656447541098565
932.6012979291327  2.057365183678785
935.202216346823  2.0689509221506497
935.8524459512455  1.9234855391150156
936.1775607534569  2.0168150990272586
936.1775607534569  1.974334057963755
938.4533643689358  1.8977394536219832
941.7045123910486  1.8938775407980284
942.3547419954714  1.956955450255958
943.9803160065276  1.8835791066008154
945.9310048197954  1.97819597078771
945.9310048197954  1.9357149297242062
948.2068084352745  1.9016013664459381
949.8323824463309  2.032584576391741
950.1574972485421  1.956955450255958
950.8077268529646  1.8913029322487251
952.7584156662324  1.9965400567014955
954.0588748750777  2.043848488794943
957.3100228971905  2.026469881087146
959.9109413148808  1.9801269271996873
961.5365153259372  2.0341937067350555
961.731584207264  1.9032748620029851
963.8123189414162  1.9994364913194618
965.1127781502612  1.8835791066008154
965.7630077546839  1.9299220604882739
967.3885817657404  2.0303317939111007
967.3885817657404  1.987850752847597
969.6643853812193  1.957599102393284
970.3146149856418  2.026469881087146
972.2653037989096  1.9463351899900823