401.13182256629966  0.6339581117540666
401.13182256629966  0.525888945973717
401.42057198692174  0.5585416929557323
401.7093214075438  0.6771580769022769
401.7093214075438  0.5942415679700035
402.286820248788  0.5093721269806935
403.1530685106543  0.7748877832459035
403.1530685106543  0.7474636309556001
403.1530685106543  0.7200394786652967
404.0193167725206  0.6377670217943865
404.0193167725206  0.6016170028662593
405.1743144550089  0.7000946406359851
405.1743144550089  0.6572963423647541
405.7518132962532  0.7723946784922395
405.7518132962532  0.7449705262019362
408.06180866123  0.6502325455627063
408.63930750247414  0.6801498026066736
410.0830546055846  0.7449705262019362
410.0830546055846  0.7175463739116328
410.9493028674509  0.6813963549835056
411.8155511293172  0.7960791736520471
411.8155511293172  0.7686550213617436
412.10430054993924  0.8313981576622863
412.68179939118346  0.7293886214915365
414.99179475616023  0.7869377895552792
415.2805441767823  0.8496809258558218
415.2805441767823  0.8222567735655184
417.0130407005149  0.7337515548104484
417.0130407005149  0.706327402520145
417.0130407005149  0.6826429073603375
417.30179012113695  0.7682395039027996
419.03428664486955  0.8142788383537938
419.6117854861137  0.7200394786652967
419.6117854861137  0.6845127359255855
420.47803374798  0.8546671353631498
420.7667831686021  0.8904016368323329
420.7667831686021  0.7807050276711193
420.7667831686021  0.7374912119409444
422.2105302717126  0.931953382726732
422.49927969233465  0.9676878841959152
422.49927969233465  0.8334757449570062
423.9430267954452  0.8633930020009735
424.23177621606726  0.8962188812575488
425.3867738985557  0.708820507273809
425.6755233191777  0.9880482396841708
425.6755233191777  0.9606240873938674
425.6755233191777  0.9331999351035639
425.6755233191777  0.7960791736520471
425.6755233191777  0.7686550213617436
425.6755233191777  0.7412308690714402
425.9642727397998  0.8322291925801742
426.54177158104403  0.9045292304364286
426.54177158104403  0.8771050781461251
427.40801984291033  0.6514790979395382
427.69676926353236  0.6859670470318894
429.1405163666429  0.8077967659942675
429.1405163666429  0.7798739927532313
429.1405163666429  0.752449840462928
429.1405163666429  0.7250256881726246
429.42926578726497  0.8430326465127179
429.42926578726497  0.6311187424512826
430.0067646285092  0.6676842788383539
430.87301289037543  0.9294602779730681
430.87301289037543  0.9020361256827647
430.87301289037543  0.8746119733924612
431.1617623109976  0.9619537432624881
431.1617623109976  0.6876291168676654
431.73926115224174  0.8354346129777421
431.73926115224174  0.8072981450435348
431.73926115224174  0.7798739927532313
431.73926115224174  0.752449840462928
431.73926115224174  0.7250256881726246
431.73926115224174  0.6342351233933627
433.47175767597435  0.9464964937897716
434.0492565172185  0.8758585257692932
434.3380059378406  0.9687266778432752
434.6267553584627  0.9095154399437565
436.93675072343945  0.9001662971175167
436.93675072343945  0.8658861067546375
437.80299898530575  0.8104145259856147
441.26799203277085  0.9092038018495485
441.26799203277085  0.8484343734789899
443.00048855650346  0.9830620301768428
444.73298508023606  0.9082688875669245
445.59923334210237  0.9830620301768428
448.19797812770116  0.9113852685090045
449.93047465143377  1.0123560110323941
449.93047465143377  0.975582715915851
451.66297117516626  0.9176180303931643
451.66297117516626  0.8487460115731978
452.52921943703257  1.0092396300903141
452.52921943703257  0.9718430587853552
453.39546769889887  0.8247498783191823
454.2617159607652  0.8571602401168137
456.8604607463641  0.9780758206695149
458.30420784947455  0.9140861319921404
458.5929572700966  0.9497790817154292
459.4592055319629  0.976829268292683
460.3254537938292  0.8926869828565248
460.3254537938292  0.8671326591314694
462.0579503175618  0.931330106538316
462.924198579428  0.890817154291277
465.23419394440486  0.9369395922340599
465.5229433650269  1.0198768770392803
465.8116927856489  0.9710120238674671
468.1216881506258  1.0366637823806175
468.69918699186996  0.9448344239539956
468.987936412492  1.0067465253366503
468.987936412492  0.979322373046347
471.00918235684674  0.934030970021452
473.8966765630677  0.9514827032970996
477.6504190311549  0.9621822778649073
478.5166672930212  0.7924641717592343
479.3829155548875  0.8721188686387973
479.3829155548875  0.8446947163484939
479.3829155548875  0.8172705640581905
479.67166497550954  0.9044368932233299
481.11541207862  0.9668568492780272
481.11541207862  0.7487101833324321
481.11541207862  0.7212860310421286
481.11541207862  0.6957317073170732
481.40416149924215  0.7848602022605593
482.8479086023526  1.0865258774538966
482.8479086023526  1.0591017251635932
482.8479086023526  1.0316775728732899
482.8479086023526  1.0042534205829865
482.8479086023526  0.8721188686387973
482.8479086023526  0.8446947163484939
482.8479086023526  0.817519874533557
483.13665802297464  1.121429344005192
483.13665802297464  0.9045292304364286
483.7141568642189  0.9657661159482992
483.7141568642189  0.7773808879995674
483.7141568642189  0.749956735709264
483.7141568642189  0.7100670596506409
486.3129016498177  1.1388810772808393
486.3129016498177  1.111456924990536
486.3129016498177  1.0840327727002326
486.3129016498177  1.0566086204099292
486.3129016498177  1.0291844681196258
486.60165107043986  0.9942810015683305
488.33414759417235  0.9615936281314034
488.9116464354166  1.0790465631929047
488.9116464354166  1.0516224109026013
488.9116464354166  1.024198258612298
489.77789469728293  0.9916632415769834
491.5103912210154  0.9624939159591153
491.5103912210154  0.9081056485651965
491.5103912210154  0.8272429830728463
491.5103912210154  0.8054283164782868
491.79914064163756  0.8596533448704776
493.53163716537017  0.991206172372145
494.10913600661434  0.8696257638851334
494.10913600661434  0.84220161159483
494.10913600661434  0.8054283164782868
494.97538426848064  1.0491293061489375
494.97538426848064  1.0217051538586341
494.97538426848064  0.9548068429686515
494.97538426848064  0.887077497160781
495.26413368910266  1.0815396679465685
495.26413368910266  0.9161901013477457
496.99663021283527  0.9892947920610027
497.57412905407944  1.0890189822075604
497.57412905407944  1.061594829917257
498.1516278953237  0.9363163160456439
498.44037731594574  1.022951706235466
498.7291267365679  0.8987119860112128
500.17287383967835  0.9849318587420908
501.90537036341084  1.0117327348439782
501.90537036341084  0.9381861446108919
502.77161862527714  0.9843085825536748
505.0816139902539  0.9341971770050296
507.10285993460866  0.9257206208425721
509.70160472020746  0.9394326969877238
510.8566024026958  0.9886299641266924
514.0328460295389  1.01921204910497
514.321595450161  0.9855551349305068
517.2090896563819  0.9763583485058799
517.4978390770041  0.9436709750689525
517.7865884976261  1.0158879094334181
519.2303356007366  1.0453896490184413
519.5190850213587  1.0782155282750168
520.0965838626029  0.979322373046347
520.0965838626029  0.9394326969877238
520.9628321244692  1.158825915310151
520.9628321244692  1.1314017630198476
520.9628321244692  1.1039776107295443
521.2515815450913  1.1912362771077822
521.2515815450913  1.0025082472554216
522.6953286482018  1.0354172300037856
522.9840780688238  1.0715672489319128
523.5615769100681  1.198715591368774
523.5615769100681  1.1712914390784706
523.5615769100681  1.1438672867881672
523.5615769100681  1.1164431344978638
524.4278251719343  0.9998904872640745
525.2940734338006  1.0416499918879456
527.8928182193995  0.9933460872857066
531.3578112668646  0.9945926396625386
533.0903077905972  1.0279379157427937
533.3790572112192  1.063256899753033
535.1115537349518  1.0989914012222162
535.1115537349518  1.0125637697618664
536.5553008380623  0.9600008112054513
536.8440502586844  1.061594829917257
538.2877973617949  1.0188380833919204
538.5765467824169  1.1056396805653201
539.7315444649054  0.9593775350170354
540.0202938855275  1.064087934670921
541.75279040926  1.1176896868746957
541.75279040926  1.0902655345843923
541.75279040926  1.0098629062787303
541.75279040926  0.9076456113785085
542.0415398298821  1.0441430966416094
542.0415398298821  0.9427568366592758
544.3515351948589  0.9369395922340599
544.3515351948589  0.9095154399437565
544.9290340361031  0.8737809384745733
546.9502799804577  0.8222567735655184
547.2390294010798  0.8505119607737097
548.6827765041903  0.8895706019144449
549.5490247660566  0.8259964306960144
550.4152730279229  0.9431723541182198
550.4152730279229  0.9157482018279164
550.4152730279229  0.8746119733924612
552.4365189722776  0.9687959307530992
555.6127625991206  0.9556378778865394
559.3665050672079  1.0923431218791124
561.0990015909404  1.1276621058893517
562.5427486940509  1.1663052295711427
563.9864957971614  1.1027310583527121
564.2752452177834  1.1376345249040074
565.1414934796497  1.1659490717491907
565.718992320894  1.0154723919744741
566.007741741516  1.0703206965550809
566.007741741516  1.0428965442647775
571.2052313127137  0.9649870207127792
572.6489784158242  0.8837533574892291
573.2264772570684  0.9236430335478522
574.6702243601788  0.8671326591314694
574.958973780801  0.9635327096064753
575.5364726220452  0.9219809637120762
575.5364726220452  0.8945568114217728
576.1139714632894  1.0279379157427937
576.4027208839115  1.0852793250770647
576.4027208839115  1.057855172786761
576.6914703045336  1.1181052043336397
577.2689691457778  0.9818154778000109
578.1352174076441  1.2111811151370937
578.1352174076441  1.1837569628467903
578.1352174076441  1.156332810556487
579.5789645107545  1.068243109260361
579.8677139313767  1.1289086582661836
579.8677139313767  1.1014845059758802
580.7339621932429  1.156332810556487
581.6002104551092  1.0379103347574496
581.6002104551092  0.9718430587853552
583.0439575582196  0.9032826780595966
583.6214563994638  0.9419258017413877
584.7764540819522  0.8376309195464461
585.3539529231964  0.8787671479819013
587.086449446929  0.8301516052854543
587.6639482881732  0.8721188686387973
588.5301965500395  0.8920637066681089
588.8189459706615  0.9194878589584122
591.7064401768826  0.8667171416725253
591.9951895975046  0.9257206208425721
591.9951895975046  0.8982964685522687
594.5939343831035  0.9394326969877238
594.5939343831035  0.9120085446974204
594.5939343831035  0.8733654210156293
595.4601826449698  1.0266913633659618
595.7489320655918  0.9597930524759793
597.1926791687023  1.0890189822075604
597.1926791687023  1.061594829917257
598.9251756924349  1.0321672898784737
600.6576722161675  0.976829268292683
602.6789181605221  1.0254448109891299
603.2564170017663  0.9818154778000109
605.8551617873652  1.0266913633659618
607.2989088904757  0.9701809889495792
609.0314054142083  0.9410947668234998
612.7851478822955  0.9568844302633714
613.6513961441617  0.9331999351035639
614.8063938266502  1.0316775728732899
615.9613915091386  0.9726740937032431
617.1163891916269  1.0466362013952735
617.1163891916269  1.01921204910497
617.6938880328711  0.8883240495376129
617.9826374534932  0.9219809637120762
618.2713868741153  0.9577154651812594
619.7151339772257  0.8359688497106701
619.7151339772257  0.8001304688767509
620.0038833978479  0.8721188686387973
621.4476305009583  0.9593775350170354
621.4476305009583  0.931953382726732
621.4476305009583  0.9045292304364286
621.7363799215805  0.993283759666865
622.3138787628246  0.8658861067546375
623.1801270246909  1.1388810772808393
623.1801270246909  1.111456924990536
623.1801270246909  1.0840327727002326
623.1801270246909  1.0566086204099292
623.1801270246909  1.0298077443080418
625.7788718102897  1.1363879725271755
625.7788718102897  1.1089638202368721
626.3563706515339  1.016303426892362
626.645120072156  1.0703206965550809
626.645120072156  1.0428965442647775
630.3988625402433  1.0046689380419305
632.1313590639759  1.0308465379554017
632.70885790522  0.9892947920610027
633.5751061670863  1.0852793250770647
633.5751061670863  1.062841382294089
633.8638555877085  1.1189362392515279
635.596352111441  1.153008670884935
642.2375887857492  1.0185887729165541
645.7025818332144  1.0098629062787303
649.1675748806795  1.0061232491482344
651.7663196662784  1.0030068682061544
652.9213173487667  1.0545310331152091
655.2313127137435  1.062841382294089
657.8300574993424  0.9811922016115949
659.851303443697  0.9548068429686515
663.0275470705401  0.9419258017413877
666.203790697383  0.930291312890956
667.9362872211157  0.8729499035566852
668.5137860623599  0.9153326843689724
669.9575331654703  0.8590300686820616
670.2462825860924  0.9568844302633714
670.8237814273366  0.9145016494510844
670.8237814273366  0.887077497160781
671.6900296892029  1.106470715483208
671.6900296892029  1.0790465631929047
671.6900296892029  1.0516224109026013
671.6900296892029  1.024198258612298
671.978779109825  0.990375137454257
673.4225262129355  1.1613190200638148
673.7112756335576  1.1264155535125195
676.0212709985343  1.1388810772808393
677.1762686810227  1.1027310583527121
680.3525123078658  1.0834094965118166
683.8175053553309  1.062841382294089
685.8387512996856  1.0379103347574496
689.3037443471508  1.0308465379554017
692.4799879739937  1.0428965442647775
692.4799879739937  1.016718944351306
693.9237350771042  0.9498206334613236
694.2124844977263  0.9843085825536748
695.9449810214588  0.9294602779730681
695.9449810214588  0.8945568114217728
697.9662269658136  0.9510671858381555
698.5437258070577  0.9169947542047483
699.6987234895462  0.9831174325047021
702.8749671163891  1.0036301443945703
705.473711901988  1.0030068682061544
707.7837072669647  0.9381861446108919
708.0724566875869  0.9705965064085231
709.8049532113195  0.9120085446974204
709.8049532113195  0.8845843924071171
709.8049532113195  0.8577835163052296
712.4036979969184  0.8559136877399817
713.5586956794067  0.8962188812575488
715.2911922031393  0.934030970021452
716.7349393062498  1.0117327348439782
717.0236887268719  0.9668568492780272
718.4674358299823  1.0416499918879456
720.488681774337  1.0221206713175781
721.9324288774475  0.9899180682494187
723.9536748218021  1.0079930777134822
725.6861713455347  1.0458051664773853
728.8624149723778  1.0740603536855768
731.0280356270434  1.1164431344978638
732.616157440465  1.1758159625203053
733.7711551229534  1.1334793503145675
734.9261528054417  1.1937293818614463
735.792401067308  1.156332810556487
735.792401067308  1.103354334541128
737.2361481704185  1.02336722369441
737.8136470116627  1.0566086204099292
739.2573941147732  0.9743361635390191
740.1236423766395  1.0079930777134822
741.2786400591278  0.9469120112487156
744.743633106593  0.9219809637120762
746.4761296303255  0.9585465000991473
747.0536284715697  0.9232275160889082
748.2086261540582  1.020043084022858
748.7861249953023  0.9805689254231789
751.0961203602791  1.0470517188542174
753.4061157252559  1.0811241504876246
754.8498628283663  1.112080201178952
755.1386122489885  1.1430362518702792
756.5823593520989  1.1837569628467903
758.3148558758314  1.155709534368071
760.3361018201862  1.1268310709714635
763.223596026407  1.0989914012222162
765.5335913913839  1.0707362140140249
768.998584438849  1.0719827663908568
769.5760832800931  1.0379103347574496
770.7310809625816  1.1172741694157518
772.4635774863142  1.0732293187676887
773.0410763275584  1.1338948677735115
773.9073245894245  1.1002379535990483
774.7735728512909  1.066581039424585
775.6398211131572  1.017965496728138
779.1048141606224  0.9892947920610027
780.8373106843549  0.9531447731328755
782.7430568604608  0.910512681845222
784.3023037318201  0.9518982207560436
784.5910531524422  0.9840592720783085
785.1685519936863  1.0416499918879456
785.1685519936863  0.9045292304364286
786.0348002555526  1.111456924990536
786.0348002555526  1.0840327727002326
786.0348002555526  1.0566086204099292
786.3235496761747  1.1438672867881672
788.6335450411515  1.153839705802823
789.2110438823956  1.112287959908424
789.7885427236399  1.069905179096137
791.5210392473724  1.0412344744290016
792.9647863504829  0.9976743941497065
794.9860322948376  1.0412344744290016
795.5635311360818  0.9930344491914986
796.429779397948  1.109587096425288
797.2960276598143  1.0416499918879456
797.8735265010584  1.158707196036167
798.4510253423027  1.1964071610413074
801.3385195485237  1.2259550692328802
803.3597654928783  1.2077530961008058
810.2897515878086  1.0407150776053216
811.7334986909191  0.9614551223117553
812.0222481115412  0.9940316910929642
813.7547446352737  0.9291486398788601
815.4872411590063  0.9966494510843114
815.4872411590063  0.9699732302201072
815.7759905796285  1.0398494162325216
817.2197376827389  1.106470715483208
817.5084871033611  1.0719827663908568
819.8184824683377  1.1039776107295443
820.684730730204  1.067827591801417
820.684730730204  1.0460129252068575
822.4172272539366  0.9940732428388587
824.1497237776691  0.9534564112270835
826.1709697220239  0.9876327222252268
826.748468563268  0.9456654588718837
828.4809650870006  0.9992672110756585
829.635962769489  1.062841382294089
832.812206396332  1.0812280298523607
836.2771994437971  1.0703206965550809
838.875944229396  1.0769689758981849
840.0309419118845  1.112287959908424
841.4746890149949  1.1687983343248067
841.4746890149949  1.1438672867881672
841.763438435617  1.2028707659582139
843.2071855387275  1.2311259531664054
843.4959349593496  1.2635363149640366
844.9396820624601  1.3009328862689957
845.2284314830822  1.2020397310403261
845.8059303243264  1.2735087339786924
845.8059303243264  1.246084581688389
846.6721785861926  1.161630658158023
847.5384268480589  1.2111811151370937
848.115925689303  1.1181052043336397
850.4259210542799  1.0823707028644567
853.6021646811229  1.065957763236169
856.2009094667218  1.065334487047753
857.3559071492101  1.0894344996665044
859.0884036729427  1.121429344005192
861.3983990379195  1.1289086582661836
861.9758978791637  1.0948362266327765
863.9971438235183  1.0709439727434968
865.7296403472509  1.0372870585690337
868.3283851328498  1.022951706235466
869.194633394716  1.0815396679465685
871.2158793390707  1.064503452129865
872.6596264421812  1.0952517440917204
874.3921229659137  1.0316775728732899
874.6808723865358  1.0732293187676887
876.4133689102684  1.110625890072648
876.9908677515126  1.0703206965550809
877.8571160133789  1.1363879725271755
878.145865434001  1.1687983343248067
879.8783619577335  1.106470715483208
881.322109060844  1.1376345249040074
881.322109060844  1.0746836298739928
881.6108584814662  1.1704604041605826
883.3433550051988  1.0952517440917204
883.9208538464429  1.1887431723541182
883.9208538464429  1.1613190200638148
883.9208538464429  1.1338948677735115
884.7871021083092  1.2348656102969011
884.7871021083092  1.2111811151370937
885.0758515289314  1.2685225244713645
886.5195986320417  1.3233708290519712
886.5195986320417  1.2959466767616679
886.8083480526639  1.3557811908496025
888.5408445763965  1.2651983847998125
889.1183434176406  1.3632605051105944
889.1183434176406  1.335836352820291
889.9845916795069  1.2971932291384998
889.9845916795069  1.2214651722459575
892.0058376238616  1.1820948930110144
894.3158329888383  1.1650586771943108
895.4708306713268  1.199131108827718
897.2033271950593  1.2327880230021813