350.6	0.557
359.0	0.537
366.4	0.570
373.3	0.526
379.6	0.582
387.9	0.611
395.3	0.663
402.7	0.647
409.7	0.719
417.4	0.703
424.4	0.668
432.0	0.759
439.2	0.767
446.6	0.783
453.8	0.820
461.7	0.823
468.5	0.868
476.3	0.904
486.3	0.918
489.8	0.935
497.9	0.900
506.4	0.908
512.3	0.939
519.8	0.936
527.8	0.970
534.2	0.975
541.6	0.990
549.7	1.000
556.2	0.979
563.6	1.021
571.5	1.002
578.2	0.982
585.5	0.958
593.2	0.984
599.5	0.967
607.6	1.030
615.1	1.010
622.1	1.043
629.5	1.037
637.1	1.031
644.2	1.032
651.6	1.080
659.2	1.054
666.2	1.098
673.5	1.058
681.2	1.045
688.1	1.027
695.4	1.030
703.0	1.009
710.1	1.027
717.5	1.062
724.8	1.039
732.1	1.012
739.3	0.989
746.8	0.980
754.1	1.032
761.3	1.021
768.8	1.066
776.0	1.055
783.4	1.067
790.8	1.050
798.0	1.022
805.4	1.014
812.7	1.016
820.0	0.985
827.3	1.010
834.7	1.003
841.9	1.009
849.3	1.032
856.8	0.991
864.0	1.018
871.3	1.035
878.8	1.032
886.0	1.022
893.9	1.048
900.4	1.050
908.0	1.008
915.2	0.978
922.6	1.038
929.9	1.039
937.2	1.049
944.5	1.020
951.8	0.956
959.1	1.027
966.5	0.980
973.9	1.067
981.1	1.098
982.4	1.098
998.9	1.066
1014.8	1.060
1031.4	1.075
1047.7	1.080
1065.4	1.122
1081.9	1.122
1098.1	1.095
1114.1	1.078
1130.3	1.119
1147.0	1.114
1163.7	1.064
1180.0	1.068
1196.2	1.090
1212.5	1.070
1228.6	1.040
1245.0	1.021
1261.8	1.023
1278.3	1.024
1294.9	0.991
1310.9	1.010
1327.0	1.066
1343.3	1.075
1359.5	1.084
1377.1	1.069
1393.3	1.043
1409.4	1.015
1425.6	0.938
1442.0	0.772
1458.5	0.583
1475.2	0.431
1491.7	0.358
1508.0	0.353
1524.2	0.341
1540.4	0.367
1641.6	0.678
1655.7	0.728
1672.4	0.779
1689.1	0.830
1705.3	0.913
1721.7	0.918
1738.1	0.912
1754.3	0.932
1771.1	0.931
1787.8	0.948
1804.0	0.929
1820.0	0.972
1836.1	0.922
1852.9	0.888
1869.3	0.851
1886.8	0.697
1902.7	0.546
1919.2	0.396
1935.4	0.294
1951.9	0.235
1968.7	0.201
1985.3	0.203
2001.6	0.199
2017.9	0.177
2034.2	0.191
2050.9	0.172
2067.6	0.213
2084.0	0.245
2100.4	0.339
2116.7	0.479
2133.4	0.567
2150.2	0.644
2166.6	0.725
2182.9	0.802
2199.2	0.830
2215.9	0.902
2232.8	0.892
2282.1	0.755
2277.3	0.615
2350.4	0.480
2367.7	0.427
2384.7	0.442
2401.6	0.420
2418.1	0.400
2434.8	0.394
2450.9	0.377
2467.1	0.361
2483.7	0.321
2500.0	0.287
2516.6	0.327
2532.9	0.306
2549.2	0.349
2564.4	0.344
2581.7	0.307
2598.1	0.348
2615.1	0.304
2629.9	0.306
2646.5	0.257
2661.4	0.206
2680.9	0.124
2696.1	0.038
2712.0	0.025
2732.7	0.012
2747.7	0.022
2763.0	0.010
2781.2	0.019
2798.8	0.020
2816.0	0.005
2832.5	0.000
2832.5	0.000
2856.9	0.000
2866.0	0.020
2882.4	0.031
2898.8	0.046
3000.6	0.041
3013.7	0.040
3029.7	0.035
3048.0	0.021
3064.4	0.023
3080.4	0.054
3096.9	0.070
3112.0	0.057
3129.6	0.043
3146.6	0.045
3163.0	0.078
3179.7	0.029
3197.1	0.010
3201.4	0.000
3220.6	0.000
3231.5	0.044
3248.0	0.033
3265.5	0.031
3282.9	0.040
3296.1	0.000
3302.6	0.000
3316.1	0.042
3333.3	0.019
3342.4	0.000
3352.9	0.000
3365.6	0.062
3381.7	0.021
3398.6	0.080
3415.4	0.066
3431.8	0.072
3448.6	0.111
3464.7	0.083
3481.3	0.093
3497.8	0.114
3512.8	0.101
3525.1	0.000
3534.9	0.000
3546.5	0.098
3562.5	0.125
3580.2	0.111
3596.0	0.114
3613.7	0.116
3630.7	0.121
3648.4	0.128
3665.0	0.179
3682.7	0.163
3699.4	0.106
3717.3	0.086
3734.3	0.050
3750.9	0.022
3757.2	0.000
3774.1	0.000
3784.3	0.054
3800.7	0.053
3817.3	0.060
3834.6	0.072
3851.3	0.031
3881.6	0.001
3898.4	0.001
3899.7	0.000
3939.7	0.000
3947.4	0.102
3963.6	0.100
3980.0	0.058
3996.6	0.010
3998.4	0.000
4021.9	0.000
4029.2	0.059
4047.2	0.030
4062.8	0.083
4080.7	0.034
4097.3	0.109
4114.3	0.033
4131.7	0.043
4148.6	0.022
4166.3	0.029
4181.6	0.000
4183.7	0.000
4198.3	0.040
4204.6	0.000
4215.6	0.000
4223.9	0.070
4242.1	0.042
4260.1	0.066
4278.3	0.057
4296.3	0.023
4314.6	0.081
4332.6	0.093
4350.8	0.100
4366.3	0.010
4382.8	0.039
4397.8	0.077
4415.2	0.065
4431.5	0.062
4447.5	0.057
4465.6	0.076
4473.3	0.000
4497.3	0.000
4499.4	0.012
4515.7	0.039
4533.5	0.067
4551.7	0.099
4567.8	0.157
4585.3	0.016
4590.6	0.000
4609.2	0.000
4619.9	0.060
4635.9	0.058
4654.0	0.030
4670.2	0.062
4687.0	0.105
4702.7	0.189
4715.9	0.000
4726.8	0.000
4736.8	0.068
4753.3	0.160
4770.1	0.036
4786.5	0.062
4803.2	0.054
4819.2	0.047
4835.5	0.023
4852.8	0.077
4869.2	0.098
4885.3	0.160
4902.4	0.162
4919.6	0.000
4936.7	0.041
4953.6	0.038
4971.5	0.115
4988.8	0.134
5005.5	0.160
5022.2	0.138
5040.6	0.037
5057.1	0.146
5073.9	0.021
5090.9	0.057
5106.6	0.052