350.7	0.726
359.1	0.715
366.4	0.797
373.3	0.755
379.6	0.750
388.0	0.795
395.3	0.813
402.7	0.824
409.6	0.796
417.4	0.882
424.5	0.855
432.0	0.893
439.2	0.883
446.6	0.907
453.8	0.944
461.8	0.930
468.6	0.911
476.3	0.932
486.3	0.947
489.8	0.971
497.9	0.965
506.4	0.966
512.4	1.001
519.7	0.993
527.7	0.959
534.2	0.977
541.7	0.986
549.7	1.000
556.3	1.003
563.7	0.977
571.4	0.999
578.3	0.987
585.6	0.993
593.3	1.001
599.5	0.983
607.7	1.007
615.1	1.018
622.2	0.996
629.5	1.015
637.2	1.002
644.2	1.008
651.6	1.006
659.2	1.040
666.2	1.028
673.5	1.012
681.1	1.018
688.1	1.015
695.5	1.034
703.0	1.020
710.1	0.999
717.5	1.001
725.0	0.980
732.1	0.985
739.4	1.000
746.9	1.009
754.0	1.023
761.4	1.030
768.9	0.996
776.0	0.996
783.4	1.003
790.7	1.001
798.0	0.991
805.3	0.994
812.7	1.005
819.9	0.975
827.3	0.983
834.8	1.004
842.0	0.953
849.3	0.983
856.8	0.993
864.0	0.989
871.4	0.971
878.7	0.976
886.0	0.982
894.0	0.975
900.5	1.003
907.9	0.984
915.3	1.005
922.7	1.006
929.9	1.001
937.3	1.009
944.5	1.018
951.9	1.017
959.1	1.019
966.5	0.997
973.9	0.989
981.1	1.002
982.4	1.002
999.0	0.958
1014.9	0.960
1031.4	0.962
1047.6	0.958
1065.5	0.990
1081.9	0.985
1098.2	0.960
1114.1	0.939
1130.4	0.971
1147.1	0.967
1163.7	0.936
1180.1	0.936
1196.4	0.951
1212.6	0.942
1228.6	0.921
1245.1	0.902
1261.7	0.915
1278.3	0.930
1294.9	0.907
1311.0	0.901
1327.0	0.920
1343.3	0.928
1359.7	0.934
1377.1	0.911
1393.3	0.906
1409.4	0.901
1425.7	0.868
1442.0	0.774
1458.5	0.668
1475.2	0.525
1491.9	0.448
1508.0	0.456
1524.3	0.455
1540.4	0.445
1641.7	0.674
1655.8	0.702
1672.4	0.730
1689.1	0.759
1705.5	0.807
1721.9	0.852
1738.1	0.866
1754.5	0.853
1771.1	0.850
1787.8	0.849
1804.1	0.871
1820.1	0.870
1836.1	0.827
1852.9	0.819
1869.4	0.798
1886.8	0.720
1902.7	0.590
1919.2	0.463
1935.6	0.362
1952.0	0.315
1968.7	0.313
1985.4	0.284
2001.7	0.258
2017.9	0.238
2034.4	0.248
2050.9	0.231
2067.6	0.255
2121.4	0.408
2129.8	0.580
2199.2	0.727
2216.0	0.776
2232.9	0.768
2249.5	0.742
2266.3	0.689
2282.4	0.624
2299.3	0.567
2316.2	0.538
2350.5	0.470
2367.7	0.451
2384.7	0.428
2401.7	0.416
2418.3	0.398
2434.8	0.385
2451.0	0.392
2467.3	0.350
2483.7	0.359
2500.1	0.348
2516.7	0.340
2533.0	0.332
2549.2	0.326
2564.5	0.357
2581.9	0.343
2598.1	0.319
2615.1	0.316
2630.1	0.286
2646.5	0.280
2661.5	0.226
2680.9	0.189
2696.3	0.128
2712.2	0.089
2732.8	0.044
2747.7	0.027
2763.1	0.023
2781.2	0.016
2797.0	0.000
2801.3	0.000
2816.2	0.012
2832.5	0.025
2849.5	0.013
2866.1	0.005
2882.4	0.019
2898.8	0.008
3000.8	0.016
3013.9	0.016
3019.8	0.000
3043.3	0.000
3048.1	0.009
3064.5	0.012
3080.4	0.011
3096.9	0.006
3108.2	0.000
3113.3	0.000
3129.7	0.027
3146.7	0.030
3163.1	0.025
3177.2	0.000
3208.3	0.000
3213.6	0.007
3226.9	0.000
3233.7	0.000
3248.1	0.018
3265.7	0.055
3283.0	0.057
3299.5	0.058
3316.1	0.070
3333.4	0.069
3349.8	0.075
3365.6	0.097
3381.8	0.102
3398.8	0.108
3415.5	0.114
3431.8	0.128
3448.7	0.156
3464.8	0.139
3481.3	0.152
3498.0	0.153
3512.9	0.163
3530.2	0.154
3546.6	0.182
3562.8	0.183
3580.3	0.137
3596.1	0.156
3613.8	0.158
3630.8	0.165
3648.6	0.131
3665.2	0.142
3682.8	0.129
3699.5	0.106
3717.4	0.165
3734.4	0.121
3751.1	0.115
3767.7	0.100
3784.5	0.099
3800.9	0.090
3817.5	0.090
3834.8	0.050
3851.4	0.060
3881.6	0.070
3898.7	0.070
3914.8	0.051
3930.6	0.005
3947.6	0.097
3963.8	0.044
3980.2	0.044
3996.7	0.101
4012.8	0.061
4029.4	0.038
4047.4	0.051
4063.0	0.050
4079.5	0.000
4082.7	0.000
4097.4	0.033
4114.5	0.046
4131.9	0.063
4148.8	0.047
4166.3	0.006
4183.0	0.045
4198.3	0.016
4211.2	0.033
4224.0	0.044
4242.2	0.051
4260.3	0.077
4278.3	0.021
4296.5	0.036
4314.7	0.052
4332.8	0.081
4351.0	0.057
4366.5	0.049
4383.0	0.046
4398.0	0.019
4415.4	0.021
4431.8	0.050
4447.7	0.060
4465.7	0.018
4482.4	0.055
4499.4	0.029
4516.0	0.074
4533.7	0.100
4551.9	0.029
4560.8	0.000
4572.5	0.000
4585.6	0.065
4603.0	0.025
4620.1	0.039
4628.1	0.000
4642.5	0.000
4654.1	0.074
4667.7	0.000
4674.2	0.000
4687.3	0.048
4702.9	0.085
4719.5	0.040
4737.1	0.002
4753.6	0.034
4770.3	0.043
4786.7	0.087
4803.5	0.071
4819.5	0.068
4835.7	0.104
4850.5	0.000
4856.4	0.000
4869.4	0.064
4885.5	0.094
4902.7	0.036
4917.7	0.000
4920.8	0.000
4936.8	0.075
4953.8	0.027
4971.7	0.077
4988.9	0.064
5003.5	0.000
5007.4	0.000
5022.4	0.085
5034.5	0.000