359.557276  0.153947
363.227598  0.157838
366.897920  0.169655
370.568241  0.182913
374.238563  0.194873
377.908885  0.208275
381.579206  0.221821
385.249528  0.235343
388.919850  0.250450
392.590171  0.265462
396.260493  0.280112
399.930815  0.295171
403.601136  0.310447
407.271458  0.325722
410.941779  0.341286
414.612101  0.357137
418.282423  0.372124
421.952744  0.388216
425.623066  0.402963
429.293388  0.418623
432.963709  0.434306
436.634031  0.449606
440.304353  0.464160
443.974674  0.479484
447.644996  0.493966
451.315318  0.508161
454.985639  0.522571
458.655961  0.536478
462.326283  0.549303
465.996604  0.561840
469.666926  0.574306
473.337247  0.586266
477.007569  0.597579
480.677891  0.608171
484.209185  0.617603
488.046340  0.627114
491.827883  0.636075
495.175661  0.644658
499.168526  0.653446
502.665836  0.662451
506.064282  0.669272
510.269859  0.679071
513.787251  0.687069
517.381107  0.692905
521.051429  0.702200
524.721751  0.712143
528.531100  0.723246
532.062394  0.733687
535.732716  0.744928
539.403037  0.758546
543.073359  0.773028
546.743680  0.786791
550.414002  0.802498
554.084324  0.817341
557.754645  0.833841
561.424967  0.848973
565.095289  0.864932
568.765610  0.880244
572.435932  0.895303
576.106254  0.909930
579.776575  0.923788
583.446897  0.936517
587.117219  0.949415
590.787540  0.960655
594.213174  0.970714
597.975253  0.980830
601.580034  0.988488
605.468827  0.995529
609.139149  0.998411
612.809470  0.999996
616.479792  1.000140
620.150113  0.998843
623.820435  0.997114
627.490757  0.993223
631.161078  0.989188
634.831400  0.983856
638.720193  0.975766
641.934152  0.969205
646.148225  0.961808
649.682609  0.954603
653.216993  0.947878
656.936746  0.938620
660.654735  0.933522
664.237668  0.925987
667.898279  0.917423
671.490922  0.911659
675.204938  0.905318
678.798795  0.896744
682.545581  0.892349
686.346986  0.885349
689.929919  0.879544
693.556546  0.875344
697.226868  0.869580
700.897190  0.864536
704.567511  0.858916
708.237833  0.854304
711.908155  0.848684
715.578476  0.843641
719.248798  0.838453
722.919120  0.833409
726.370970  0.827295
730.390846  0.821489
733.930085  0.817701
737.644101  0.810867
741.270728  0.806749
744.809967  0.799997
748.458441  0.792879
752.325387  0.787521
755.985999  0.778504
759.578642  0.773317
763.190704  0.764766
767.102007  0.755081
770.633301  0.747723
774.058935  0.740374
776.995192  0.730603
780.281798  0.723403
783.618454  0.713421
786.905060  0.705615
789.841318  0.694548
793.022263  0.686680
795.958520  0.675180
799.139466  0.665756
802.075723  0.652094
805.195497  0.643717
807.642378  0.629210
810.700979  0.621789
812.536140  0.606604
815.594741  0.600454
817.429902  0.583799
820.488503  0.575639
822.148887  0.560410
825.215433  0.546186
828.440867  0.533379
829.908996  0.522744
