360  0.195508
365  0.200543
370  0.207307
375  0.219696
380  0.234609
385  0.243269
390  0.248816
395  0.264303
400  0.281797
405  0.300564
410  0.320643
415  0.341841
420  0.359126
425  0.380602
430  0.401160
435  0.420566
440  0.438445
445  0.457365
450  0.475858
455  0.493415
460  0.511089
465  0.527758
470  0.541052
475  0.553771
480  0.565289
485  0.575745
490  0.582817
495  0.589897
500  0.596138
505  0.603264
510  0.609523
515  0.616405
520  0.626155
525  0.638374
530  0.650614
535  0.669346
540  0.689370
545  0.712432
550  0.736329
555  0.762806
560  0.791777
565  0.820017
570  0.847807
575  0.875123
580  0.902573
585  0.925690
590  0.944317
595  0.961910
600  0.975181
605  0.985689
610  0.995296
615  0.992968
620  0.988399
625  0.982573
630  0.976201
635  0.969994
640  0.964663
645  0.955419
650  0.943904
655  0.932333
660  0.920861
665  0.910083
670  0.898952
675  0.887240
680  0.875521
685  0.865686
690  0.855976
695  0.846317
700  0.836349
705  0.828382
710  0.819608
715  0.811114
720  0.803219
725  0.795260
730  0.785406
735  0.776830
740  0.767247
745  0.758373
750  0.748617
755  0.737240
760  0.725034
765  0.713211
770  0.699011
775  0.684838
780  0.667221
785  0.650486
790  0.631771
795  0.611033
800  0.587618
805  0.563691
810  0.536103
815  0.505765
820  0.472503
825  0.438838
830  0.406952
