500  0.024187
510  0.024282
520  0.024405
530  0.024549
540  0.024591
550  0.025023
560  0.025247
570  0.025391
580  0.025843
590  0.026228
600  0.026478
610  0.026971
620  0.027246
630  0.027537
640  0.027828
650  0.028144
660  0.028190
670  0.028701
680  0.029146
690  0.029429
700  0.029909
710  0.030338
720  0.030803
730  0.031291
740  0.031631
750  0.031624
760  0.032334
770  0.032856
780  0.032994
790  0.033180
800  0.033485
810  0.033763
820  0.033321
830  0.033567
840  0.033680
850  0.033915
860  0.034110
870  0.034328
880  0.034561
890  0.034259
900  0.034133
910  0.034110
920  0.034292
930  0.034687
940  0.035399
950  0.035299
960  0.035431
970  0.035740
980  0.035777
990  0.036344
1000  0.036843
1010  0.037869
1020  0.038081
1030  0.038290
1040  0.038645
1050  0.038863
1060  0.039172
1070  0.039414
1080  0.039782
1090  0.040213
1100  0.040508
1110  0.040725
1120  0.041099
1130  0.041370
1140  0.041447
1150  0.041556
1160  0.041739
1170  0.041962
1180  0.042125
1190  0.042315
1200  0.042490
1210  0.042679
1220  0.042599
1230  0.042624
1240  0.042736
1250  0.042916
1260  0.043181
1270  0.043355
1280  0.043552
1290  0.043722
1300  0.043680
1310  0.043704
1320  0.043803
1330  0.043877
1340  0.043973
1350  0.044046
1360  0.044111
1370  0.044197
1380  0.044291
1390  0.044368
1400  0.044592
1410  0.044883
1420  0.045238
1430  0.045478
1440  0.045632
1450  0.045665
1460  0.045537
1470  0.045513
1480  0.045497
1490  0.045383
1500  0.045238
1510  0.044884
1520  0.044445
1530  0.044058
1540  0.044183
1550  0.044398
1560  0.044651
1570  0.045125
1580  0.045606
1590  0.045721
1600  0.045465
1610  0.045344
1620  0.045153
1630  0.045011
1640  0.045258
1650  0.045433
1660  0.045347
1670  0.045790
1680  0.046244
1690  0.046076
1700  0.045738
1710  0.045839
1720  0.046135
1730  0.046675
1740  0.047016
1750  0.046773
1760  0.046428
1770  0.046326
1780  0.046333
1790  0.046439
1800  0.046740
1810  0.047335
1820  0.047690
1830  0.047495
1840  0.047256
1850  0.047469
1860  0.047925
1870  0.048117
1880  0.047772
1890  0.047875
1900  0.047903
1910  0.047798
1920  0.047873
1930  0.047929
1940  0.047939
1950  0.048123
1960  0.048159
1970  0.047979
1980  0.047868
1990  0.047842
2000  0.047753
2010  0.047801
2020  0.048234
2030  0.048542
2040  0.048163
2050  0.047716
2060  0.047707
2070  0.048188
2080  0.048673
2090  0.048921
2100  0.048441
2110  0.048141
2120  0.048195
2130  0.048764
2140  0.048860
2150  0.048807
2160  0.049134
2170  0.049326
2180  0.048965
2190  0.048664
2200  0.048647
2210  0.049021
2220  0.049163
2230  0.048780
2240  0.048360
2250  0.048460
2260  0.048618
2270  0.048246
2280  0.049244
2290  0.049835
2300  0.049342
2310  0.048738
2320  0.048871
2330  0.050119
2340  0.051090
2350  0.051273
2360  0.050517
2370  0.049879
2380  0.049780
2390  0.049958
2400  0.050023
2410  0.049525
2420  0.049540
2430  0.049918
2440  0.050101
2450  0.050327
2460  0.050965
2470  0.051289
2480  0.051217
2490  0.050894
2500  0.050555
2510  0.050317
2520  0.050238
2530  0.050066
2540  0.050455
2550  0.051924
2560  0.052575
2570  0.052205
2580  0.051869
2590  0.051869
2600  0.051369
2610  0.051217
2620  0.051987
2630  0.053129
2640  0.053227
2650  0.052636
2660  0.052559
2670  0.052812
2680  0.052613
2690  0.052955
2700  0.053218
2710  0.052795
2720  0.052842
2730  0.053142
2740  0.053056
2750  0.052903
2760  0.052934
2770  0.052808
2780  0.052606
2790  0.051689
2800  0.051628
2810  0.052367
2820  0.053683
2830  0.053366
2840  0.052882
2850  0.052224
2860  0.052058
2870  0.051696
2880  0.051216
2890  0.050868
2900  0.051036
2910  0.050722
2920  0.049950
2930  0.049493
2940  0.049724
2950  0.050099
2960  0.049895
2970  0.051084
2980  0.051944
2990  0.051363
3000  0.049630
3010  0.048723
3020  0.048435
3030  0.047826
3040  0.047528
3050  0.047257
3060  0.047057
3070  0.047159
3080  0.046641
3090  0.046285
3100  0.046476
3110  0.046481
3120  0.046404
3130  0.047011
3140  0.046536
3150  0.045455
3160  0.045497
3170  0.045770
3180  0.045961
3190  0.045655
3200  0.045345
3210  0.045348
3220  0.045063
3230  0.044768
3240  0.044336
3250  0.043804
3260  0.043540
3270  0.044027
3280  0.044403
3290  0.044761
3300  0.045138
3310  0.045199
3320  0.045278
3330  0.045414
3340  0.045576
3350  0.045191
3360  0.044386
3370  0.044443
3380  0.044988
3390  0.045131
3400  0.044972
3410  0.044671
3420  0.044655
3430  0.045756
3440  0.046763
3450  0.046429
3460  0.046092
3470  0.046820
3480  0.046897
3490  0.047309
3500  0.047769
3510  0.047252
3520  0.047343
3530  0.048165
3540  0.048207
3550  0.047522
3560  0.047843
3570  0.048991
3580  0.048833
3590  0.048938
3600  0.049155
3610  0.048784
3620  0.048426
3630  0.048628
3640  0.049006
3650  0.049301
3660  0.049769
3670  0.050110
3680  0.050344
3690  0.050880
3700  0.051259
3710  0.052053
3720  0.052640
3730  0.052803
3740  0.052975
3750  0.053571
3760  0.054080
3770  0.054224
3780  0.054031
3790  0.054174
3800  0.054357
3810  0.054066
3820  0.053836
3830  0.054187
3840  0.054805
3850  0.054907
3860  0.054507
3870  0.053889
3880  0.053347
3890  0.053104
3900  0.053576
3910  0.054275
3920  0.055022
3930  0.055727
3940  0.055910
3950  0.054961
3960  0.054734
3970  0.055314
3980  0.055996
3990  0.056902
4000  0.057962
