500  0.013740
510  0.013862
520  0.014063
530  0.014119
540  0.014294
550  0.014468
560  0.014565
570  0.014712
580  0.015044
590  0.015154
600  0.015490
610  0.015736
620  0.016036
630  0.016129
640  0.016469
650  0.016537
660  0.016920
670  0.017193
680  0.017384
690  0.017684
700  0.018053
710  0.018249
720  0.018566
730  0.018739
740  0.019013
750  0.019493
760  0.019876
770  0.019975
780  0.020268
790  0.020592
800  0.020888
810  0.021054
820  0.020901
830  0.020987
840  0.021162
850  0.021253
860  0.021227
870  0.021405
880  0.021470
890  0.021273
900  0.021247
910  0.021387
920  0.021547
930  0.021706
940  0.021914
950  0.022102
960  0.022424
970  0.022590
980  0.022850
990  0.023302
1000  0.023694
1010  0.023938
1020  0.024185
1030  0.024226
1040  0.024432
1050  0.024670
1060  0.024934
1070  0.025228
1080  0.025515
1090  0.025826
1100  0.026071
1110  0.026166
1120  0.026174
1130  0.026353
1140  0.026440
1150  0.026501
1160  0.026688
1170  0.026914
1180  0.027037
1190  0.027270
1200  0.027410
1210  0.027457
1220  0.027379
1230  0.027486
1240  0.027552
1250  0.027667
1260  0.027774
1270  0.027948
1280  0.028184
1290  0.028308
1300  0.028263
1310  0.028308
1320  0.028462
1330  0.028561
1340  0.028542
1350  0.028666
1360  0.028779
1370  0.028850
1380  0.028799
1390  0.028856
1400  0.028990
1410  0.029154
1420  0.029300
1430  0.029378
1440  0.029408
1450  0.029395
1460  0.029407
1470  0.029524
1480  0.029621
1490  0.029575
1500  0.029648
1510  0.029643
1520  0.029555
1530  0.029529
1540  0.029476
1550  0.029419
1560  0.029444
1570  0.029660
1580  0.029885
1590  0.029938
1600  0.029734
1610  0.029691
1620  0.029652
1630  0.029634
1640  0.029822
1650  0.029894
1660  0.030007
1670  0.030077
1680  0.030219
1690  0.030181
1700  0.030080
1710  0.030220
1720  0.030367
1730  0.030514
1740  0.030545
1750  0.030637
1760  0.030599
1770  0.030544
1780  0.030547
1790  0.030533
1800  0.030713
1810  0.031000
1820  0.031032
1830  0.031075
1840  0.031230
1850  0.031327
1860  0.031436
1870  0.031291
1880  0.031424
1890  0.031646
1900  0.031647
1910  0.031461
1920  0.031440
1930  0.031590
1940  0.031680
1950  0.031813
1960  0.031939
1970  0.031887
1980  0.031924
1990  0.031792
2000  0.031655
2010  0.031646
2020  0.031844
2030  0.032060
2040  0.031785
2050  0.031626
2060  0.031769
2070  0.032155
2080  0.032518
2090  0.032616
2100  0.032221
2110  0.031953
2120  0.032015
2130  0.032437
2140  0.032436
2150  0.032423
2160  0.032642
2170  0.032695
2180  0.032396
2190  0.032349
2200  0.032667
2210  0.032578
2220  0.032368
2230  0.032408
2240  0.032303
2250  0.032304
2260  0.032438
2270  0.032300
2280  0.032435
2290  0.032811
2300  0.032938
2310  0.032614
2320  0.032224
2330  0.032179
2340  0.032514
2350  0.033006
2360  0.032964
2370  0.032845
2380  0.033132
2390  0.033604
2400  0.033744
2410  0.033690
2420  0.033393
2430  0.033159
2440  0.033187
2450  0.033732
2460  0.034163
2470  0.034285
2480  0.034316
2490  0.034251
2500  0.034057
2510  0.034066
2520  0.034164
2530  0.034423
2540  0.034632
2550  0.034855
2560  0.034709
2570  0.034683
2580  0.034813
2590  0.034976
2600  0.034815
2610  0.034740
2620  0.034794
2630  0.035222
2640  0.035479
2650  0.035198
2660  0.035207
2670  0.035314
2680  0.035292
2690  0.035216
2700  0.035320
2710  0.035584
2720  0.035647
2730  0.035944
2740  0.035991
2750  0.035947
2760  0.035880
2770  0.035817
2780  0.035547
2790  0.035546
2800  0.035521
2810  0.035453
2820  0.035701
2830  0.035750
2840  0.035772
2850  0.036338
2860  0.036165
2870  0.035870
2880  0.035710
2890  0.036065
2900  0.036151
2910  0.035759
2920  0.035309
2930  0.034890
2940  0.034898
2950  0.034988
2960  0.035010
2970  0.034960
2980  0.034887
2990  0.035375
3000  0.035512
3010  0.035172
3020  0.035377
3030  0.035336
3040  0.034629
3050  0.034399
3060  0.034352
3070  0.034462
3080  0.034318
3090  0.034228
3100  0.034293
3110  0.034316
3120  0.033997
3130  0.033702
3140  0.033419
3150  0.033083
3160  0.033048
3170  0.033318
3180  0.033599
3190  0.033365
3200  0.033093
3210  0.032962
3220  0.032696
3230  0.032447
3240  0.032426
3250  0.032629
3260  0.032469
3270  0.031965
3280  0.031775
3290  0.032200
3300  0.032663
3310  0.032754
3320  0.032736
3330  0.032690
3340  0.032914
3350  0.033143
3360  0.032813
3370  0.032151
3380  0.031750
3390  0.031950
3400  0.032543
3410  0.032684
3420  0.032515
3430  0.032947
3440  0.033003
3450  0.032925
3460  0.033250
3470  0.033855
3480  0.033654
3490  0.033661
3500  0.033955
3510  0.033832
3520  0.033964
3530  0.034757
3540  0.034740
3550  0.034299
3560  0.033849
3570  0.033916
3580  0.034017
3590  0.034168
3600  0.034108
3610  0.034188
3620  0.034650
3630  0.034884
3640  0.034919
3650  0.035166
3660  0.035370
3670  0.035385
3680  0.035451
3690  0.036005
3700  0.036385
3710  0.036330
3720  0.036073
3730  0.036635
3740  0.037085
3750  0.037541
3760  0.037408
3770  0.037450
3780  0.037457
3790  0.037619
3800  0.037844
3810  0.037590
3820  0.037221
3830  0.037378
3840  0.037686
3850  0.038174
3860  0.038417
3870  0.038157
3880  0.037683
3890  0.037415
3900  0.037952
3910  0.038113
3920  0.038409
3930  0.038869
3940  0.038856
3950  0.038204
3960  0.037711
3970  0.037571
3980  0.037884
3990  0.038805
4000  0.039415
