500  0.015401
510  0.015490
520  0.015840
530  0.015893
540  0.016041
550  0.016204
560  0.016402
570  0.016560
580  0.016652
590  0.016927
600  0.017292
610  0.017510
620  0.017855
630  0.018191
640  0.018223
650  0.018027
660  0.018670
670  0.019052
680  0.019305
690  0.019648
700  0.019946
710  0.020102
720  0.020503
730  0.020815
740  0.021204
750  0.021393
760  0.021590
770  0.022222
780  0.022472
790  0.022472
800  0.022612
810  0.023069
820  0.023146
830  0.023192
840  0.023291
850  0.023430
860  0.023609
870  0.023817
880  0.023719
890  0.023719
900  0.023364
910  0.023869
920  0.023846
930  0.023833
940  0.024017
950  0.024455
960  0.024338
970  0.024527
980  0.024754
990  0.025235
1000  0.025373
1010  0.025415
1020  0.025300
1030  0.025513
1040  0.025639
1050  0.025767
1060  0.025984
1070  0.026402
1080  0.026700
1090  0.026820
1100  0.027039
1110  0.027298
1120  0.027468
1130  0.027629
1140  0.027802
1150  0.027819
1160  0.027951
1170  0.028159
1180  0.028278
1190  0.028452
1200  0.028569
1210  0.028706
1220  0.028674
1230  0.028776
1240  0.028879
1250  0.028934
1260  0.028976
1270  0.029228
1280  0.029381
1290  0.029513
1300  0.029519
1310  0.029621
1320  0.029791
1330  0.029900
1340  0.029880
1350  0.029836
1360  0.029927
1370  0.029964
1380  0.030078
1390  0.030170
1400  0.030202
1410  0.030396
1420  0.030657
1430  0.030901
1440  0.031092
1450  0.031227
1460  0.031128
1470  0.031064
1480  0.030967
1490  0.030880
1500  0.030896
1510  0.030834
1520  0.030731
1530  0.030576
1540  0.030574
1550  0.030595
1560  0.030689
1570  0.030959
1580  0.031243
1590  0.031306
1600  0.031073
1610  0.031034
1620  0.030941
1630  0.030949
1640  0.031190
1650  0.031264
1660  0.031075
1670  0.031365
1680  0.031830
1690  0.031746
1700  0.031461
1710  0.031588
1720  0.031769
1730  0.032235
1740  0.032522
1750  0.032299
1760  0.032043
1770  0.032035
1780  0.032145
1790  0.032271
1800  0.032527
1810  0.032819
1820  0.033021
1830  0.032883
1840  0.032811
1850  0.032897
1860  0.033098
1870  0.033282
1880  0.033284
1890  0.033422
1900  0.033478
1910  0.033347
1920  0.033381
1930  0.033598
1940  0.033646
1950  0.033495
1960  0.033528
1970  0.033495
1980  0.033500
1990  0.033590
2000  0.033543
2010  0.033584
2020  0.033772
2030  0.033901
2040  0.033852
2050  0.033722
2060  0.033801
2070  0.033915
2080  0.034126
2090  0.034210
2100  0.033921
2110  0.033814
2120  0.033826
2130  0.033835
2140  0.033986
2150  0.034130
2160  0.034571
2170  0.035035
2180  0.034813
2190  0.034413
2200  0.034527
2210  0.034468
2220  0.034206
2230  0.034163
2240  0.034161
2250  0.034059
2260  0.034193
2270  0.034235
2280  0.034332
2290  0.034512
2300  0.034395
2310  0.034045
2320  0.034227
2330  0.034428
2340  0.034378
2350  0.034509
2360  0.034892
2370  0.035023
2380  0.035299
2390  0.035158
2400  0.034878
2410  0.034672
2420  0.034736
2430  0.035016
2440  0.035406
2450  0.035542
2460  0.035231
2470  0.035062
2480  0.035041
2490  0.034854
2500  0.034834
2510  0.034870
2520  0.034917
2530  0.034950
2540  0.035109
2550  0.035165
2560  0.035252
2570  0.035252
2580  0.035164
2590  0.035193
2600  0.035404
2610  0.036096
2620  0.036402
2630  0.036087
2640  0.035623
2650  0.035560
2660  0.035650
2670  0.035472
2680  0.035288
2690  0.035244
2700  0.035314
2710  0.035560
2720  0.035572
2730  0.035595
2740  0.035723
2750  0.035763
2760  0.035894
2770  0.035828
2780  0.035733
2790  0.035671
2800  0.035553
2810  0.035523
2820  0.035673
2830  0.035822
2840  0.036049
2850  0.036083
2860  0.036073
2870  0.036061
2880  0.035478
2890  0.035109
2900  0.035436
2910  0.035743
2920  0.035341
2930  0.035359
2940  0.035659
2950  0.035599
2960  0.035325
2970  0.035278
2980  0.035501
2990  0.035526
3000  0.035336
3010  0.034781
3020  0.034714
3030  0.034204
3040  0.033627
3050  0.033576
3060  0.033349
3070  0.033379
3080  0.033330
3090  0.033141
3100  0.033156
3110  0.033213
3120  0.033272
3130  0.033300
3140  0.033538
3150  0.033293
3160  0.032475
3170  0.031550
3180  0.030660
3190  0.031504
3200  0.032761
3210  0.033254
3220  0.032780
3230  0.031889
3240  0.031761
3250  0.031957
3260  0.031605
3270  0.031433
3280  0.031855
3290  0.032602
3300  0.033233
3310  0.033622
3320  0.033638
3330  0.033185
3340  0.033180
3350  0.033287
3360  0.032838
3370  0.032344
3380  0.032043
3390  0.032627
3400  0.033288
3410  0.033096
3420  0.032776
3430  0.033478
3440  0.033636
3450  0.033482
3460  0.033747
3470  0.034060
3480  0.033881
3490  0.034128
3500  0.034563
3510  0.035046
3520  0.035121
3530  0.035281
3540  0.035539
3550  0.035206
3560  0.035322
3570  0.036241
3580  0.036207
3590  0.036712
3600  0.036773
3610  0.035787
3620  0.035497
3630  0.035519
3640  0.035407
3650  0.035746
3660  0.036620
3670  0.036881
3680  0.037492
3690  0.038651
3700  0.039418
3710  0.039557
3720  0.039889
3730  0.040328
3740  0.040362
3750  0.039697
3760  0.038972
3770  0.038839
3780  0.038685
3790  0.038888
3800  0.039396
3810  0.039439
3820  0.039492
3830  0.039666
3840  0.039927
3850  0.040102
3860  0.040278
3870  0.040498
3880  0.040006
3890  0.039596
3900  0.039925
3910  0.040521
3920  0.041099
3930  0.041163
3940  0.040626
3950  0.040579
3960  0.040550
3970  0.040590
3980  0.040740
3990  0.040773
4000  0.040687
