3300.  5.552972E-11
3302.7863486565  6.357898E-11
3305.57269731301  5.941820E-11
3308.35904596951  5.784240E-11
3311.14539462601  6.619231E-11
3313.93174328251  6.714154E-11
3316.71809193902  7.027019E-11
3319.50444059552  7.046852E-11
3322.29078925202  6.918415E-11
3325.07713790852  6.431185E-11
3327.86348656503  5.754541E-11
3330.64983522153  5.128271E-11
3333.43618387803  5.317194E-11
3336.22253253454  5.887207E-11
3339.00888119104  6.316821E-11
3341.79522984754  6.158730E-11
3344.58157850404  6.065862E-11
3347.36792716055  5.757944E-11
3350.15427581705  5.604306E-11
3352.94062447355  5.564317E-11
3355.72697313005  5.332763E-11
3358.51332178656  5.326765E-11
3361.29967044306  5.874590E-11
3364.08601909956  5.946218E-11
3366.87236775607  6.054861E-11
3369.65871641257  5.849060E-11
3372.44506506907  5.651477E-11
3375.23141372557  5.315014E-11
3378.01776238208  4.481531E-11
3380.80411103858  4.162067E-11
3383.59045969508  3.947070E-11
3386.37680835158  3.691823E-11
3389.16315700809  4.228496E-11
3391.94950566459  5.039163E-11
3394.73585432109  5.522991E-11
3397.52220297759  5.567938E-11
3400.3085516341  5.218731E-11
3403.0949002906  5.504283E-11
3405.8812489471  5.996750E-11
3408.6675976036  6.312345E-11
3411.45394626011  6.333600E-11
3414.24029491661  6.869328E-11
3417.02664357311  7.060531E-11
3419.81299222962  6.639124E-11
3422.59934088612  5.886733E-11
3425.38568954262  5.050744E-11
3428.17203819912  4.676706E-11
3430.95838685563  5.063751E-11
3433.74473551213  6.445099E-11
3436.53108416863  7.195145E-11
3439.31743282513  6.891677E-11
3442.10378148164  6.965278E-11
3444.89013013814  7.300670E-11
3447.67647879464  7.019018E-11
3450.46282745115  6.221881E-11
3453.24917610765  5.218616E-11
3456.03552476415  4.735295E-11
3458.82187342065  5.143978E-11
3461.60822207716  6.039106E-11
3464.39457073366  6.821612E-11
3467.18091939016  7.306608E-11
3469.96726804666  7.444417E-11
3472.75361670317  6.905770E-11
3475.53996535967  6.229896E-11
3478.32631401617  6.482671E-11
3481.11266267268  7.008633E-11
3483.89901132918  7.146803E-11
3486.68535998568  6.649327E-11
3489.47170864218  6.147488E-11
3492.25805729869  6.649365E-11
3495.04440595519  7.343237E-11
3497.83075461169  7.900575E-11
3500.61710326819  7.676402E-11
3503.4034519247  6.898538E-11
3506.1898005812  6.470020E-11
3508.9761492377  7.308623E-11
3511.7624978942  8.507445E-11
3514.54884655071  9.222808E-11
3517.33519520721  9.112246E-11
3520.12154386371  8.454154E-11
3522.90789252022  7.645728E-11
3525.69424117672  7.389982E-11
3528.48058983322  7.541388E-11
3531.26693848972  7.292913E-11
3534.05328714623  6.358551E-11
3536.83963580273  6.138265E-11
3539.62598445923  6.617852E-11
3542.41233311573  7.372401E-11
3545.19868177224  8.170226E-11
3547.98503042874  8.691855E-11
3550.77137908524  9.044891E-11
3553.55772774175  8.970271E-11
3556.34407639825  8.730932E-11
3559.13042505475  8.559429E-11
3561.91677371125  8.055184E-11
3564.70312236776  7.469693E-11
3567.48947102426  7.142888E-11
3570.27581968076  6.875105E-11
3573.06216833726  6.343122E-11
3575.84851699377  5.872668E-11
3578.63486565027  5.530175E-11
3581.42121430677  5.596275E-11
3584.20756296328  5.956379E-11
3586.99391161978  5.362391E-11
3589.78026027628  4.143264E-11
3592.56660893278  3.771337E-11
3595.35295758929  4.221429E-11
3598.13930624579  5.275527E-11
3600.92565490229  6.924169E-11
3603.71200355879  8.888588E-11
3606.4983522153  9.809730E-11
3609.2847008718  9.526530E-11
3612.0710495283  8.614050E-11
3614.85739818481  7.604239E-11
3617.64374684131  6.896287E-11
3620.43009549781  6.647517E-11
3623.21644415431  6.965020E-11
3626.00279281082  7.387718E-11
3628.78914146732  8.099603E-11
3631.57549012382  9.407401E-11
3634.36183878032  9.829462E-11
3637.14818743683  8.814274E-11
3639.93453609333  8.024446E-11
3642.72088474983  7.916833E-11
3645.50723340633  8.506262E-11
3648.29358206284  9.544800E-11
3651.07993071934  9.481233E-11
3653.86627937584  8.913601E-11
3656.65262803235  9.350846E-11
3659.43897668885  1.010530E-10
3662.22532534535  1.054133E-10
3665.01167400185  1.110940E-10
3667.79802265836  1.119702E-10
3670.58437131486  1.113684E-10
3673.37071997136  1.114782E-10
3676.15706862786  1.067365E-10
3678.94341728437  1.115345E-10
3681.72976594087  1.312984E-10
3684.51611459737  9.278817E-11
3687.30246325388  2.073282E-11
3690.08881191038  9.071024E-12
3692.87516056688  6.063939E-11
3695.66150922338  1.051721E-10
3698.44785787989  1.131836E-10
3701.23420653639  1.203950E-10
3704.02055519289  1.264925E-10
3706.80690384939  1.231483E-10
3709.5932525059  1.074655E-10
3712.3796011624  9.038532E-11
3715.1659498189  8.801333E-11
3717.95229847541  9.832056E-11
3720.73864713191  1.035058E-10
3723.52499578841  9.204443E-11
3726.31134444491  7.971951E-11
3729.09769310142  8.146735E-11
3731.88404175792  8.544739E-11
3734.67039041442  7.979241E-11
3737.45673907092  6.898001E-11
3740.24308772743  6.359972E-11
3743.02943638393  6.852209E-11
3745.81578504043  7.277073E-11
3748.60213369693  6.657465E-11
3751.38848235344  5.856300E-11
3754.17483100994  6.396542E-11
3756.96117966644  8.068972E-11
3759.74752832294  9.554999E-11
3762.53387697945  9.619663E-11
3765.32022563595  9.171380E-11
3768.10657429245  8.702374E-11
3770.89292294896  8.452438E-11
3773.67927160546  8.679470E-11
3776.46562026196  1.040353E-10
3779.25196891846  1.214831E-10
3782.03831757497  1.335817E-10
3784.82466623147  1.488945E-10
3787.61101488797  1.536281E-10
3790.39736354447  1.364149E-10
3793.18371220098  1.073542E-10
3795.97006085748  8.834836E-11
3798.75640951398  8.061019E-11
3801.54275817049  7.611315E-11
3804.32910682699  8.250644E-11
3807.11545548349  9.365607E-11
3809.90180413999  9.913322E-11
3812.6881527965  9.776582E-11
3815.474501453  9.388177E-11
3818.2608501095  8.447495E-11
3821.047198766  7.532221E-11
3823.83354742251  6.800233E-11
3826.61989607901  6.155065E-11
3829.40624473551  5.415102E-11
3832.19259339202  4.883768E-11
3834.97894204852  4.442754E-11
3837.76529070502  4.208234E-11
3840.55163936152  4.532345E-11
3843.33798801803  5.138954E-11
3846.12433667453  6.058890E-11
3848.91068533103  6.753383E-11
3851.69703398753  7.077215E-11
3854.48338264404  7.023761E-11
3857.26973130054  6.671272E-11
3860.05607995704  5.991474E-11
3862.84242861355  5.635844E-11
3865.62877727005  5.985098E-11
3868.41512592655  6.589824E-11
3871.20147458305  6.860509E-11
3873.98782323956  7.221720E-11
3876.77417189606  7.842445E-11
3879.56052055256  8.256041E-11
3882.34686920906  8.153495E-11
3885.13321786557  7.855488E-11
3887.91956652207  7.326804E-11
3890.70591517857  7.008754E-11
3893.49226383508  8.215387E-11
3896.27861249158  9.827118E-11
3899.06496114808  1.045851E-10
3901.85130980458  1.096972E-10
3904.63765846109  1.121060E-10
3907.42400711759  1.116436E-10
3910.21035577409  1.145242E-10
3912.99670443059  1.207946E-10
3915.7830530871  1.273300E-10
3918.5694017436  1.270269E-10
3921.3557504001  1.179229E-10
3924.1420990566  1.053345E-10
3926.92844771311  9.003866E-11
3929.71479636961  7.221860E-11
3932.50114502611  5.197078E-11
3935.28749368262  3.748357E-11
3938.07384233912  3.835109E-11
3940.86019099562  5.474258E-11
3943.64653965212  7.678779E-11
3946.43288830863  9.862727E-11
3949.21923696513  1.184874E-10
3952.00558562163  1.347037E-10
3954.79193427813  1.454834E-10
3957.57828293464  1.469314E-10
3960.36463159114  1.361479E-10
3963.15098024764  1.110677E-10
3965.93732890415  7.976388E-11
3968.72367756065  5.485493E-11
3971.51002621715  4.368693E-11
3974.29637487365  5.077191E-11
3977.08272353016  7.180052E-11
3979.86907218666  9.455794E-11
3982.65542084316  1.147116E-10
3985.44176949966  1.326669E-10
3988.22811815617  1.449015E-10
3991.01446681267  1.537312E-10
3993.80081546917  1.623406E-10
3996.58716412568  1.660752E-10
3999.37351278218  1.661202E-10
4002.15986143868  1.764070E-10
4004.94621009518  1.883408E-10
4007.73255875169  1.855061E-10
4010.51890740819  1.791623E-10
4013.30525606469  1.787782E-10
4016.09160472119  1.807204E-10
4018.8779533777  1.824907E-10
4021.6643020342  1.882000E-10
4024.4506506907  1.948171E-10
4027.2369993472  1.982160E-10
4030.02334800371  1.992810E-10
4032.80969666021  1.944283E-10
4035.59604531671  1.879509E-10
4038.38239397322  1.940014E-10
4041.16874262972  2.032678E-10
4043.95509128622  2.005805E-10
4046.74143994272  1.896187E-10
4049.52778859923  1.886297E-10
4052.31413725573  2.008802E-10
4055.10048591223  2.048301E-10
4057.88683456873  1.940277E-10
4060.67318322524  1.860242E-10
4063.45953188174  1.837415E-10
4066.24588053824  1.801894E-10
4069.03222919475  1.849441E-10
4071.81857785125  1.922153E-10
4074.60492650775  1.953959E-10
4077.39127516425  1.945842E-10
4080.17762382076  1.988201E-10
4082.96397247726  2.131162E-10
4085.75032113376  2.370998E-10
4088.53666979026  2.590768E-10
4091.32301844677  2.669938E-10
4094.10936710327  2.564840E-10
4096.89571575977  2.249722E-10
4099.68206441627  1.821767E-10
4102.46841307278  1.533095E-10
4105.25476172928  1.466603E-10
4108.04111038578  1.583514E-10
4110.82745904229  1.763659E-10
4113.61380769879  1.865974E-10
4116.40015635529  1.922987E-10
4119.18650501179  1.967938E-10
4121.9728536683  1.943999E-10
4124.7592023248  1.885814E-10
4127.5455509813  1.868807E-10
4130.33189963781  1.821826E-10
4133.11824829431  1.778711E-10
4135.90459695081  1.812830E-10
4138.69094560731  1.907297E-10
4141.47729426382  1.931673E-10
4144.26364292032  1.820258E-10
4147.04999157682  1.699293E-10
4149.83634023332  1.663201E-10
4152.62268888983  1.721606E-10
4155.40903754633  1.797670E-10
4158.19538620283  1.857397E-10
4160.98173485934  1.928407E-10
4163.76808351584  1.978897E-10
4166.55443217234  1.983861E-10
4169.34078082884  1.984816E-10
4172.12712948534  1.965029E-10
4174.91347814185  1.893108E-10
4177.69982679835  1.825500E-10
4180.48617545485  1.834655E-10
4183.27252411136  1.936173E-10
4186.05887276786  2.006210E-10
4188.84522142436  2.031930E-10
4191.63157008086  2.036782E-10
4194.41791873737  1.998184E-10
4197.20426739387  1.915844E-10
4199.99061605037  1.838991E-10
4202.77696470687  1.849279E-10
4205.56331336338  1.923964E-10
4208.34966201988  2.038961E-10
4211.13601067638  2.150903E-10
4213.92235933289  2.211705E-10
4216.70870798939  2.203027E-10
4219.49505664589  2.216865E-10
4222.28140530239  2.211571E-10
4225.0677539589  2.062075E-10
4227.8541026154  1.900682E-10
4230.6404512719  1.986001E-10
4233.4267999284  2.259919E-10
4236.21314858491  2.415534E-10
4238.99949724141  2.351103E-10
4241.78584589791  2.265376E-10
4244.57219455442  2.300617E-10
4247.35854321092  2.353309E-10
4250.14489186742  2.287142E-10
4252.93124052392  2.160880E-10
4255.71758918043  2.089197E-10
4258.50393783693  2.097577E-10
4261.29028649343  2.128936E-10
4264.07663514993  2.184547E-10
4266.86298380644  2.260740E-10
4269.64933246294  2.240214E-10
4272.43568111944  2.094542E-10
4275.22202977595  1.996601E-10
4278.00837843245  2.064808E-10
4280.79472708895  2.151506E-10
4283.58107574545  2.143533E-10
4286.36742440196  2.092404E-10
4289.15377305846  1.952999E-10
4291.94012171496  1.704676E-10
4294.72647037146  1.569068E-10
4297.51281902797  1.631527E-10
4300.29916768447  1.675412E-10
4303.08551634097  1.629626E-10
4305.87186499747  1.553135E-10
4308.65821365398  1.468649E-10
4311.44456231048  1.484517E-10
4314.23091096698  1.776689E-10
4317.01725962349  2.354977E-10
4319.80360827999  2.794529E-10
4322.58995693649  2.812206E-10
4325.37630559299  2.631360E-10
4328.1626542495  2.602512E-10
4330.949002906  2.765648E-10
4333.7353515625  2.800043E-10
4336.521700219  2.620702E-10
4339.30804887551  2.314919E-10
4342.09439753201  2.056182E-10
4344.88074618851  2.031500E-10
4347.66709484501  2.199851E-10
4350.45344350152  2.371661E-10
4353.23979215802  2.435348E-10
4356.02614081452  2.481016E-10
4358.81248947103  2.588297E-10
4361.59883812753  2.685600E-10
4364.38518678403  2.748645E-10
4367.17153544053  2.790466E-10
4369.95788409704  2.803503E-10
4372.74423275354  2.729201E-10
4375.53058141004  2.635478E-10
4378.31693006654  2.636159E-10
4381.10327872305  2.603444E-10
4383.88962737955  2.418045E-10
4386.67597603605  2.200182E-10
4389.46232469256  2.163906E-10
4392.24867334906  2.303134E-10
4395.03502200556  2.451697E-10
4397.82137066206  2.538749E-10
4400.60771931857  2.561851E-10
4403.39406797507  2.537630E-10
4406.18041663157  2.505325E-10
4408.96676528807  2.571016E-10
4411.75311394458  2.724846E-10
4414.53946260108  2.889650E-10
4417.32581125758  2.992873E-10
4420.11215991409  3.049047E-10
4422.89850857059  3.113103E-10
4425.68485722709  3.131347E-10
4428.47120588359  3.110898E-10
4431.2575545401  3.082167E-10
4434.0439031966  3.047327E-10
4436.8302518531  3.010178E-10
4439.6166005096  3.013229E-10
4442.40294916611  3.084529E-10
4445.18929782261  3.162152E-10
4447.97564647911  3.263516E-10
4450.76199513562  3.333565E-10
4453.54834379212  3.322446E-10
4456.33469244862  3.225879E-10
4459.12104110512  3.083578E-10
4461.90738976163  2.969782E-10
4464.69373841813  2.919601E-10
4467.48008707463  3.015217E-10
4470.26643573113  3.170633E-10
4473.05278438764  3.338598E-10
4475.83913304414  3.580542E-10
4478.62548170064  3.708877E-10
4481.41183035714  3.660682E-10
4484.19817901365  3.576754E-10
4486.98452767015  3.569547E-10
4489.77087632665  3.533424E-10
4492.55722498316  3.431163E-10
4495.34357363966  3.328883E-10
4498.12992229616  3.300248E-10
4500.91627095266  3.348803E-10
4503.70261960917  3.451088E-10
4506.48896826567  3.546968E-10
4509.27531692217  3.619011E-10
4512.06166557868  3.618385E-10
4514.84801423518  3.605769E-10
4517.63436289168  3.542012E-10
4520.42071154818  3.454736E-10
4523.20706020468  3.439195E-10
4525.99340886119  3.391635E-10
4528.77975751769  3.247399E-10
4531.56610617419  3.137774E-10
4534.3524548307  3.144202E-10
4537.1388034872  3.267682E-10
4539.9251521437  3.442712E-10
4542.7115008002  3.589466E-10
4545.49784945671  3.657363E-10
4548.28419811321  3.570041E-10
4551.07054676971  3.406037E-10
4553.85689542621  3.313053E-10
4556.64324408272  3.386549E-10
4559.42959273922  3.499384E-10
4562.21594139572  3.573961E-10
4565.00229005223  3.538081E-10
4567.78863870873  3.470246E-10
4570.57498736523  3.449798E-10
4573.36133602173  3.470216E-10
4576.14768467824  3.475331E-10
4578.93403333474  3.483915E-10
4581.72038199124  3.502074E-10
4584.50673064774  3.461329E-10
4587.29307930425  3.432807E-10
4590.07942796075  3.379347E-10
4592.86577661725  3.297661E-10
4595.65212527376  3.194713E-10
4598.43847393026  3.126058E-10
4601.22482258676  3.091231E-10
4604.01117124326  3.097150E-10
4606.79751989977  3.214724E-10
4609.58386855627  3.382181E-10
4612.37021721277  3.470306E-10
4615.15656586928  3.473285E-10
4617.94291452578  3.488161E-10
4620.72926318228  3.526809E-10
4623.51561183878  3.569103E-10
4626.30196049529  3.656316E-10
4629.08830915179  3.777162E-10
4631.87465780829  3.904329E-10
4634.66100646479  3.962060E-10
4637.4473551213  3.859476E-10
4640.2337037778  3.642263E-10
4643.0200524343  3.448687E-10
4645.8064010908  3.373931E-10
4648.59274974731  3.326015E-10
4651.37909840381  3.296754E-10
4654.16544706031  3.315533E-10
4656.95179571681  3.284460E-10
4659.73814437332  3.311110E-10
4662.52449302982  3.471279E-10
4665.31084168632  3.502659E-10
4668.09719034283  3.358679E-10
4670.88353899933  3.307779E-10
4673.66988765583  3.431120E-10
4676.45623631233  3.636433E-10
4679.24258496884  3.740316E-10
4682.02893362534  3.654304E-10
4684.81528228184  3.519732E-10
4687.60163093834  3.453240E-10
4690.38797959485  3.398255E-10
4693.17432825135  3.351331E-10
4695.96067690785  3.348894E-10
4698.74702556435  3.392643E-10
4701.53337422086  3.430812E-10
4704.31972287736  3.464960E-10
4707.10607153386  3.496384E-10
4709.89242019037  3.514394E-10
4712.67876884687  3.602332E-10
4715.46511750337  3.784141E-10
4718.25146615987  3.996477E-10
4721.03781481638  4.167658E-10
4723.82416347288  4.231253E-10
4726.61051212938  4.131773E-10
4729.39686078589  3.859198E-10
4732.18320944239  3.557928E-10
4734.96955809889  3.441568E-10
4737.75590675539  3.474421E-10
4740.5422554119  3.523414E-10
4743.3286040684  3.614352E-10
4746.1149527249  3.707568E-10
4748.9013013814  3.744020E-10
4751.68765003791  3.792848E-10
4754.47399869441  3.901795E-10
4757.26034735091  3.980689E-10
4760.04669600741  3.962637E-10
4762.83304466392  3.850543E-10
4765.61939332042  3.711798E-10
4768.40574197692  3.595839E-10
4771.19209063343  3.564454E-10
4773.97843928993  3.663921E-10
4776.76478794643  3.765459E-10
4779.55113660293  3.815682E-10
4782.33748525944  3.826425E-10
4785.12383391594  3.790397E-10
4787.91018257244  3.712450E-10
4790.69653122894  3.642061E-10
4793.48287988545  3.689629E-10
4796.26922854195  3.815807E-10
4799.05557719845  3.843969E-10
4801.84192585495  3.812620E-10
4804.62827451146  3.807063E-10
4807.41462316796  3.845065E-10
4810.20097182446  3.930607E-10
4812.98732048097  3.991756E-10
4815.77366913747  3.993957E-10
4818.56001779397  3.993376E-10
4821.34636645047  3.986040E-10
4824.13271510698  3.982816E-10
4826.91906376348  3.970261E-10
4829.70541241998  3.910908E-10
4832.49176107648  3.894327E-10
4835.27810973299  3.929311E-10
4838.06445838949  3.983268E-10
4840.85080704599  4.073141E-10
4843.6371557025  4.059864E-10
4846.423504359  3.957892E-10
4849.2098530155  3.963329E-10
4851.996201672  4.003901E-10
4854.78255032851  3.934749E-10
4857.56889898501  3.757736E-10
4860.35524764151  3.523387E-10
4863.14159629801  3.220247E-10
4865.92794495452  2.979223E-10
4868.71429361102  3.009152E-10
4871.50064226752  3.165536E-10
4874.28699092402  3.245206E-10
4877.07333958053  3.227099E-10
4879.85968823703  3.246819E-10
4882.64603689353  3.347174E-10
4885.43238555004  3.387295E-10
4888.21873420654  3.340989E-10
4891.00508286304  3.323815E-10
4893.79143151954  3.382148E-10
4896.57778017605  3.545302E-10
4899.36412883255  3.742577E-10
4902.15047748905  3.805518E-10
4904.93682614556  3.782197E-10
4907.72317480206  3.799189E-10
4910.50952345856  3.824233E-10
4913.29587211506  3.833765E-10
4916.08222077157  3.892575E-10
4918.86856942807  3.849631E-10
4921.65491808457  3.618645E-10
4924.44126674107  3.454165E-10
4927.22761539758  3.550450E-10
4930.01396405408  3.749334E-10
4932.80031271058  3.880227E-10
4935.58666136708  3.897135E-10
4938.37301002359  3.902160E-10
4941.15935868009  3.871601E-10
4943.94570733659  3.863435E-10
4946.7320559931  3.922192E-10
4949.5184046496  4.035675E-10
4952.3047533061  4.097776E-10
4955.0911019626  4.047656E-10
4957.87745061911  3.904413E-10
4960.66379927561  3.782673E-10
4963.45014793211  3.805873E-10
4966.23649658861  3.909154E-10
4969.02284524512  3.885445E-10
4971.80919390162  3.783893E-10
4974.59554255812  3.727124E-10
4977.38189121463  3.791110E-10
4980.16823987113  3.921108E-10
4982.95458852763  3.905626E-10
4985.74093718413  3.767157E-10
4988.52728584064  3.705838E-10
4991.31363449714  3.750920E-10
4994.09998315364  3.777361E-10
4996.88633181014  3.745962E-10
4999.67268046665  3.743681E-10
5002.45902912315  3.734141E-10
5005.24537777965  3.709720E-10
5008.03172643616  3.704340E-10
5010.81807509266  3.688956E-10
5013.60442374916  3.640043E-10
5016.39077240566  3.563943E-10
5019.17712106217  3.537935E-10
5021.96346971867  3.582860E-10
5024.74981837517  3.627608E-10
5027.53616703167  3.696121E-10
5030.32251568818  3.802573E-10
5033.10886434468  3.823833E-10
5035.89521300118  3.789786E-10
5038.68156165768  3.715623E-10
5041.46791031419  3.613645E-10
5044.25425897069  3.579904E-10
5047.04060762719  3.694866E-10
5049.8269562837  3.784006E-10
5052.6133049402  3.679245E-10
5055.3996535967  3.668017E-10
5058.18600225321  3.784689E-10
5060.97235090971  3.857026E-10
5063.75869956621  3.826373E-10
5066.54504822271  3.769739E-10
5069.33139687921  3.696401E-10
5072.11774553572  3.645941E-10
5074.90409419222  3.627084E-10
5077.69044284872  3.641784E-10
5080.47679150523  3.574770E-10
5083.26314016173  3.468847E-10
5086.04948881823  3.531138E-10
5088.83583747473  3.713607E-10
5091.62218613124  3.898274E-10
5094.40853478774  4.013666E-10
5097.19488344424  3.925057E-10
5099.98123210074  3.747385E-10
5102.76758075725  3.694897E-10
5105.55392941375  3.722410E-10
5108.34027807025  3.724746E-10
5111.12662672675  3.756029E-10
5113.91297538326  3.829689E-10
5116.69932403976  3.909290E-10
5119.48567269626  3.977401E-10
5122.27202135277  3.894749E-10
5125.05837000927  3.608452E-10
5127.84471866577  3.339853E-10
5130.63106732227  3.277029E-10
5133.41741597878  3.477640E-10
5136.20376463528  3.739663E-10
5138.99011329178  3.797253E-10
5141.77646194828  3.688747E-10
5144.56281060479  3.621268E-10
5147.34915926129  3.605178E-10
5150.13550791779  3.535160E-10
5152.9218565743  3.439957E-10
5155.7082052308  3.453799E-10
5158.4945538873  3.632642E-10
5161.2809025438  3.792791E-10
5164.06725120031  3.751597E-10
5166.85359985681  3.484162E-10
5169.63994851331  3.190687E-10
5172.42629716982  3.079139E-10
5175.21264582632  3.230919E-10
5177.99899448282  3.560416E-10
5180.78534313932  3.747932E-10
5183.57169179583  3.627966E-10
5186.35804045233  3.509333E-10
5189.14438910883  3.578927E-10
5191.93073776533  3.610575E-10
5194.71708642184  3.584706E-10
5197.50343507834  3.693567E-10
5200.28978373484  3.803622E-10
5203.07613239134  3.800229E-10
5205.86248104785  3.680725E-10
5208.64882970435  3.561646E-10
5211.43517836085  3.588762E-10
5214.22152701736  3.721707E-10
5217.00787567386  3.821363E-10
5219.79422433036  3.884842E-10
5222.58057298686  3.856541E-10
5225.36692164337  3.705884E-10
5228.15327029987  3.632303E-10
5230.93961895637  3.718794E-10
5233.72596761288  3.820269E-10
5236.51231626938  3.878285E-10
5239.29866492588  3.929655E-10
5242.08501358238  3.931172E-10
5244.87136223888  3.828889E-10
5247.65771089539  3.719324E-10
5250.44405955189  3.699831E-10
5253.23040820839  3.756726E-10
5256.01675686489  3.873457E-10
5258.8031055214  3.981480E-10
5261.5894541779  3.890318E-10
5264.3758028344  3.596967E-10
5267.16215149091  3.365774E-10
5269.94850014741  3.384060E-10
5272.73484880391  3.579292E-10
5275.52119746041  3.771136E-10
5278.30754611692  3.832462E-10
5281.09389477342  3.825167E-10
5283.88024342992  3.843524E-10
5286.66659208642  3.936868E-10
5289.45294074293  4.041951E-10
5292.23928939943  4.034911E-10
5295.02563805594  3.962304E-10
5297.81198671244  3.904062E-10
5300.59833536894  4.001426E-10
5303.38468402544  4.241865E-10
5306.17103268194  4.419194E-10
5308.95738133845  4.443907E-10
5311.74372999495  4.362806E-10
5314.53007865145  4.260204E-10
5317.31642730795  4.157458E-10
5320.10277596446  4.054737E-10
5322.88912462096  3.970616E-10
5325.67547327746  3.909857E-10
5328.46182193397  3.875199E-10
5331.24817059047  3.958184E-10
5334.03451924697  4.059222E-10
5336.82086790347  4.043388E-10
5339.60721655998  4.022608E-10
5342.39356521648  4.085160E-10
5345.17991387298  4.186954E-10
5347.96626252949  4.311320E-10
5350.75261118599  4.410061E-10
5353.53895984249  4.512130E-10
5356.32530849899  4.593617E-10
5359.1116571555  4.585764E-10
5361.898005812  4.509138E-10
5364.6843544685  4.445777E-10
5367.470703125  4.376400E-10
5370.25705178151  4.322698E-10
5373.04340043801  4.356624E-10
5375.82974909451  4.408823E-10
5378.61609775101  4.433761E-10
5381.40244640752  4.450118E-10
5384.18879506402  4.436897E-10
5386.97514372052  4.273122E-10
5389.76149237703  4.095736E-10
5392.54784103353  4.056420E-10
5395.33418969003  4.106901E-10
5398.12053834653  4.148825E-10
5400.90688700304  4.091295E-10
5403.69323565954  3.953131E-10
5406.47958431604  3.914495E-10
5409.26593297254  4.045942E-10
5412.05228162905  4.192865E-10
5414.83863028555  4.216974E-10
5417.62497894205  4.196894E-10
5420.41132759856  4.174079E-10
5423.19767625506  4.147193E-10
5425.98402491156  4.051941E-10
5428.77037356806  3.931428E-10
5431.55672222457  3.920826E-10
5434.34307088107  4.065222E-10
5437.12941953757  4.240772E-10
5439.91576819407  4.289071E-10
5442.70211685058  4.199709E-10
5445.48846550708  4.137506E-10
5448.27481416358  4.144667E-10
5451.06116282008  4.077364E-10
5453.84751147659  3.955683E-10
5456.63386013309  3.972497E-10
5459.42020878959  4.110984E-10
5462.2065574461  4.206453E-10
5464.9929061026  4.237045E-10
5467.7792547591  4.209005E-10
5470.5656034156  4.172097E-10
5473.35195207211  4.159038E-10
5476.13830072861  4.135074E-10
5478.92464938511  4.133617E-10
5481.71099804161  4.181918E-10
5484.49734669812  4.191208E-10
5487.28369535462  4.167541E-10
5490.07004401112  4.171385E-10
5492.85639266762  4.201973E-10
5495.64274132413  4.204107E-10
5498.42908998063  4.202621E-10
5501.21543863713  4.256418E-10
5504.00178729363  4.271371E-10
5506.78813595014  4.181623E-10
5509.57448460664  4.163173E-10
5512.36083326314  4.308996E-10
5515.14718191965  4.427571E-10
5517.93353057615  4.409852E-10
5520.71987923265  4.369079E-10
5523.50622788916  4.346515E-10
5526.29257654566  4.308849E-10
5529.07892520216  4.311260E-10
5531.86527385866  4.378372E-10
5534.65162251517  4.443076E-10
5537.43797117167  4.440860E-10
5540.22431982817  4.475821E-10
5543.01066848467  4.542128E-10
5545.79701714118  4.570793E-10
5548.58336579768  4.531418E-10
5551.36971445418  4.492146E-10
5554.15606311068  4.478581E-10
5556.94241176719  4.408565E-10
5559.72876042369  4.360284E-10
5562.51510908019  4.370305E-10
5565.30145773669  4.400689E-10
5568.0878063932  4.412753E-10
5570.8741550497  4.415746E-10
5573.6605037062  4.399214E-10
5576.44685236271  4.310067E-10
5579.23320101921  4.178871E-10
5582.01954967571  4.119012E-10
5584.80589833221  4.180001E-10
5587.59224698872  4.225708E-10
5590.37859564522  4.174040E-10
5593.16494430172  4.123815E-10
5595.95129295822  4.196865E-10
5598.73764161473  4.343698E-10
5601.52399027123  4.446787E-10
5604.31033892773  4.414822E-10
5607.09668758424  4.258299E-10
5609.88303624074  4.138255E-10
5612.66938489724  4.148782E-10
5615.45573355374  4.198409E-10
5618.24208221025  4.274564E-10
5621.02843086675  4.352570E-10
5623.81477952325  4.325843E-10
5626.60112817976  4.250632E-10
5629.38747683626  4.180153E-10
5632.17382549276  4.125480E-10
5634.96017414926  4.088266E-10
5637.74652280577  4.088350E-10
5640.53287146227  4.141738E-10
5643.31922011877  4.174443E-10
5646.10556877527  4.090067E-10
5648.89191743178  3.974290E-10
5651.67826608828  3.976666E-10
5654.46461474478  4.097140E-10
5657.25096340128  4.198039E-10
5660.03731205779  4.246156E-10
5662.82366071429  4.335039E-10
5665.61000937079  4.411553E-10
5668.3963580273  4.407179E-10
5671.1827066838  4.341745E-10
5673.9690553403  4.250624E-10
5676.7554039968  4.226719E-10
5679.54175265331  4.320131E-10
5682.32810130981  4.421385E-10
5685.11444996631  4.432879E-10
5687.90079862281  4.372181E-10
5690.68714727932  4.306563E-10
5693.47349593582  4.238691E-10
5696.25984459232  4.151902E-10
5699.04619324883  4.157266E-10
5701.83254190533  4.320693E-10
5704.61889056183  4.477647E-10
5707.40523921833  4.533587E-10
5710.19158787484  4.535557E-10
5712.97793653134  4.547709E-10
5715.76428518784  4.540770E-10
5718.55063384434  4.514570E-10
5721.33698250085  4.501647E-10
5724.12333115735  4.528849E-10
5726.90967981385  4.559532E-10
5729.69602847036  4.521033E-10
5732.48237712686  4.515932E-10
5735.26872578336  4.508587E-10
5738.05507443986  4.443825E-10
5740.84142309637  4.380765E-10
5743.62777175287  4.381060E-10
5746.41412040937  4.408062E-10
5749.20046906587  4.496709E-10
5751.98681772238  4.602011E-10
5754.77316637888  4.606209E-10
5757.55951503538  4.555860E-10
5760.34586369189  4.525016E-10
5763.13221234839  4.412504E-10
5765.91856100489  4.265278E-10
5768.70490966139  4.248036E-10
5771.49125831789  4.360188E-10
5774.2776069744  4.452351E-10
5777.0639556309  4.515753E-10
5779.8503042874  4.598131E-10
5782.63665294391  4.679524E-10
5785.42300160041  4.685592E-10
5788.20935025691  4.585018E-10
5790.99569891341  4.543118E-10
5793.78204756992  4.615850E-10
5796.56839622642  4.657976E-10
5799.35474488292  4.622853E-10
5802.14109353942  4.651715E-10
5804.92744219593  4.737821E-10
5807.71379085243  4.803838E-10
5810.50013950893  4.779812E-10
5813.28648816544  4.727297E-10
5816.07283682194  4.707431E-10
5818.85918547844  4.720382E-10
5821.64553413494  4.692938E-10
5824.43188279145  4.622989E-10
5827.21823144795  4.511887E-10
5830.00458010445  4.401437E-10
5832.79092876095  4.346506E-10
5835.57727741746  4.277468E-10
5838.36362607396  4.257911E-10
5841.14997473046  4.329249E-10
5843.93632338697  4.414978E-10
5846.72267204347  4.437166E-10
5849.50902069997  4.451443E-10
5852.29536935647  4.491675E-10
5855.08171801298  4.479606E-10
5857.86806666948  4.411703E-10
5860.65441532598  4.371100E-10
5863.44076398248  4.364327E-10
5866.22711263899  4.259001E-10
5869.01346129549  4.043548E-10
5871.79980995199  3.938540E-10
5874.5861586085  3.988988E-10
5877.372507265  4.136758E-10
5880.1588559215  4.276730E-10
5882.945204578  4.353135E-10
5885.73155323451  4.405640E-10
5888.51790189101  4.429180E-10
5891.30425054751  4.361386E-10
5894.09059920401  4.310535E-10
5896.87694786052  4.409907E-10
5899.66329651702  4.534793E-10
5902.44964517352  4.634789E-10
5905.23599383002  4.647935E-10
5908.02234248653  4.625217E-10
5910.80869114303  4.654441E-10
5913.59503979953  4.731732E-10
5916.38138845604  4.848167E-10
5919.16773711254  4.920656E-10
5921.95408576904  4.930389E-10
5924.74043442554  4.912718E-10
5927.52678308205  4.841029E-10
5930.31313173855  4.743136E-10
5933.09948039505  4.724789E-10
5935.88582905155  4.797384E-10
5938.67217770806  4.855479E-10
5941.45852636456  4.885943E-10
5944.24487502106  4.888817E-10
5947.03122367756  4.800202E-10
5949.81757233407  4.685010E-10
5952.60392099057  4.604093E-10
5955.39026964707  4.523714E-10
5958.17661830358  4.504020E-10
5960.96296696008  4.579089E-10
5963.74931561658  4.694880E-10
5966.53566427308  4.814057E-10
5969.32201292959  4.762311E-10
5972.10836158609  4.602020E-10
5974.89471024259  4.503625E-10
5977.6810588991  4.484652E-10
5980.4674075556  4.506367E-10
5983.2537562121  4.496354E-10
5986.0401048686  4.435556E-10
5988.82645352511  4.383331E-10
5991.61280218161  4.395993E-10
5994.39915083811  4.461123E-10
5997.18549949461  4.590506E-10
5999.97184815112  4.708040E-10
6002.75819680762  4.680565E-10
6005.54454546412  4.560532E-10
6008.33089412063  4.426640E-10
6011.11724277713  4.334622E-10
6013.90359143363  4.340522E-10
6016.68994009013  4.412984E-10
6019.47628874663  4.483809E-10
6022.26263740314  4.534335E-10
6025.04898605964  4.522178E-10
6027.83533471614  4.461878E-10
6030.62168337265  4.441845E-10
6033.40803202915  4.495010E-10
6036.19438068565  4.601531E-10
6038.98072934215  4.665593E-10
6041.76707799866  4.658636E-10
6044.55342665516  4.603926E-10
6047.33977531166  4.494116E-10
6050.12612396817  4.394644E-10
6052.91247262467  4.307719E-10
6055.69882128117  4.237584E-10
6058.48516993767  4.190768E-10
6061.27151859418  4.220287E-10
6064.05786725068  4.250753E-10
6066.84421590718  4.188485E-10
6069.63056456368  4.225573E-10
6072.41691322019  4.277144E-10
6075.20326187669  4.291426E-10
6077.98961053319  4.323232E-10
6080.7759591897  4.308350E-10
6083.5623078462  4.269211E-10
6086.3486565027  4.279564E-10
6089.1350051592  4.250160E-10
6091.92135381571  4.180913E-10
6094.70770247221  4.139496E-10
6097.49405112871  4.091820E-10
6100.28039978521  4.143778E-10
6103.06674844172  4.241757E-10
6105.85309709822  4.311533E-10
6108.63944575472  4.385795E-10
6111.42579441122  4.458540E-10
6114.21214306773  4.449501E-10
6116.99849172423  4.322231E-10
6119.78484038073  4.139391E-10
6122.57118903724  4.009972E-10
6125.35753769374  3.992243E-10
6128.14388635024  3.986735E-10
6130.93023500674  4.017839E-10
6133.71658366325  4.059915E-10
6136.50293231975  4.084397E-10
6139.28928097625  4.134676E-10
6142.07562963275  4.172910E-10
6144.86197828926  4.147418E-10
6147.64832694576  4.089646E-10
6150.43467560226  4.097775E-10
6153.22102425876  4.107334E-10
6156.00737291527  4.103899E-10
6158.79372157177  4.234179E-10
6161.58007022827  4.363448E-10
6164.36641888478  4.302690E-10
6167.15276754128  4.199839E-10
6169.93911619778  4.122513E-10
6172.72546485428  4.135506E-10
6175.51181351079  4.185860E-10
6178.29816216729  4.218172E-10
6181.08451082379  4.221501E-10
6183.8708594803  4.159525E-10
6186.6572081368  4.181520E-10
6189.4435567933  4.231637E-10
6192.2299054498  4.177253E-10
6195.01625410631  4.130968E-10
6197.80260276281  4.128061E-10
6200.58895141931  4.138831E-10
6203.37530007581  4.092270E-10
6206.16164873232  3.952357E-10
6208.94799738882  3.873539E-10
6211.73434604532  3.941784E-10
6214.52069470182  4.050731E-10
6217.30704335833  4.109550E-10
6220.09339201483  4.121868E-10
6222.87974067133  4.096978E-10
6225.66608932784  4.033854E-10
6228.45243798434  4.006941E-10
6231.23878664084  4.047931E-10
6234.02513529734  4.039377E-10
6236.81148395385  3.947380E-10
6239.59783261035  3.888170E-10
6242.38418126685  3.885224E-10
6245.17052992335  3.889001E-10
6247.95687857986  3.918294E-10
6250.74322723636  4.020222E-10
6253.52957589286  4.116988E-10
6256.31592454937  4.063674E-10
6259.10227320587  3.900598E-10
6261.88862186237  3.840214E-10
6264.67497051887  3.916402E-10
6267.46131917538  4.039292E-10
6270.24766783188  4.124204E-10
6273.03401648838  4.164467E-10
6275.82036514488  4.151699E-10
6278.60671380139  4.079389E-10
6281.39306245789  4.020271E-10
6284.17941111439  4.004518E-10
6286.9657597709  3.993366E-10
6289.7521084274  3.977831E-10
6292.5384570839  3.960993E-10
6295.3248057404  3.942969E-10
6298.1111543969  3.978194E-10
6300.89750305341  4.052635E-10
6303.68385170991  4.097473E-10
6306.47020036641  4.121720E-10
6309.25654902292  4.115231E-10
6312.04289767942  4.056814E-10
6314.82924633592  4.015027E-10
6317.61559499242  4.017864E-10
6320.40194364893  4.023832E-10
6323.18829230543  4.038899E-10
6325.97464096193  4.041297E-10
6328.76098961844  3.965219E-10
6331.54733827494  3.888604E-10
6334.33368693144  3.854758E-10
6337.12003558794  3.814471E-10
6339.90638424445  3.847080E-10
6342.69273290095  3.851986E-10
6345.47908155745  3.821804E-10
6348.26543021395  3.825670E-10
6351.05177887046  3.820659E-10
6353.83812752696  3.775630E-10
6356.62447618346  3.784389E-10
6359.41082483996  3.865666E-10
6362.19717349647  3.863096E-10
6364.98352215297  3.839561E-10
6367.76987080947  3.924064E-10
6370.55621946598  4.003922E-10
6373.34256812248  4.051346E-10
6376.12891677898  4.030818E-10
6378.91526543548  3.902759E-10
6381.70161409199  3.818328E-10
6384.48796274849  3.831433E-10
6387.27431140499  3.827313E-10
6390.06066006149  3.817099E-10
6392.847008718  3.884123E-10
6395.6333573745  4.110536E-10
6398.419706031  4.257315E-10
6401.20605468751  4.145838E-10
