3300.  6.054987E-11
3302.78934221482  6.601723E-11
3305.57868442964  6.206492E-11
3308.36802664446  6.003410E-11
3311.15736885928  5.926958E-11
3313.9467110741  5.838708E-11
3316.73605328893  5.863832E-11
3319.52539550375  5.933296E-11
3322.31473771857  6.012992E-11
3325.10407993339  6.046644E-11
3327.89342214821  6.117507E-11
3330.68276436303  6.271095E-11
3333.47210657785  6.288210E-11
3336.26144879267  6.264352E-11
3339.05079100749  6.230476E-11
3341.84013322232  6.003240E-11
3344.62947543714  5.696129E-11
3347.41881765196  5.591368E-11
3350.20815986678  5.616464E-11
3352.9975020816  5.661027E-11
3355.78684429642  5.704274E-11
3358.57618651124  5.853624E-11
3361.36552872606  6.103874E-11
3364.15487094088  6.280605E-11
3366.9442131557  6.196850E-11
3369.73355537053  5.928714E-11
3372.52289758535  5.827397E-11
3375.31223980017  5.907901E-11
3378.10158201499  5.947730E-11
3380.89092422981  5.875696E-11
3383.68026644463  5.943505E-11
3386.46960865945  6.079515E-11
3389.25895087427  6.095306E-11
3392.04829308909  6.048020E-11
3394.83763530391  6.101109E-11
3397.62697751874  6.182170E-11
3400.41631973356  6.204679E-11
3403.20566194838  6.147836E-11
3405.9950041632  6.019076E-11
3408.78434637802  6.002290E-11
3411.57368859284  6.005815E-11
3414.36303080766  5.948753E-11
3417.15237302248  5.894146E-11
3419.9417152373  5.851110E-11
3422.73105745212  5.848518E-11
3425.52039966694  5.765463E-11
3428.30974188177  5.643892E-11
3431.09908409659  5.736920E-11
3433.88842631141  5.898949E-11
3436.67776852623  6.029383E-11
3439.46711074105  6.073538E-11
3442.25645295587  6.016190E-11
3445.04579517069  6.102086E-11
3447.83513738551  6.248393E-11
3450.62447960033  6.335707E-11
3453.41382181516  6.246121E-11
3456.20316402998  6.040855E-11
3458.9925062448  5.930976E-11
3461.78184845962  5.900520E-11
3464.57119067444  5.848326E-11
3467.36053288926  5.781631E-11
3470.14987510408  5.742819E-11
3472.9392173189  5.845076E-11
3475.72855953372  5.970905E-11
3478.51790174854  5.886026E-11
3481.30724396337  5.805843E-11
3484.09658617819  5.853221E-11
3486.88592839301  5.880609E-11
3489.67527060783  5.756817E-11
3492.46461282265  5.657415E-11
3495.25395503747  5.650000E-11
3498.04329725229  5.700929E-11
3500.83263946711  5.726796E-11
3503.62198168193  5.642993E-11
3506.41132389675  5.521094E-11
3509.20066611157  5.447550E-11
3511.9900083264  5.502914E-11
3514.77935054122  5.682621E-11
3517.56869275604  5.834640E-11
3520.35803497086  5.892364E-11
3523.14737718568  5.996134E-11
3525.9367194005  6.013894E-11
3528.72606161532  5.899090E-11
3531.51540383014  5.685545E-11
3534.30474604496  5.640865E-11
3537.09408825979  5.826913E-11
3539.88343047461  5.959829E-11
3542.67277268943  5.972583E-11
3545.46211490425  5.884841E-11
3548.25145711907  5.796497E-11
3551.04079933389  5.808232E-11
3553.83014154871  5.775064E-11
3556.61948376353  5.710705E-11
3559.40882597835  5.663477E-11
3562.19816819317  5.499682E-11
3564.987510408  5.385046E-11
3567.77685262282  5.479161E-11
3570.56619483764  5.618372E-11
3573.35553705246  5.720496E-11
3576.14487926728  5.862148E-11
3578.9342214821  5.898161E-11
3581.72356369692  5.724507E-11
3584.51290591174  5.565707E-11
3587.30224812656  5.634629E-11
3590.09159034138  5.701382E-11
3592.88093255621  5.681046E-11
3595.67027477103  5.723079E-11
3598.45961698585  5.753904E-11
3601.24895920067  5.709071E-11
3604.03830141549  5.589879E-11
3606.82764363031  5.468681E-11
3609.61698584513  5.579906E-11
3612.40632805995  5.764101E-11
3615.19567027477  5.807363E-11
3617.98501248959  5.809344E-11
3620.77435470442  5.797877E-11
3623.56369691924  5.696048E-11
3626.35303913406  5.660362E-11
3629.14238134888  5.685123E-11
3631.9317235637  5.792965E-11
3634.72106577852  5.951480E-11
3637.51040799334  6.009822E-11
3640.29975020816  5.989657E-11
3643.08909242298  5.994256E-11
3645.8784346378  6.007223E-11
3648.66777685262  5.977945E-11
3651.45711906745  5.879489E-11
3654.24646128227  5.719610E-11
3657.03580349709  5.555197E-11
3659.82514571191  5.401455E-11
3662.61448792673  5.435861E-11
3665.40383014155  5.604793E-11
3668.19317235637  5.795144E-11
3670.98251457119  5.888225E-11
3673.77185678601  5.758834E-11
3676.56119900084  5.531548E-11
3679.35054121566  5.736189E-11
3682.13988343048  6.656127E-11
3684.9292256453  6.398724E-11
3687.71856786012  4.062137E-11
3690.50791007494  3.762408E-11
3693.29725228976  4.822246E-11
3696.08659450458  5.617289E-11
3698.8759367194  5.750903E-11
3701.66527893422  5.681459E-11
3704.45462114904  5.647452E-11
3707.24396336387  5.759344E-11
3710.03330557869  5.894874E-11
3712.82264779351  5.926040E-11
3715.61199000833  5.959256E-11
3718.40133222315  6.022669E-11
3721.19067443797  6.095884E-11
3723.98001665279  6.461520E-11
3726.76935886761  7.104893E-11
3729.55870108243  7.348394E-11
3732.34804329725  6.988766E-11
3735.13738551208  6.737277E-11
3737.9267277269  7.329810E-11
3740.71606994172  8.612247E-11
3743.50541215654  9.211180E-11
3746.29475437136  8.287180E-11
3749.08409658618  6.929888E-11
3751.873438801  6.649045E-11
3754.66278101582  7.848611E-11
3757.45212323064  9.952449E-11
3760.24146544547  1.156807E-10
3763.03080766029  1.155559E-10
3765.82014987511  9.924363E-11
3768.60949208993  7.769182E-11
3771.39883430475  6.518346E-11
3774.18817651957  6.975376E-11
3776.97751873439  8.989409E-11
3779.76686094921  1.167498E-10
3782.55620316403  1.397753E-10
3785.34554537885  1.503327E-10
3788.13488759368  1.460097E-10
3790.9242298085  1.267155E-10
3793.71357202332  9.606962E-11
3796.50291423814  7.008986E-11
3799.29225645296  6.105113E-11
3802.08159866778  6.875960E-11
3804.8709408826  8.979296E-11
3807.66028309742  1.168226E-10
3810.44962531224  1.386553E-10
3813.23896752706  1.514757E-10
3816.02830974189  1.588546E-10
3818.81765195671  1.626280E-10
3821.60699417153  1.609813E-10
3824.39633638635  1.507865E-10
3827.18567860117  1.306629E-10
3829.97502081599  1.031536E-10
3832.76436303081  7.500269E-11
3835.55370524563  5.758108E-11
3838.34304746045  5.759715E-11
3841.13238967527  7.384496E-11
3843.9217318901  9.682256E-11
3846.71107410492  1.165235E-10
3849.50041631974  1.315732E-10
3852.28975853456  1.431916E-10
3855.07910074938  1.507396E-10
3857.8684429642  1.540922E-10
3860.65778517902  1.574642E-10
3863.44712739384  1.634410E-10
3866.23646960866  1.698491E-10
3869.02581182348  1.742462E-10
3871.81515403831  1.742814E-10
3874.60449625313  1.687857E-10
3877.39383846795  1.562472E-10
3880.18318068277  1.358351E-10
3882.97252289759  1.076376E-10
3885.76186511241  7.904088E-11
3888.55120732723  6.184998E-11
3891.34054954205  6.088927E-11
3894.12989175687  7.360325E-11
3896.91923397169  9.274329E-11
3899.70857618651  1.124649E-10
3902.49791840134  1.301084E-10
3905.28726061616  1.441763E-10
3908.07660283098  1.532590E-10
3910.8659450458  1.585710E-10
3913.65528726062  1.636463E-10
3916.44462947544  1.688942E-10
3919.23397169026  1.707257E-10
3922.02331390508  1.689782E-10
3924.8126561199  1.650609E-10
3927.60199833472  1.572044E-10
3930.39134054955  1.457171E-10
3933.18068276437  1.389621E-10
3935.97002497919  1.426581E-10
3938.75936719401  1.496055E-10
3941.54870940883  1.519139E-10
3944.33805162365  1.535878E-10
3947.12739383847  1.586475E-10
3949.91673605329  1.639868E-10
3952.70607826811  1.655017E-10
3955.49542048294  1.630593E-10
3958.28476269776  1.539237E-10
3961.07410491258  1.332801E-10
3963.8634471274  1.057538E-10
3966.65278934222  7.966527E-11
3969.44213155704  6.219891E-11
3972.23147377186  5.956018E-11
3975.02081598668  7.095827E-11
3977.8101582015  8.834214E-11
3980.59950041632  1.065613E-10
3983.38884263114  1.260560E-10
3986.17818484597  1.423366E-10
3988.96752706079  1.497207E-10
3991.75686927561  1.516518E-10
3994.54621149043  1.535421E-10
3997.33555370525  1.562628E-10
4000.12489592007  1.597019E-10
4002.91423813489  1.639848E-10
4005.70358034971  1.682778E-10
4008.49292256453  1.718918E-10
4011.28226477936  1.743276E-10
4014.07160699418  1.743295E-10
4016.860949209  1.711104E-10
4019.65029142382  1.665118E-10
4022.43963363864  1.639966E-10
4025.22897585346  1.616380E-10
4028.01831806828  1.612677E-10
4030.8076602831  1.656898E-10
4033.59700249792  1.689476E-10
4036.38634471274  1.686225E-10
4039.17568692757  1.690517E-10
4041.96502914239  1.702819E-10
4044.75437135721  1.694252E-10
4047.54371357203  1.647958E-10
4050.33305578685  1.585368E-10
4053.12239800167  1.548603E-10
4055.91174021649  1.539440E-10
4058.70108243131  1.539542E-10
4061.49042464613  1.549785E-10
4064.27976686095  1.562753E-10
4067.06910907577  1.570890E-10
4069.8584512906  1.576534E-10
4072.64779350542  1.571357E-10
4075.43713572024  1.545145E-10
4078.22647793506  1.504557E-10
4081.01582014988  1.472078E-10
4083.8051623647  1.443816E-10
4086.59450457952  1.397993E-10
4089.38384679434  1.338755E-10
4092.17318900916  1.232580E-10
4094.96253122399  1.014114E-10
4097.7518734388  7.486271E-11
4100.54121565363  5.889070E-11
4103.33055786845  5.733907E-11
4106.11990008327  6.500611E-11
4108.90924229809  7.812572E-11
4111.69858451291  9.361759E-11
4114.48792672773  1.088211E-10
4117.27726894255  1.215258E-10
4120.06661115737  1.293474E-10
4122.8559533722  1.329167E-10
4125.64529558702  1.348479E-10
4128.43463780184  1.361101E-10
4131.22398001666  1.367396E-10
4134.01332223148  1.384518E-10
4136.8026644463  1.420148E-10
4139.59200666112  1.436122E-10
4142.38134887594  1.423772E-10
4145.17069109076  1.418642E-10
4147.96003330558  1.427709E-10
4150.7493755204  1.443005E-10
4153.53871773523  1.447044E-10
4156.32805995005  1.451408E-10
4159.11740216487  1.471919E-10
4161.90674437969  1.496695E-10
4164.69608659451  1.501563E-10
4167.48542880933  1.491087E-10
4170.27477102415  1.483284E-10
4173.06411323897  1.469698E-10
4175.85345545379  1.452586E-10
4178.64279766862  1.452145E-10
4181.43213988344  1.466991E-10
4184.22148209826  1.471728E-10
4187.01082431308  1.454870E-10
4189.8001665279  1.430458E-10
4192.58950874272  1.415556E-10
4195.37885095754  1.407975E-10
4198.16819317236  1.397786E-10
4200.95753538718  1.384286E-10
4203.746877602  1.379257E-10
4206.53621981682  1.366228E-10
4209.32556203165  1.307759E-10
4212.11490424647  1.223578E-10
4214.90424646129  1.186614E-10
4217.69358867611  1.221905E-10
4220.48293089093  1.274079E-10
4223.27227310575  1.311791E-10
4226.06161532057  1.338109E-10
4228.85095753539  1.347977E-10
4231.64029975021  1.355369E-10
4234.42964196503  1.373432E-10
4237.21898417986  1.389002E-10
4240.00832639468  1.382738E-10
4242.7976686095  1.357585E-10
4245.58701082432  1.342606E-10
4248.37635303914  1.356449E-10
4251.16569525396  1.385674E-10
4253.95503746878  1.403985E-10
4256.7443796836  1.394152E-10
4259.53372189842  1.367413E-10
4262.32306411325  1.333544E-10
4265.11240632807  1.316873E-10
4267.90174854289  1.315523E-10
4270.69109075771  1.299653E-10
4273.48043297253  1.272021E-10
4276.26977518735  1.246484E-10
4279.05911740217  1.251557E-10
4281.84845961699  1.276513E-10
4284.63780183181  1.284001E-10
4287.42714404663  1.278457E-10
4290.21648626146  1.283026E-10
4293.00582847628  1.316928E-10
4295.7951706911  1.353758E-10
4298.58451290592  1.333116E-10
4301.37385512074  1.283990E-10
4304.16319733556  1.278460E-10
4306.95253955038  1.296769E-10
4309.7418817652  1.293939E-10
4312.53122398002  1.273674E-10
4315.32056619484  1.255209E-10
4318.10990840966  1.253120E-10
4320.89925062449  1.256169E-10
4323.68859283931  1.229428E-10
4326.47793505413  1.153761E-10
4329.26727726895  1.049295E-10
4332.05661948377  9.406259E-11
4334.84596169859  7.906827E-11
4337.63530391341  6.186784E-11
4340.42464612823  5.231068E-11
4343.21398834305  5.346717E-11
4346.00333055788  6.202952E-11
4348.7926727727  7.434174E-11
4351.58201498752  8.631235E-11
4354.37135720234  9.621467E-11
4357.16069941716  1.048715E-10
4359.95004163198  1.108565E-10
4362.7393838468  1.144440E-10
4365.52872606162  1.173322E-10
4368.31806827644  1.190906E-10
4371.10741049126  1.200553E-10
4373.89675270608  1.219129E-10
4376.68609492091  1.252033E-10
4379.47543713573  1.264960E-10
4382.26477935055  1.239380E-10
4385.05412156537  1.218462E-10
4387.84346378019  1.227065E-10
4390.63280599501  1.234035E-10
4393.42214820983  1.218545E-10
4396.21149042465  1.207473E-10
4399.00083263948  1.215745E-10
4401.7901748543  1.238410E-10
4404.57951706912  1.276793E-10
4407.36885928394  1.307004E-10
4410.15820149876  1.294180E-10
4412.94754371358  1.261470E-10
4415.7368859284  1.252301E-10
4418.52622814322  1.254239E-10
4421.31557035804  1.252758E-10
4424.10491257286  1.257441E-10
4426.89425478768  1.254743E-10
4429.68359700251  1.240174E-10
4432.47293921733  1.216327E-10
4435.26228143215  1.201368E-10
4438.05162364697  1.215907E-10
4440.84096586179  1.244977E-10
4443.63030807661  1.257044E-10
4446.41965029143  1.261157E-10
4449.20899250625  1.265040E-10
4451.99833472107  1.252532E-10
4454.78767693589  1.233408E-10
4457.57701915072  1.228240E-10
4460.36636136554  1.233690E-10
4463.15570358036  1.234344E-10
4465.94504579518  1.223540E-10
4468.73438801  1.212497E-10
4471.52373022482  1.207393E-10
4474.31307243964  1.198125E-10
4477.10241465446  1.188409E-10
4479.89175686928  1.188572E-10
4482.6810990841  1.198922E-10
4485.47044129893  1.208285E-10
4488.25978351375  1.207933E-10
4491.04912572857  1.200375E-10
4493.83846794339  1.191948E-10
4496.62781015821  1.185454E-10
4499.41715237303  1.176150E-10
4502.20649458785  1.168117E-10
4504.99583680267  1.160665E-10
4507.78517901749  1.138319E-10
4510.57452123231  1.106218E-10
4513.36386344714  1.088781E-10
4516.15320566196  1.095662E-10
4518.94254787678  1.107598E-10
4521.7318900916  1.105547E-10
4524.52123230642  1.105785E-10
4527.31057452124  1.118807E-10
4530.09991673606  1.125178E-10
4532.88925895088  1.120422E-10
4535.6786011657  1.118572E-10
4538.46794338052  1.125412E-10
4541.25728559534  1.133509E-10
4544.04662781017  1.134360E-10
4546.83597002499  1.121957E-10
4549.62531223981  1.109727E-10
4552.41465445463  1.106903E-10
4555.20399666945  1.098097E-10
4557.99333888427  1.082610E-10
4560.78268109909  1.083225E-10
4563.57202331391  1.104280E-10
4566.36136552873  1.106086E-10
4569.15070774356  1.081138E-10
4571.94004995838  1.077308E-10
4574.7293921732  1.090254E-10
4577.51873438802  1.081890E-10
4580.30807660284  1.064931E-10
4583.09741881766  1.061824E-10
4585.88676103248  1.065852E-10
4588.6761032473  1.059750E-10
4591.46544546212  1.057768E-10
4594.25478767694  1.077712E-10
4597.04412989177  1.099685E-10
4599.83347210659  1.113607E-10
4602.62281432141  1.121477E-10
4605.41215653623  1.124838E-10
4608.20149875105  1.132157E-10
4610.99084096587  1.132388E-10
4613.78018318069  1.118198E-10
4616.56952539551  1.103722E-10
4619.35886761033  1.106064E-10
4622.14820982515  1.108297E-10
4624.93755203998  1.094980E-10
4627.7268942548  1.078793E-10
4630.51623646962  1.072405E-10
4633.30557868444  1.066518E-10
4636.09492089926  1.071354E-10
4638.88426311408  1.090657E-10
4641.6736053289  1.105070E-10
4644.46294754372  1.106072E-10
4647.25228975854  1.099504E-10
4650.04163197336  1.089484E-10
4652.83097418819  1.087083E-10
4655.62031640301  1.092143E-10
4658.40965861783  1.092367E-10
4661.19900083265  1.089675E-10
4663.98834304747  1.084263E-10
4666.77768526229  1.066709E-10
4669.56702747711  1.046013E-10
4672.35636969193  1.035773E-10
4675.14571190675  1.032904E-10
4677.93505412157  1.027231E-10
4680.7243963364  1.023097E-10
4683.51373855122  1.023768E-10
4686.30308076604  1.020752E-10
4689.09242298086  1.020994E-10
4691.88176519568  1.033897E-10
4694.6711074105  1.053185E-10
4697.46044962532  1.065549E-10
4700.24979184014  1.062167E-10
4703.03913405496  1.041713E-10
4705.82847626978  1.018498E-10
4708.61781848461  1.007367E-10
4711.40716069943  1.000293E-10
4714.19650291425  9.986653E-11
4716.98584512907  1.008632E-10
4719.77518734389  1.019398E-10
4722.56452955871  1.028207E-10
4725.35387177353  1.033739E-10
4728.14321398835  1.032666E-10
4730.93255620317  1.026107E-10
4733.721898418  1.012758E-10
4736.51124063282  9.939688E-11
4739.30058284764  9.792515E-11
4742.08992506246  9.755654E-11
4744.87926727728  9.883543E-11
4747.6686094921  1.012313E-10
4750.45795170692  1.028157E-10
4753.24729392174  1.015248E-10
4756.03663613656  9.667932E-11
4758.82597835138  9.075359E-11
4761.6153205662  8.868499E-11
4764.40466278102  9.144925E-11
4767.19400499585  9.509656E-11
4769.98334721067  9.647468E-11
4772.77268942549  9.564595E-11
4775.56203164031  9.375394E-11
4778.35137385513  9.252064E-11
4781.14071606995  9.349822E-11
4783.93005828477  9.511143E-11
4786.71940049959  9.451775E-11
4789.50874271441  9.238890E-11
4792.29808492924  9.212379E-11
4795.08742714406  9.367993E-11
4797.87676935888  9.525473E-11
4800.6661115737  9.604327E-11
4803.45545378852  9.528342E-11
4806.24479600334  9.407341E-11
4809.03413821816  9.368519E-11
4811.82348043298  9.414894E-11
4814.6128226478  9.498146E-11
4817.40216486262  9.556284E-11
4820.19150707744  9.530818E-11
4822.98084929227  9.418221E-11
4825.77019150709  9.268446E-11
4828.55953372191  9.125688E-11
4831.34887593673  9.114062E-11
4834.13821815155  9.124112E-11
4836.92756036637  8.860662E-11
4839.71690258119  8.413656E-11
4842.50624479601  8.137975E-11
4845.29558701083  8.013610E-11
4848.08492922565  7.759063E-11
4850.87427144048  7.296116E-11
4853.6636136553  6.642310E-11
4856.45295587012  5.789479E-11
4859.24229808494  4.901878E-11
4862.03164029976  4.390319E-11
4864.82098251458  4.519220E-11
4867.6103247294  5.119377E-11
4870.39966694422  5.805565E-11
4873.18900915904  6.398281E-11
4875.97835137387  6.968224E-11
4878.76769358869  7.503276E-11
4881.55703580351  7.945020E-11
4884.34637801833  8.250164E-11
4887.13572023315  8.436946E-11
4889.92506244797  8.578672E-11
4892.71440466279  8.652531E-11
4895.50374687761  8.675847E-11
4898.29308909243  8.713037E-11
4901.08243130725  8.782084E-11
4903.87177352208  8.895679E-11
4906.6611157369  9.036533E-11
4909.45045795172  9.143732E-11
4912.23980016654  9.112711E-11
4915.02914238136  9.052084E-11
4917.81848459618  9.003583E-11
4920.607826811  8.859255E-11
4923.39716902582  8.718679E-11
4926.18651124064  8.708062E-11
4928.97585345546  8.769219E-11
4931.76519567028  8.799484E-11
4934.55453788511  8.741909E-11
4937.34388009993  8.651323E-11
4940.13322231475  8.641610E-11
4942.92256452957  8.704940E-11
4945.71190674439  8.730760E-11
4948.50124895921  8.658427E-11
4951.29059117403  8.567846E-11
4954.07993338885  8.494486E-11
4956.86927560367  8.418963E-11
4959.6586178185  8.343247E-11
4962.44796003332  8.269010E-11
4965.23730224814  8.261158E-11
4968.02664446296  8.357882E-11
4970.81598667778  8.469804E-11
4973.6053288926  8.517233E-11
4976.39467110742  8.434914E-11
4979.18401332224  8.258716E-11
4981.97335553706  8.191971E-11
4984.76269775188  8.277486E-11
4987.55203996671  8.388044E-11
4990.34138218153  8.467097E-11
4993.13072439635  8.437004E-11
4995.92006661117  8.374564E-11
4998.70940882599  8.425003E-11
5001.49875104081  8.465707E-11
5004.28809325563  8.411610E-11
5007.07743547045  8.346888E-11
5009.86677768527  8.366685E-11
5012.6561199001  8.373983E-11
5015.44546211492  8.273256E-11
5018.23480432974  8.223133E-11
5021.02414654456  8.264335E-11
5023.81348875938  8.278669E-11
5026.6028309742  8.281840E-11
5029.39217318902  8.292114E-11
5032.18151540384  8.278066E-11
5034.97085761866  8.256542E-11
5037.76019983348  8.239256E-11
5040.5495420483  8.263008E-11
5043.33888426312  8.350950E-11
5046.12822647795  8.408106E-11
5048.91756869277  8.396644E-11
5051.70691090759  8.355046E-11
5054.49625312241  8.292842E-11
5057.28559533723  8.290092E-11
5060.07493755205  8.351902E-11
5062.86427976687  8.322410E-11
5065.65362198169  8.226357E-11
5068.44296419651  8.189528E-11
5071.23230641134  8.179984E-11
5074.02164862616  8.117746E-11
5076.81099084098  8.056095E-11
5079.6003330558  8.102351E-11
5082.38967527062  8.188952E-11
5085.17901748544  8.228878E-11
5087.96835970026  8.181922E-11
5090.75770191508  7.956275E-11
5093.5470441299  7.698055E-11
5096.33638634472  7.660099E-11
5099.12572855954  7.788704E-11
5101.91507077437  7.857028E-11
5104.70441298919  7.838012E-11
5107.49375520401  7.903123E-11
5110.28309741883  8.056038E-11
5113.07243963365  8.113433E-11
5115.86178184847  8.055086E-11
5118.65112406329  8.038872E-11
5121.44046627811  8.059764E-11
5124.22980849294  8.040803E-11
5127.01915070775  8.013253E-11
5129.80849292258  8.027088E-11
5132.5978351374  7.999017E-11
5135.38717735222  7.864337E-11
5138.17651956704  7.774934E-11
5140.96586178186  7.811902E-11
5143.75520399668  7.838371E-11
5146.5445462115  7.756502E-11
5149.33388842632  7.686476E-11
5152.12323064114  7.740052E-11
5154.91257285597  7.827020E-11
5157.70191507079  7.842485E-11
5160.49125728561  7.878778E-11
5163.28059950043  7.909388E-11
5166.06994171525  7.783250E-11
5168.85928393007  7.624867E-11
5171.64862614489  7.637774E-11
5174.43796835971  7.728616E-11
5177.22731057453  7.775314E-11
5180.01665278935  7.804448E-11
5182.80599500418  7.783896E-11
5185.595337219  7.796272E-11
5188.38467943382  7.911737E-11
5191.17402164864  7.986693E-11
5193.96336386346  7.939488E-11
5196.75270607828  7.861012E-11
5199.5420482931  7.852429E-11
5202.33139050792  7.877175E-11
5205.12073272274  7.886258E-11
5207.91007493756  7.898261E-11
5210.69941715239  7.918524E-11
5213.48875936721  7.922724E-11
5216.27810158203  7.895586E-11
5219.06744379685  7.810196E-11
5221.85678601167  7.669029E-11
5224.64612822649  7.554546E-11
5227.43547044131  7.553517E-11
5230.22481265613  7.602947E-11
5233.01415487095  7.629695E-11
5235.80349708577  7.698667E-11
5238.5928393006  7.820462E-11
5241.38218151542  7.888868E-11
5244.17152373024  7.854703E-11
5246.96086594506  7.798657E-11
5249.75020815988  7.808264E-11
5252.5395503747  7.833979E-11
5255.32889258952  7.765961E-11
5258.11823480434  7.674841E-11
5260.90757701916  7.669577E-11
5263.69691923398  7.700830E-11
5266.48626144881  7.718068E-11
5269.27560366363  7.674955E-11
5272.06494587845  7.588506E-11
5274.85428809327  7.569943E-11
5277.64363030809  7.603421E-11
5280.43297252291  7.637688E-11
5283.22231473773  7.696557E-11
5286.01165695255  7.682838E-11
5288.80099916737  7.583527E-11
5291.5903413822  7.519654E-11
5294.37968359702  7.480507E-11
5297.16902581184  7.429027E-11
5299.95836802666  7.434074E-11
5302.74771024148  7.497621E-11
5305.5370524563  7.545921E-11
5308.32639467112  7.505683E-11
5311.11573688594  7.415160E-11
5313.90507910076  7.370051E-11
5316.69442131558  7.349761E-11
5319.4837635304  7.253151E-11
5322.27310574523  7.132465E-11
5325.06244796005  7.088442E-11
5327.85179017487  7.080168E-11
5330.64113238969  7.120173E-11
5333.43047460451  7.222820E-11
5336.21981681933  7.281035E-11
5339.00915903415  7.243051E-11
5341.79850124897  7.157296E-11
5344.58784346379  7.067797E-11
5347.37718567861  7.025548E-11
5350.16652789344  7.044126E-11
5352.95587010826  7.059926E-11
5355.74521232308  7.109083E-11
5358.5345545379  7.139091E-11
5361.32389675272  7.038967E-11
5364.11323896754  6.929333E-11
5366.90258118236  6.927866E-11
5369.69192339718  6.959631E-11
5372.481265612  6.993608E-11
5375.27060782682  7.050376E-11
5378.05995004165  7.088176E-11
5380.84929225647  7.087636E-11
5383.63863447129  7.060776E-11
5386.42797668611  7.057950E-11
5389.21731890093  7.043712E-11
5392.00666111575  6.970693E-11
5394.79600333057  6.919980E-11
5397.58534554539  6.911642E-11
5400.37468776021  6.925339E-11
5403.16402997504  6.971804E-11
5405.95337218985  7.031829E-11
5408.74271440468  7.070167E-11
5411.5320566195  7.109296E-11
5414.32139883432  7.110974E-11
5417.11074104914  7.064959E-11
5419.90008326396  7.031942E-11
5422.68942547878  7.047198E-11
5425.4787676936  7.081878E-11
5428.26810990842  7.073448E-11
5431.05745212324  6.989016E-11
5433.84679433807  6.942075E-11
5436.63613655289  7.006005E-11
5439.42547876771  7.086053E-11
5442.21482098253  7.080438E-11
5445.00416319735  7.010626E-11
5447.79350541217  6.954605E-11
5450.58284762699  6.937333E-11
5453.37218984181  6.921468E-11
5456.16153205663  6.876572E-11
5458.95087427146  6.798122E-11
5461.74021648628  6.740247E-11
5464.5295587011  6.733376E-11
5467.31890091592  6.756599E-11
5470.10824313074  6.759758E-11
5472.89758534556  6.729459E-11
5475.68692756038  6.708260E-11
5478.4762697752  6.689663E-11
5481.26561199002  6.634009E-11
5484.05495420484  6.576262E-11
5486.84429641966  6.570462E-11
5489.63363863449  6.658412E-11
5492.42298084931  6.777785E-11
5495.21232306413  6.766152E-11
5498.00166527895  6.635388E-11
5500.79100749377  6.555279E-11
5503.58034970859  6.557925E-11
5506.36969192341  6.556035E-11
5509.15903413823  6.545828E-11
5511.94837635305  6.602852E-11
5514.73771856787  6.715578E-11
5517.5270607827  6.781182E-11
5520.31640299752  6.747997E-11
5523.10574521234  6.668766E-11
5525.89508742716  6.630545E-11
5528.68442964198  6.627292E-11
5531.4737718568  6.613949E-11
5534.26311407162  6.592799E-11
5537.05245628644  6.589863E-11
5539.84179850126  6.598529E-11
5542.63114071608  6.595184E-11
5545.42048293091  6.574208E-11
5548.20982514573  6.559984E-11
5550.99916736055  6.542960E-11
5553.78850957537  6.488433E-11
5556.57785179019  6.441212E-11
5559.36719400501  6.448125E-11
5562.15653621983  6.475755E-11
5564.94587843465  6.471702E-11
5567.73522064947  6.423383E-11
5570.52456286429  6.409797E-11
5573.31390507911  6.501644E-11
5576.10324729394  6.627767E-11
5578.89258950876  6.707534E-11
5581.68193172358  6.718096E-11
5584.4712739384  6.674242E-11
5587.26061615322  6.630632E-11
5590.04995836804  6.626501E-11
5592.83930058286  6.621037E-11
5595.62864279768  6.601576E-11
5598.41798501251  6.583374E-11
5601.20732722733  6.548996E-11
5603.99666944215  6.527187E-11
5606.78601165697  6.518319E-11
5609.57535387179  6.486753E-11
5612.36469608661  6.454370E-11
5615.15403830143  6.445938E-11
5617.94338051625  6.450460E-11
5620.73272273107  6.425042E-11
5623.52206494589  6.347164E-11
5626.31140716072  6.289947E-11
5629.10074937554  6.296097E-11
5631.89009159036  6.340908E-11
5634.67943380518  6.378862E-11
5637.46877602  6.377336E-11
5640.25811823482  6.359877E-11
5643.04746044964  6.386409E-11
5645.83680266446  6.416633E-11
5648.62614487928  6.379395E-11
5651.4154870941  6.326335E-11
5654.20482930892  6.311970E-11
5656.99417152375  6.311331E-11
5659.78351373857  6.261994E-11
5662.57285595339  6.189463E-11
5665.36219816821  6.167203E-11
5668.15154038303  6.210695E-11
5670.94088259785  6.242663E-11
5673.73022481267  6.210701E-11
5676.51956702749  6.189980E-11
5679.30890924231  6.247454E-11
5682.09825145714  6.277961E-11
5684.88759367196  6.224260E-11
5687.67693588678  6.180911E-11
5690.4662781016  6.185686E-11
5693.25562031642  6.177851E-11
5696.04496253124  6.150355E-11
5698.83430474606  6.159949E-11
5701.62364696088  6.186818E-11
5704.4129891757  6.179817E-11
5707.20233139052  6.177790E-11
5709.99167360534  6.180391E-11
5712.78101582017  6.150114E-11
5715.57035803499  6.139866E-11
5718.35970024981  6.137136E-11
5721.14904246463  6.117770E-11
5723.93838467945  6.147530E-11
5726.72772689427  6.226651E-11
5729.51706910909  6.243302E-11
5732.30641132391  6.207398E-11
5735.09575353873  6.181155E-11
5737.88509575356  6.157990E-11
5740.67443796838  6.139745E-11
5743.4637801832  6.115677E-11
5746.25312239802  6.101553E-11
5749.04246461284  6.118831E-11
5751.83180682766  6.139811E-11
5754.62114904248  6.147183E-11
5757.4104912573  6.138007E-11
5760.19983347212  6.126235E-11
5762.98917568694  6.158309E-11
5765.77851790177  6.189896E-11
5768.56786011659  6.140683E-11
5771.35720233141  6.025624E-11
5774.14654454623  5.936431E-11
5776.93588676105  5.903107E-11
5779.72522897587  5.888404E-11
5782.51457119069  5.861645E-11
5785.30391340551  5.815675E-11
5788.09325562033  5.775174E-11
5790.88259783515  5.763054E-11
5793.67194004997  5.775418E-11
5796.4612822648  5.797689E-11
5799.25062447962  5.816708E-11
5802.03996669444  5.810850E-11
5804.82930890926  5.777652E-11
5807.61865112408  5.743774E-11
5810.4079933389  5.758453E-11
5813.19733555372  5.788544E-11
5815.98667776854  5.794941E-11
5818.77601998336  5.786995E-11
5821.56536219819  5.779128E-11
5824.35470441301  5.775908E-11
5827.14404662783  5.776786E-11
5829.93338884265  5.782002E-11
5832.72273105747  5.773633E-11
5835.51207327229  5.745720E-11
5838.30141548711  5.741058E-11
5841.09075770193  5.751351E-11
5843.88009991675  5.740149E-11
5846.66944213157  5.726820E-11
5849.45878434639  5.718254E-11
5852.24812656122  5.707595E-11
5855.03746877604  5.717437E-11
5857.82681099086  5.762244E-11
5860.61615320568  5.792524E-11
5863.4054954205  5.752897E-11
5866.19483763532  5.693022E-11
5868.98417985014  5.693991E-11
5871.77352206496  5.720751E-11
5874.56286427978  5.704070E-11
5877.3522064946  5.669372E-11
5880.14154870943  5.652949E-11
5882.93089092425  5.646695E-11
5885.72023313907  5.626736E-11
5888.50957535389  5.521052E-11
5891.29891756871  5.437233E-11
5894.08825978353  5.438943E-11
5896.87760199835  5.454515E-11
5899.66694421317  5.429438E-11
5902.45628642799  5.406304E-11
5905.24562864282  5.416793E-11
5908.03497085764  5.412807E-11
5910.82431307246  5.368989E-11
5913.61365528728  5.330608E-11
5916.4029975021  5.324697E-11
5919.19233971692  5.345505E-11
5921.98168193174  5.384816E-11
5924.77102414656  5.414937E-11
5927.56036636138  5.432424E-11
5930.3497085762  5.435131E-11
5933.13905079103  5.425602E-11
5935.92839300585  5.400946E-11
5938.71773522067  5.386668E-11
5941.50707743549  5.399986E-11
5944.29641965031  5.406058E-11
5947.08576186513  5.381406E-11
5949.87510407995  5.360079E-11
5952.66444629477  5.369473E-11
5955.45378850959  5.362205E-11
5958.24313072442  5.319514E-11
5961.03247293924  5.274819E-11
5963.82181515406  5.280236E-11
5966.61115736888  5.355619E-11
5969.4004995837  5.383804E-11
5972.18984179852  5.356812E-11
5974.97918401334  5.276371E-11
5977.76852622816  5.191710E-11
5980.55786844298  5.219439E-11
5983.3472106578  5.283994E-11
5986.13655287262  5.292729E-11
5988.92589508745  5.307371E-11
5991.71523730227  5.260473E-11
5994.50457951709  4.943817E-11
5997.29392173191  5.045145E-11
6000.08326394673  5.233326E-11
6002.87260616155  5.069124E-11
6005.66194837637  5.020435E-11
6008.45129059119  5.025542E-11
6011.24063280601  5.046142E-11
6014.02997502083  5.045217E-11
6016.81931723565  5.029306E-11
6019.60865945048  5.010687E-11
6022.3980016653  5.002502E-11
6025.18734388012  5.011173E-11
6027.97668609494  5.016779E-11
6030.76602830976  5.009038E-11
6033.55537052458  5.005042E-11
6036.3447127394  5.013001E-11
6039.13405495422  5.020129E-11
6041.92339716904  5.015043E-11
6044.71273938387  4.988355E-11
6047.50208159869  4.938800E-11
6050.29142381351  4.884975E-11
6053.08076602833  4.845610E-11
6055.87010824315  4.835734E-11
6058.65945045797  4.866331E-11
6061.44879267279  4.924238E-11
6064.23813488761  4.979141E-11
6067.02747710243  5.012621E-11
6069.81681931725  5.022771E-11
6072.60616153207  5.012250E-11
6075.3955037469  4.988256E-11
6078.18484596172  4.956609E-11
6080.97418817654  4.924279E-11
6083.76353039136  4.900505E-11
6086.55287260618  4.885797E-11
6089.342214821  4.877290E-11
6092.13155703582  4.862967E-11
6094.92089925064  4.830856E-11
6097.71024146546  4.800119E-11
6100.49958368028  4.792895E-11
6103.28892589511  4.804693E-11
6106.07826810993  4.825134E-11
6108.86761032475  4.835754E-11
6111.65695253957  4.822450E-11
6114.44629475439  4.804803E-11
6117.23563696921  4.802123E-11
6120.02497918403  4.812429E-11
6122.81432139885  4.830871E-11
6125.60366361367  4.844979E-11
6128.39300582849  4.842153E-11
6131.18234804332  4.821445E-11
6133.97169025814  4.793225E-11
6136.76103247296  4.782195E-11
6139.55037468778  4.792159E-11
6142.3397169026  4.789454E-11
6145.12905911742  4.754653E-11
6147.91840133224  4.698449E-11
6150.70774354706  4.642035E-11
6153.49708576188  4.612934E-11
6156.28642797671  4.613917E-11
6159.07577019153  4.615431E-11
6161.86511240635  4.603697E-11
6164.65445462117  4.589875E-11
6167.44379683599  4.585226E-11
6170.23313905081  4.596513E-11
6173.02248126563  4.618752E-11
6175.81182348045  4.639001E-11
6178.60116569527  4.651654E-11
6181.39050791009  4.656128E-11
6184.17985012491  4.650163E-11
6186.96919233974  4.631299E-11
6189.75853455456  4.613122E-11
6192.54787676938  4.614584E-11
6195.3372189842  4.625637E-11
6198.12656119902  4.629779E-11
6200.91590341384  4.625492E-11
6203.70524562866  4.607080E-11
6206.49458784348  4.580114E-11
6209.2839300583  4.563203E-11
6212.07327227313  4.558889E-11
6214.86261448795  4.560411E-11
6217.65195670277  4.561673E-11
6220.44129891759  4.552779E-11
6223.23064113241  4.538922E-11
6226.01998334723  4.543338E-11
6228.80932556205  4.563096E-11
6231.59866777687  4.571009E-11
6234.38800999169  4.560979E-11
6237.17735220651  4.545810E-11
6239.96669442134  4.543080E-11
6242.75603663615  4.554164E-11
6245.54537885098  4.551318E-11
6248.3347210658  4.524725E-11
6251.12406328062  4.494204E-11
6253.91340549544  4.471401E-11
6256.70274771026  4.458601E-11
6259.49208992508  4.449872E-11
6262.2814321399  4.429189E-11
6265.07077435472  4.392149E-11
6267.86011656954  4.345532E-11
6270.64945878437  4.305002E-11
6273.43880099919  4.293314E-11
6276.22814321401  4.308966E-11
6279.01748542883  4.331393E-11
6281.80682764365  4.347224E-11
6284.59616985847  4.350071E-11
6287.38551207329  4.336559E-11
6290.17485428811  4.308357E-11
6292.96419650293  4.282055E-11
6295.75353871775  4.274522E-11
6298.54288093258  4.289134E-11
6301.3322231474  4.324209E-11
6304.12156536222  4.365706E-11
6306.91090757704  4.395227E-11
6309.70024979186  4.400641E-11
6312.48959200668  4.380489E-11
6315.2789342215  4.356195E-11
6318.06827643632  4.344415E-11
6320.85761865114  4.341781E-11
6323.64696086597  4.342584E-11
6326.43630308078  4.330262E-11
6329.22564529561  4.294818E-11
6332.01498751043  4.259945E-11
6334.80432972525  4.240751E-11
6337.59367194007  4.213077E-11
6340.38301415489  4.162432E-11
6343.17235636971  4.109521E-11
6345.96169858453  4.077048E-11
6348.75104079935  4.082883E-11
6351.54038301417  4.126933E-11
6354.329725229  4.177231E-11
6357.11906744382  4.213016E-11
6359.90840965864  4.238504E-11
6362.69775187346  4.257629E-11
6365.48709408828  4.270031E-11
6368.2764363031  4.276159E-11
6371.06577851792  4.282570E-11
6373.85512073274  4.292128E-11
6376.64446294756  4.291854E-11
6379.43380516238  4.269363E-11
6382.22314737721  4.228947E-11
6385.01248959203  4.178145E-11
6387.80183180685  4.121578E-11
6390.59117402167  4.082539E-11
6393.38051623649  4.081583E-11
6396.16985845131  4.094126E-11
6398.95920066613  4.090065E-11
6401.74854288095  4.076010E-11
6404.53788509577  4.066276E-11
6407.32722731059  4.067669E-11
6410.11656952541  4.083482E-11
6412.90591174024  4.102124E-11
6415.69525395506  4.109543E-11
6418.48459616988  4.105920E-11
6421.2739383847  4.095018E-11
6424.06328059952  4.077778E-11
6426.85262281434  4.057952E-11
6429.64196502916  4.045975E-11
6432.43130724398  4.046880E-11
6435.2206494588  4.051917E-11
6438.00999167363  4.054343E-11
6440.79933388845  4.059739E-11
6443.58867610327  4.076233E-11
6446.37801831809  4.094950E-11
6449.16736053291  4.095797E-11
6451.95670274773  4.078133E-11
6454.74604496255  4.058106E-11
6457.53538717737  4.050700E-11
6460.32472939219  4.057105E-11
6463.11407160701  4.059977E-11
6465.90341382183  4.055777E-11
6468.69275603666  4.060623E-11
6471.48209825148  4.073203E-11
6474.2714404663  4.076296E-11
6477.06078268112  4.056598E-11
6479.85012489594  4.009536E-11
6482.63946711076  3.949913E-11
6485.42880932558  3.900417E-11
6488.2181515404  3.882465E-11
6491.00749375523  3.915428E-11
6493.79683597005  3.978417E-11
6496.58617818487  4.025770E-11
6499.37552039969  4.038175E-11
6502.16486261451  4.016860E-11
6504.95420482933  3.972448E-11
6507.74354704415  3.917223E-11
6510.53288925897  3.873760E-11
6513.32223147379  3.864317E-11
6516.11157368861  3.868486E-11
6518.90091590343  3.859828E-11
6521.69025811826  3.842365E-11
6524.47960033308  3.822340E-11
6527.2689425479  3.805573E-11
6530.05828476272  3.798126E-11
6532.84762697754  3.795899E-11
6535.63696919236  3.789851E-11
6538.42631140718  3.755658E-11
6541.215653622  3.673545E-11
6544.00499583682  3.560114E-11
6546.79433805165  3.438556E-11
6549.58368026647  3.322427E-11
6552.37302248129  3.209511E-11
6555.16236469611  3.082120E-11
6557.95170691093  2.947210E-11
6560.74104912575  2.838772E-11
6563.53039134057  2.782862E-11
6566.31973355539  2.796697E-11
6569.10907577021  2.880709E-11
6571.89841798503  3.000040E-11
6574.68776019985  3.131278E-11
6577.47710241468  3.275964E-11
6580.2664446295  3.415202E-11
6583.05578684432  3.521318E-11
6585.84512905914  3.588893E-11
6588.63447127396  3.626832E-11
6591.42381348878  3.651392E-11
6594.2131557036  3.676737E-11
6597.00249791842  3.695580E-11
6599.79184013324  3.696723E-11
6602.58118234807  3.693119E-11
6605.37052456288  3.701489E-11
6608.15986677771  3.716422E-11
6610.94920899253  3.727526E-11
6613.73855120735  3.732003E-11
6616.52789342217  3.729537E-11
6619.31723563699  3.731859E-11
6622.10657785181  3.748371E-11
6624.89592006663  3.763926E-11
6627.68526228145  3.764433E-11
6630.47460449627  3.757314E-11
6633.2639467111  3.750803E-11
6636.05328892592  3.740357E-11
6638.84263114074  3.723507E-11
6641.63197335556  3.713093E-11
6644.42131557038  3.717704E-11
6647.2106577852  3.726017E-11
6650.00000000002  3.727341E-11
6652.78934221484  3.720179E-11
6655.57868442966  3.706450E-11
6658.36802664449  3.694487E-11
6661.15736885931  3.690875E-11
6663.94671107413  3.695572E-11
6666.73605328895  3.705291E-11
6669.52539550377  3.712486E-11
6672.31473771859  3.709351E-11
6675.10407993341  3.690897E-11
6677.89342214823  3.666704E-11
6680.68276436305  3.659874E-11
6683.47210657787  3.673862E-11
6686.26144879269  3.695084E-11
6689.05079100752  3.713890E-11
6691.84013322234  3.718095E-11
6694.62947543716  3.704936E-11
6697.41881765198  3.686716E-11
6700.2081598668  3.667048E-11
6702.99750208162  3.642724E-11
6705.78684429644  3.617037E-11
6708.57618651126  3.592673E-11
6711.36552872608  3.580409E-11
6714.1548709409  3.594488E-11
6716.94421315573  3.616457E-11
6719.73355537055  3.618676E-11
6722.52289758537  3.609498E-11
6725.31223980019  3.606255E-11
6728.10158201501  3.605061E-11
6730.89092422983  3.598555E-11
6733.68026644465  3.592384E-11
6736.46960865947  3.592392E-11
6739.25895087429  3.587321E-11
6742.04829308911  3.566398E-11
6744.83763530394  3.540864E-11
6747.62697751876  3.523969E-11
6750.41631973358  3.516955E-11
6753.2056619484  3.518686E-11
6755.99500416322  3.526586E-11
6758.78434637804  3.530224E-11
6761.57368859286  3.515892E-11
6764.36303080769  3.487515E-11
6767.1523730225  3.459055E-11
6769.94171523733  3.439768E-11
6772.73105745215  3.443117E-11
6775.52039966697  3.466329E-11
6778.30974188179  3.490549E-11
6781.09908409661  3.508803E-11
6783.88842631143  3.515380E-11
6786.67776852625  3.507401E-11
6789.46711074107  3.493046E-11
6792.25645295589  3.479696E-11
6795.04579517071  3.472796E-11
6797.83513738554  3.470199E-11
6800.62447960036  3.462327E-11
6803.41382181518  3.455523E-11
6806.20316403  3.466721E-11
6808.99250624482  3.486396E-11
6811.78184845964  3.491547E-11
6814.57119067446  3.480190E-11
6817.36053288928  3.458254E-11
6820.1498751041  3.439134E-11
6822.93921731892  3.442433E-11
6825.72855953374  3.459992E-11
6828.51790174857  3.470181E-11
6831.30724396339  3.467553E-11
6834.09658617821  3.455860E-11
6836.88592839303  3.444104E-11
6839.67527060785  3.439890E-11
6842.46461282267  3.437208E-11
6845.25395503749  3.424957E-11
6848.04329725231  3.410280E-11
6850.83263946713  3.408366E-11
6853.62198168196  3.417681E-11
6856.41132389678  3.434197E-11
6859.2006661116  3.436925E-11
6861.99000832642  3.404374E-11
6864.77935054124  3.360560E-11
6867.56869275606  3.321612E-11
6870.35803497088  3.290897E-11
6873.1473771857  3.281503E-11
6875.93671940052  3.294169E-11
6878.72606161534  3.316495E-11
6881.51540383016  3.331403E-11
6884.30474604499  3.337569E-11
6887.09408825981  3.335436E-11
6889.88343047463  3.326065E-11
6892.67277268945  3.315834E-11
6895.46211490427  3.303989E-11
6898.25145711909  3.296279E-11
6901.04079933391  3.299788E-11
6903.83014154873  3.309997E-11
6906.61948376355  3.319994E-11
6909.40882597837  3.322562E-11
6912.1981681932  3.311799E-11
6914.98751040802  3.293131E-11
6917.77685262284  3.276823E-11
6920.56619483766  3.261517E-11
6923.35553705248  3.252251E-11
6926.1448792673  3.262657E-11
6928.93422148212  3.283073E-11
6931.72356369694  3.295880E-11
6934.51290591176  3.294251E-11
6937.30224812659  3.274099E-11
6940.09159034141  3.244767E-11
6942.88093255623  3.221392E-11
6945.67027477105  3.211181E-11
6948.45961698587  3.215388E-11
6951.24895920069  3.218950E-11
6954.03830141551  3.211602E-11
6956.82764363033  3.222626E-11
6959.61698584515  3.270876E-11
6962.40632805997  3.313435E-11
6965.19567027479  3.314018E-11
6967.98501248962  3.291660E-11
6970.77435470444  3.268476E-11
6973.56369691926  3.247983E-11
6976.35303913408  3.232900E-11
6979.1423813489  3.225762E-11
6981.93172356372  3.224065E-11
6984.72106577854  3.220213E-11
6987.51040799336  3.210922E-11
6990.29975020818  3.201949E-11
6993.089092423  3.193732E-11
6995.87843463783  3.178719E-11
6998.66777685265  3.158920E-11
7001.45711906747  3.146118E-11
7004.24646128229  3.151018E-11
7007.03580349711  3.173365E-11
7009.82514571193  3.193009E-11
7012.61448792675  3.193504E-11
7015.40383014157  3.173727E-11
7018.19317235639  3.134827E-11
7020.98251457121  3.096594E-11
7023.77185678604  3.081164E-11
7026.56119900086  3.089969E-11
7029.35054121568  3.120796E-11
7032.1398834305  3.153118E-11
7034.92922564532  3.159524E-11
7037.71856786014  3.138827E-11
7040.50791007496  3.100568E-11
7043.29725228978  3.065992E-11
7046.0865945046  3.056534E-11
7048.87593671942  3.057101E-11
7051.66527893425  3.047006E-11
7054.45462114907  3.049649E-11
7057.24396336389  3.084566E-11
7060.03330557871  3.113617E-11
7062.82264779353  3.107469E-11
7065.61199000835  3.081888E-11
7068.40133222317  3.053280E-11
7071.19067443799  3.036570E-11
7073.98001665281  3.039227E-11
7076.76935886763  3.047628E-11
7079.55870108246  3.053664E-11
7082.34804329728  3.060594E-11
7085.1373855121  3.064942E-11
7087.92672772692  3.062091E-11
7090.71606994174  3.055716E-11
7093.50541215656  3.047076E-11
7096.29475437138  3.034212E-11
7099.0840965862  3.020101E-11
7101.87343880102  3.009663E-11
7104.66278101585  3.006840E-11
7107.45212323067  3.012384E-11
7110.24146544549  3.024506E-11
7113.03080766031  3.034295E-11
7115.82014987513  3.027233E-11
7118.60949208995  3.008128E-11
7121.39883430477  2.997453E-11
7124.18817651959  3.001042E-11
7126.97751873441  3.010721E-11
7129.76686094923  3.016982E-11
7132.55620316405  3.012231E-11
7135.34554537888  3.001041E-11
7138.1348875937  2.996500E-11
7140.92422980852  3.000363E-11
7143.71357202334  3.006483E-11
7146.50291423816  3.012962E-11
7149.29225645298  3.016984E-11
7152.0815986678  3.016302E-11
7154.87094088262  3.013546E-11
7157.66028309745  3.001869E-11
7160.44962531227  2.975172E-11
7163.23896752708  2.946740E-11
7166.02830974191  2.927716E-11
7168.81765195673  2.919791E-11
7171.60699417155  2.922116E-11
7174.39633638637  2.927589E-11
7177.18567860119  2.931823E-11
7179.97502081601  2.935613E-11
7182.76436303083  2.935314E-11
7185.55370524565  2.921418E-11
7188.34304746047  2.894103E-11
7191.1323896753  2.869415E-11
7193.92173189012  2.858368E-11
7196.71107410494  2.862642E-11
7199.50041631976  2.876464E-11
7202.28975853458  2.882958E-11
7205.0791007494  2.882305E-11
7207.86844296422  2.897970E-11
7210.65778517904  2.923934E-11
7213.44712739386  2.928617E-11
7216.23646960868  2.916192E-11
7219.02581182351  2.912853E-11
7221.81515403833  2.919248E-11
7224.60449625315  2.920509E-11
7227.39383846797  2.907439E-11
7230.18318068279  2.873588E-11
7232.97252289761  2.837019E-11
7235.76186511243  2.827303E-11
7238.55120732725  2.833023E-11
7241.34054954207  2.828347E-11
7244.12989175689  2.812489E-11
7246.91923397172  2.793446E-11
7249.70857618654  2.776869E-11
7252.49791840136  2.767789E-11
7255.28726061618  2.776912E-11
7258.076602831  2.808953E-11
7260.86594504582  2.842048E-11
7263.65528726064  2.856044E-11
7266.44462947546  2.851183E-11
7269.23397169028  2.831758E-11
7272.0233139051  2.808699E-11
7274.81265611993  2.792815E-11
7277.60199833475  2.784808E-11
7280.39134054957  2.780104E-11
7283.18068276439  2.775419E-11
7285.97002497921  2.773914E-11
7288.75936719403  2.769131E-11
7291.54870940885  2.752469E-11
7294.33805162367  2.740562E-11
7297.12739383849  2.745768E-11
7299.91673605332  2.754397E-11
7302.70607826814  2.760296E-11
7305.49542048296  2.769682E-11
7308.28476269778  2.780028E-11
7311.0741049126  2.784768E-11
7313.86344712742  2.780013E-11
7316.65278934224  2.764676E-11
7319.44213155706  2.746926E-11
7322.23147377188  2.736886E-11
7325.0208159867  2.734320E-11
7327.81015820152  2.733307E-11
7330.59950041635  2.731952E-11
7333.38884263117  2.733510E-11
7336.17818484599  2.735986E-11
7338.96752706081  2.732005E-11
7341.75686927563  2.730551E-11
7344.54621149045  2.747767E-11
7347.33555370527  2.770513E-11
7350.12489592009  2.775883E-11
7352.91423813491  2.766180E-11
7355.70358034974  2.752768E-11
7358.49292256456  2.745195E-11
7361.28226477938  2.751022E-11
7364.0716069942  2.763673E-11
7366.86094920902  2.770227E-11
7369.65029142384  2.766463E-11
7372.43963363866  2.756830E-11
7375.22897585348  2.749767E-11
7378.0183180683  2.753968E-11
7380.80766028312  2.766649E-11
7383.59700249795  2.772898E-11
7386.38634471277  2.771451E-11
7389.17568692759  2.769948E-11
7391.96502914241  2.758193E-11
7394.75437135723  2.730527E-11
7397.54371357205  2.705816E-11
7400.33305578687  2.697632E-11
7403.12239800169  2.702123E-11
7405.91174021651  2.712947E-11
7408.70108243133  2.726171E-11
7411.49042464616  2.736173E-11
7414.27976686097  2.732845E-11
7417.0691090758  2.717039E-11
7419.85845129062  2.703522E-11
7422.64779350544  2.697775E-11
7425.43713572026  2.695716E-11
7428.22647793508  2.695150E-11
7431.0158201499  2.695580E-11
7433.80516236472  2.695259E-11
7436.59450457954  2.689327E-11
7439.38384679437  2.678425E-11
7442.17318900919  2.670167E-11
7444.96253122401  2.669645E-11
7447.75187343883  2.676467E-11
7450.54121565365  2.684978E-11
7453.33055786847  2.688944E-11
7456.11990008329  2.682014E-11
7458.90924229811  2.659981E-11
7461.69858451293  2.633005E-11
7464.48792672775  2.616004E-11
7467.27726894257  2.609285E-11
7470.0666111574  2.605417E-11
7472.85595337222  2.603886E-11
7475.64529558704  2.608832E-11
7478.43463780186  2.619260E-11
7481.22398001668  2.630193E-11
7484.0133222315  2.641760E-11
7486.80266444632  2.653986E-11
7489.59200666114  2.656505E-11
7492.38134887596  2.646855E-11
7495.17069109078  2.642106E-11
7497.96003330561  2.649157E-11
7500.74937552043  2.654796E-11
7503.53871773525  2.650087E-11
7506.32805995007  2.634336E-11
7509.11740216489  2.611809E-11
7511.90674437971  2.592930E-11
7514.69608659453  2.584685E-11
7517.48542880935  2.590542E-11
7520.27477102417  2.603991E-11
7523.064113239  2.607484E-11
7525.85345545382  2.599514E-11
7528.64279766864  2.589095E-11
7531.43213988346  2.578722E-11
7534.22148209828  2.575135E-11
7537.0108243131  2.578275E-11
7539.80016652792  2.575236E-11
7542.58950874274  2.561255E-11
7545.37885095756  2.538844E-11
7548.16819317238  2.516977E-11
7550.9575353872  2.511464E-11
7553.74687760203  2.521410E-11
7556.53621981685  2.532685E-11
7559.32556203167  2.544443E-11
7562.11490424649  2.560985E-11
7564.90424646131  2.572438E-11
7567.69358867613  2.568770E-11
7570.48293089095  2.549736E-11
7573.27227310577  2.519074E-11
7576.06161532059  2.494357E-11
7578.85095753541  2.491212E-11
7581.64029975024  2.501702E-11
7584.42964196506  2.514898E-11
7587.21898417988  2.516805E-11
7590.0083263947  2.490636E-11
7592.79766860952  2.453745E-11
7595.58701082434  2.402225E-11
7598.37635303916  2.310043E-11
7601.16569525398  2.197993E-11
7603.9550374688  2.095979E-11
7606.74437968362  2.050017E-11
7609.53372189844  2.100332E-11
7612.32306411327  2.207676E-11
7615.11240632809  2.272376E-11
7617.90174854291  2.295812E-11
7620.69109075773  2.309665E-11
7623.48043297255  2.293110E-11
7626.26977518737  2.262064E-11
7629.05911740219  2.232118E-11
7631.84845961701  2.220140E-11
7634.63780183183  2.238156E-11
7637.42714404666  2.264375E-11
7640.21648626148  2.286059E-11
7643.0058284763  2.295227E-11
7645.79517069112  2.295207E-11
7648.58451290594  2.299995E-11
7651.37385512076  2.308341E-11
7654.16319733558  2.313662E-11
7656.9525395504  2.316154E-11
7659.74188176523  2.317877E-11
7662.53122398004  2.324118E-11
7665.32056619487  2.340808E-11
7668.10990840969  2.357609E-11
7670.89925062451  2.360912E-11
7673.68859283933  2.352669E-11
7676.47793505415  2.338279E-11
7679.26727726897  2.326392E-11
7682.05661948379  2.325788E-11
7684.84596169861  2.338302E-11
7687.63530391343  2.363550E-11
7690.42464612826  2.391135E-11
7693.21398834308  2.406473E-11
7696.0033305579  2.405210E-11
7698.79267277272  2.391359E-11
7701.58201498754  2.376119E-11
7704.37135720236  2.371595E-11
7707.16069941718  2.377560E-11
7709.950041632  2.383866E-11
7712.73938384682  2.385881E-11
7715.52872606164  2.381674E-11
7718.31806827646  2.363722E-11
7721.10741049129  2.340367E-11
7723.89675270611  2.338310E-11
7726.68609492093  2.359506E-11
7729.47543713575  2.377725E-11
7732.26477935057  2.381898E-11
7735.05412156539  2.378673E-11
7737.84346378021  2.375984E-11
7740.63280599503  2.384286E-11
7743.42214820985  2.401443E-11
7746.21149042468  2.412372E-11
7749.0008326395  2.413900E-11
7751.79017485432  2.412401E-11
7754.57951706914  2.405055E-11
7757.36885928396  2.386781E-11
7760.15820149878  2.359906E-11
7762.9475437136  2.326931E-11
7765.73688592842  2.298428E-11
7768.52622814324  2.290732E-11
7771.31557035806  2.298618E-11
7774.10491257288  2.301304E-11
7776.89425478771  2.295218E-11
7779.68359700253  2.291132E-11
7782.47293921735  2.290921E-11
7785.26228143217  2.293657E-11
7788.05162364699  2.305340E-11
7790.84096586181  2.326394E-11
7793.63030807663  2.341903E-11
7796.41965029145  2.340113E-11
7799.20899250627  2.333361E-11
7801.9983347211  2.334880E-11
7804.78767693591  2.336297E-11
7807.57701915074  2.330545E-11
7810.36636136556  2.326336E-11
7813.15570358038  2.328991E-11
7815.9450457952  2.332420E-11
7818.73438801002  2.331477E-11
7821.52373022484  2.323763E-11
7824.31307243966  2.308738E-11
7827.10241465448  2.289788E-11
7829.8917568693  2.271048E-11
7832.68109908413  2.261220E-11
7835.47044129895  2.266263E-11
7838.25978351377  2.277715E-11
7841.04912572859  2.285100E-11
7843.83846794341  2.282874E-11
7846.62781015823  2.270856E-11
7849.41715237305  2.258072E-11
7852.20649458787  2.249690E-11
7854.99583680269  2.242284E-11
7857.78517901752  2.237529E-11
7860.57452123234  2.240503E-11
7863.36386344716  2.248508E-11
7866.15320566198  2.253949E-11
7868.9425478768  2.249143E-11
7871.73189009162  2.232177E-11
7874.52123230644  2.214784E-11
7877.31057452126  2.206411E-11
7880.09991673608  2.200525E-11
7882.8892589509  2.191863E-11
7885.67860116573  2.187341E-11
7888.46794338055  2.192028E-11
7891.25728559537  2.201728E-11
7894.04662781019  2.211395E-11
7896.83597002501  2.212825E-11
7899.62531223983  2.199801E-11
7902.41465445465  2.186358E-11
7905.20399666947  2.187059E-11
7907.99333888429  2.192499E-11
7910.78268109911  2.192127E-11
7913.57202331393  2.193048E-11
7916.36136552876  2.199916E-11
7919.15070774358  2.203457E-11
7921.9400499584  2.197678E-11
7924.72939217322  2.182798E-11
7927.51873438804  2.161659E-11
7930.30807660286  2.149660E-11
7933.09741881768  2.153261E-11
7935.8867610325  2.153374E-11
7938.67610324732  2.148185E-11
7941.46544546214  2.161097E-11
7944.25478767697  2.186863E-11
7947.04412989179  2.197672E-11
7949.83347210661  2.190311E-11
7952.62281432143  2.176437E-11
7955.41215653625  2.162075E-11
7958.20149875107  2.150580E-11
7960.99084096589  2.145538E-11
7963.78018318071  2.150174E-11
7966.56952539553  2.158505E-11
7969.35886761036  2.160170E-11
7972.14820982518  2.159862E-11
7974.93755204  2.168959E-11
7977.72689425482  2.180134E-11
7980.51623646964  2.178055E-11
7983.30557868446  2.166156E-11
7986.09492089928  2.155733E-11
7988.8842631141  2.152420E-11
7991.67360532892  2.158164E-11
7994.46294754374  2.163925E-11
7997.25228975857  2.158573E-11
8000.04163197339  2.141945E-11
8002.83097418821  2.121943E-11
8005.62031640303  2.109940E-11
8008.40965861785  2.109568E-11
8011.19900083267  2.120183E-11
8013.98834304749  2.138352E-11
8016.77768526231  2.137929E-11
8019.56702747713  2.104441E-11
8022.35636969195  2.072638E-11
8025.14571190677  2.068200E-11
8027.9350541216  2.078548E-11
8030.72439633642  2.093919E-11
8033.51373855124  2.110650E-11
8036.30308076606  2.118388E-11
8039.09242298088  2.106056E-11
8041.8817651957  2.078818E-11
8044.67110741052  2.059882E-11
8047.46044962534  2.058737E-11
8050.24979184016  2.067078E-11
8053.03913405498  2.079240E-11
8055.82847626981  2.090711E-11
8058.61781848463  2.099293E-11
8061.40716069945  2.108264E-11
8064.19650291427  2.112503E-11
8066.98584512909  2.100403E-11
8069.77518734391  2.082001E-11
8072.56452955873  2.080073E-11
8075.35387177355  2.085440E-11
8078.14321398837  2.073546E-11
8080.93255620319  2.052072E-11
8083.72189841802  2.040230E-11
8086.51124063284  2.040679E-11
8089.30058284766  2.050750E-11
8092.08992506248  2.060250E-11
8094.8792672773  2.056998E-11
8097.66860949212  2.045803E-11
8100.45795170694  2.037408E-11
8103.24729392176  2.035315E-11
8106.03663613658  2.036829E-11
8108.8259783514  2.034034E-11
8111.61532056623  2.025531E-11
8114.40466278105  2.021690E-11
8117.19400499587  2.026538E-11
8119.98334721069  2.029580E-11
8122.77268942551  2.024661E-11
8125.56203164033  2.017641E-11
8128.35137385515  2.012879E-11
8131.14071606997  2.009712E-11
8133.93005828479  2.007826E-11
8136.71940049962  2.007410E-11
8139.50874271444  2.005400E-11
8142.29808492926  1.995964E-11
8145.08742714408  1.981619E-11
8147.8767693589  1.974991E-11
8150.66611157372  1.980505E-11
8153.45545378854  1.989602E-11
8156.24479600336  1.993932E-11
8159.03413821818  1.990556E-11
8161.823480433  1.980888E-11
8164.61282264782  1.966116E-11
8167.40216486265  1.952973E-11
8170.19150707747  1.956054E-11
8172.98084929229  1.972271E-11
8175.77019150711  1.984149E-11
8178.55953372193  1.987448E-11
8181.34887593675  1.984965E-11
8184.13821815157  1.978078E-11
8186.92756036639  1.970733E-11
8189.71690258121  1.961361E-11
8192.50624479603  1.945141E-11
8195.29558701085  1.932082E-11
8198.08492922568  1.934593E-11
8200.8742714405  1.942686E-11
8203.66361365532  1.942949E-11
8206.45295587014  1.938390E-11
8209.24229808496  1.934956E-11
8212.03164029978  1.935201E-11
8214.8209825146  1.939383E-11
8217.61032472942  1.947071E-11
8220.39966694424  1.958286E-11
8223.18900915907  1.959468E-11
8225.97835137389  1.940846E-11
8228.76769358871  1.922882E-11
8231.55703580353  1.916936E-11
8234.34637801835  1.915574E-11
8237.13572023317  1.922869E-11
8239.92506244799  1.931536E-11
8242.71440466281  1.932671E-11
8245.50374687763  1.929416E-11
8248.29308909245  1.919820E-11
8251.08243130727  1.910327E-11
8253.8717735221  1.907314E-11
8256.66111573692  1.902426E-11
8259.45045795174  1.893914E-11
8262.23980016656  1.894710E-11
8265.02914238138  1.909825E-11
8267.8184845962  1.929781E-11
8270.60782681102  1.941110E-11
8273.39716902585  1.931433E-11
8276.18651124066  1.908794E-11
8278.97585345549  1.897139E-11
8281.76519567031  1.899063E-11
8284.55453788513  1.902171E-11
8287.34388009995  1.902656E-11
8290.13322231477  1.900115E-11
8292.92256452959  1.896621E-11
8295.71190674441  1.896082E-11
8298.50124895923  1.893317E-11
8301.29059117405  1.883682E-11
8304.07993338887  1.875129E-11
8306.86927560369  1.875128E-11
8309.65861781852  1.881531E-11
8312.44796003334  1.887073E-11
8315.23730224816  1.883476E-11
8318.02664446298  1.868828E-11
8320.8159866778  1.855343E-11
8323.60532889262  1.855379E-11
8326.39467110744  1.862795E-11
8329.18401332226  1.866021E-11
8331.97335553708  1.864865E-11
8334.76269775191  1.862987E-11
8337.55203996673  1.862203E-11
8340.34138218155  1.864513E-11
8343.13072439637  1.871178E-11
8345.92006661119  1.879441E-11
8348.70940882601  1.879447E-11
8351.49875104083  1.867388E-11
8354.28809325565  1.852338E-11
8357.07743547047  1.840740E-11
8359.86677768529  1.833920E-11
8362.65611990011  1.832955E-11
8365.44546211494  1.838070E-11
8368.23480432976  1.847511E-11
8371.02414654458  1.857595E-11
8373.8134887594  1.866440E-11
8376.60283097422  1.873684E-11
8379.39217318904  1.878626E-11
8382.18151540386  1.878763E-11
8384.97085761868  1.874409E-11
8387.7601998335  1.870423E-11
8390.54954204833  1.865681E-11
8393.33888426315  1.856458E-11
8396.12822647797  1.848845E-11
8398.91756869279  1.849778E-11
8401.70691090761  1.853097E-11
8404.49625312243  1.849686E-11
8407.28559533725  1.839632E-11
8410.07493755207  1.827702E-11
8412.86427976689  1.823812E-11
8415.65362198171  1.834402E-11
8418.44296419654  1.845952E-11
8421.23230641136  1.845903E-11
8424.02164862618  1.838439E-11
8426.810990841  1.827874E-11
8429.60033305582  1.821705E-11
8432.38967527064  1.825908E-11
8435.17901748546  1.824715E-11
8437.96835970028  1.806890E-11
8440.7577019151  1.788957E-11
8443.54704412993  1.783434E-11
8446.33638634474  1.784149E-11
8449.12572855957  1.786114E-11
8451.91507077439  1.790176E-11
8454.70441298921  1.795025E-11
8457.49375520403  1.796916E-11
8460.28309741885  1.793214E-11
8463.07243963367  1.781502E-11
8465.86178184849  1.767991E-11
8468.65112406331  1.767074E-11
8471.44046627813  1.779244E-11
8474.22980849296  1.794680E-11
8477.01915070778  1.808176E-11
8479.8084929226  1.814732E-11
8482.59783513742  1.814886E-11
8485.38717735224  1.815439E-11
8488.17651956706  1.809576E-11
8490.96586178188  1.783500E-11
8493.7552039967  1.747941E-11
8496.54454621152  1.723924E-11
8499.33388842635  1.714785E-11
8502.12323064117  1.717242E-11
8504.91257285599  1.726352E-11
8507.70191507081  1.735748E-11
8510.49125728563  1.744926E-11
8513.28059950045  1.754736E-11
8516.06994171527  1.770662E-11
8518.85928393009  1.798249E-11
8521.64862614491  1.822791E-11
8524.43796835973  1.827070E-11
8527.22731057455  1.816590E-11
8530.01665278938  1.800898E-11
8532.8059950042  1.775639E-11
8535.59533721902  1.737098E-11
8538.38467943384  1.696016E-11
8541.17402164866  1.664475E-11
8543.96336386348  1.644091E-11
8546.7527060783  1.632261E-11
8549.54204829312  1.633695E-11
8552.33139050794  1.653017E-11
8555.12073272277  1.680322E-11
8557.91007493759  1.708464E-11
8560.69941715241  1.741679E-11
8563.48875936723  1.779080E-11
8566.27810158205  1.813818E-11
8569.06744379687  1.837159E-11
8571.85678601169  1.843597E-11
8574.64612822651  1.832188E-11
8577.43547044133  1.796301E-11
8580.22481265615  1.743914E-11
8583.01415487098  1.702604E-11
8585.8034970858  1.675975E-11
8588.59283930062  1.646131E-11
8591.38218151544  1.610139E-11
8594.17152373026  1.575678E-11
8596.96086594508  1.548616E-11
8599.7502081599  1.534410E-11
8602.53955037472  1.536540E-11
8605.32889258954  1.556494E-11
8608.11823480436  1.592243E-11
8610.90757701919  1.638778E-11
8613.69691923401  1.685193E-11
8616.48626144883  1.719953E-11
8619.27560366365  1.748682E-11
8622.06494587847  1.782161E-11
8624.85428809329  1.818512E-11
8627.64363030811  1.849598E-11
8630.43297252293  1.865719E-11
8633.22231473775  1.864797E-11
8636.01165695257  1.846997E-11
8638.80099916739  1.813758E-11
8641.59034138222  1.786934E-11
8644.37968359704  1.774943E-11
8647.16902581186  1.757552E-11
8649.95836802668  1.725326E-11
8652.7477102415  1.677986E-11
8655.53705245632  1.618876E-11
8658.32639467114  1.558242E-11
8661.11573688596  1.504401E-11
8663.90507910078  1.468983E-11
8666.6944213156  1.457857E-11
8669.48376353043  1.464710E-11
8672.27310574525  1.486211E-11
8675.06244796007  1.524075E-11
8677.85179017489  1.575953E-11
8680.64113238971  1.635263E-11
8683.43047460453  1.692466E-11
8686.21981681935  1.731041E-11
8689.00915903417  1.747587E-11
8691.79850124899  1.759958E-11
8694.58784346381  1.779573E-11
8697.37718567864  1.804956E-11
8700.16652789345  1.825286E-11
8702.95587010828  1.828437E-11
8705.7452123231  1.819428E-11
8708.53455453792  1.814100E-11
8711.32389675274  1.818944E-11
8714.11323896756  1.828239E-11
8716.90258118238  1.834467E-11
8719.6919233972  1.832733E-11
8722.48126561203  1.818853E-11
8725.27060782685  1.790744E-11
8728.05995004167  1.750980E-11
8730.84929225649  1.703722E-11
8733.63863447131  1.650709E-11
8736.42797668613  1.594234E-11
8739.21731890095  1.540875E-11
8742.00666111577  1.495515E-11
8744.79600333059  1.454487E-11
8747.58534554541  1.415858E-11
8750.37468776023  1.388700E-11
8753.16402997506  1.381572E-11
8755.95337218988  1.399043E-11
8758.7427144047  1.440431E-11
8761.53205661952  1.491671E-11
8764.32139883434  1.540825E-11
8767.11074104916  1.583687E-11
8769.90008326398  1.619219E-11
8772.6894254788  1.657430E-11
8775.47876769362  1.703360E-11
8778.26810990844  1.746184E-11
8781.05745212327  1.777099E-11
8783.84679433809  1.795857E-11
8786.63613655291  1.808596E-11
8789.42547876773  1.823431E-11
8792.21482098255  1.839948E-11
8795.00416319737  1.852788E-11
8797.79350541219  1.864154E-11
8800.58284762701  1.882201E-11
8803.37218984183  1.897499E-11
8806.16153205665  1.886596E-11
8808.95087427147  1.856943E-11
8811.7402164863  1.836232E-11
8814.52955870112  1.829807E-11
8817.31890091594  1.830997E-11
8820.10824313076  1.826845E-11
8822.89758534558  1.802882E-11
8825.6869275604  1.772644E-11
8828.47626977522  1.757294E-11
8831.26561199004  1.753686E-11
8834.05495420486  1.752067E-11
8836.84429641969  1.743604E-11
8839.63363863451  1.719047E-11
8842.42298084933  1.683675E-11
8845.21232306415  1.647315E-11
8848.00166527897  1.597351E-11
8850.79100749379  1.522744E-11
8853.58034970861  1.455235E-11
8856.36969192343  1.421144E-11
8859.15903413825  1.392439E-11
8861.94837635308  1.350097E-11
8864.7377185679  1.326159E-11
8867.52706078272  1.338279E-11
8870.31640299754  1.364886E-11
8873.10574521236  1.395775E-11
8875.89508742718  1.438237E-11
8878.684429642  1.495139E-11
8881.47377185682  1.566604E-11
8884.26311407164  1.642938E-11
8887.05245628646  1.703104E-11
8889.84179850128  1.735695E-11
8892.63114071611  1.739395E-11
8895.42048293093  1.732083E-11
8898.20982514575  1.749081E-11
8900.99916736057  1.784872E-11
8903.78850957539  1.799443E-11
8906.57785179021  1.790653E-11
8909.36719400503  1.783948E-11
8912.15653621985  1.783715E-11
8914.94587843467  1.781863E-11
8917.73522064949  1.779042E-11
8920.52456286432  1.781707E-11
8923.31390507914  1.789102E-11
8926.10324729396  1.793860E-11
8928.89258950878  1.795110E-11
8931.6819317236  1.793090E-11
8934.47127393842  1.786051E-11
8937.26061615324  1.782884E-11
8940.04995836806  1.786827E-11
8942.83930058288  1.785426E-11
8945.6286427977  1.772533E-11
8948.41798501253  1.753155E-11
8951.20732722735  1.743448E-11
8953.99666944217  1.753244E-11
8956.78601165699  1.761046E-11
8959.57535387181  1.750842E-11
8962.36469608663  1.738507E-11
8965.15403830145  1.731685E-11
8967.94338051627  1.712932E-11
8970.73272273109  1.679477E-11
8973.52206494591  1.665439E-11
8976.31140716074  1.683517E-11
8979.10074937556  1.694750E-11
8981.89009159038  1.677754E-11
8984.6794338052  1.644607E-11
8987.46877602002  1.607318E-11
8990.25811823484  1.581807E-11
8993.04746044966  1.567914E-11
8995.83680266448  1.541176E-11
8998.6261448793  1.489454E-11
9001.41548709413  1.422654E-11
9004.20482930894  1.360155E-11
9006.99417152377  1.318688E-11
9009.78351373859  1.296890E-11
9012.57285595341  1.278899E-11
9015.36219816823  1.259401E-11
9018.15154038305  1.242794E-11
9020.94088259787  1.242845E-11
9023.73022481269  1.281194E-11
9026.51956702751  1.346463E-11
9029.30890924234  1.406890E-11
9032.09825145716  1.458269E-11
9034.88759367198  1.509617E-11
9037.6769358868  1.563668E-11
9040.46627810162  1.620448E-11
9043.25562031644  1.665895E-11
9046.04496253126  1.682289E-11
9048.83430474608  1.672438E-11
9051.6236469609  1.648943E-11
9054.41298917572  1.623655E-11
9057.20233139055  1.605705E-11
9059.99167360537  1.596330E-11
9062.78101582019  1.593572E-11
9065.57035803501  1.596238E-11
9068.35970024983  1.603603E-11
9071.14904246465  1.616603E-11
9073.93838467947  1.633447E-11
9076.72772689429  1.641026E-11
9079.51706910911  1.632402E-11
9082.30641132393  1.615628E-11
9085.09575353876  1.598194E-11
9087.88509575358  1.589986E-11
9090.6744379684  1.599958E-11
9093.46378018322  1.629815E-11
9096.25312239804  1.665336E-11
9099.04246461286  1.671802E-11
9101.83180682768  1.645863E-11
9104.6211490425  1.621666E-11
9107.41049125732  1.614435E-11
9110.19983347214  1.626521E-11
9112.98917568696  1.648806E-11
9115.77851790178  1.652964E-11
9118.56786011661  1.634494E-11
9121.35720233143  1.612573E-11
9124.14654454625  1.604059E-11
9126.93588676107  1.619774E-11
9129.72522897589  1.640205E-11
9132.51457119071  1.634633E-11
9135.30391340553  1.612895E-11
9138.09325562035  1.601152E-11
9140.88259783517  1.611314E-11
9143.67194004999  1.647008E-11
9146.46128226481  1.684970E-11
9149.25062447964  1.697234E-11
9152.03996669446  1.677186E-11
9154.82930890928  1.626527E-11
9157.6186511241  1.582881E-11
9160.40799333892  1.582120E-11
9163.19733555374  1.595592E-11
9165.98667776856  1.599609E-11
9168.77601998339  1.601745E-11
9171.56536219821  1.602474E-11
9174.35470441303  1.607945E-11
9177.14404662785  1.618982E-11
9179.93338884267  1.621204E-11
9182.72273105749  1.612048E-11
9185.51207327231  1.601299E-11
9188.30141548713  1.596414E-11
9191.09075770195  1.599497E-11
9193.88009991677  1.604046E-11
9196.6694421316  1.589822E-11
9199.45878434642  1.548523E-11
9202.24812656124  1.500879E-11
9205.03746877606  1.460237E-11
9207.82681099088  1.423085E-11
9210.6161532057  1.388677E-11
9213.40549542052  1.356270E-11
9216.19483763534  1.324266E-11
9218.98417985016  1.293799E-11
9221.77352206498  1.266977E-11
9224.5628642798  1.247629E-11
9227.35220649463  1.227653E-11
9230.14154870945  1.187998E-11
9232.93089092427  1.153541E-11
9235.72023313909  1.175928E-11
9238.50957535391  1.241164E-11
9241.29891756873  1.298686E-11
9244.08825978355  1.340433E-11
9246.87760199837  1.374108E-11
9249.66694421319  1.391701E-11
9252.45628642801  1.397351E-11
9255.24562864284  1.406823E-11
9258.03497085766  1.424247E-11
9260.82431307248  1.444832E-11
9263.6136552873  1.465415E-11
9266.40299750212  1.501741E-11
9269.19233971694  1.563879E-11
9271.98168193176  1.617121E-11
9274.77102414658  1.636498E-11
9277.5603663614  1.636581E-11
9280.34970857622  1.621574E-11
9283.13905079105  1.584837E-11
9285.92839300587  1.537477E-11
9288.71773522069  1.505791E-11
9291.50707743551  1.504111E-11
9294.29641965033  1.527303E-11
9297.08576186515  1.561377E-11
9299.87510407997  1.578166E-11
9302.66444629479  1.563415E-11
9305.45378850961  1.534256E-11
9308.24313072444  1.505769E-11
9311.03247293926  1.482209E-11
9313.82181515408  1.469088E-11
9316.6111573689  1.470996E-11
9319.40049958372  1.485332E-11
9322.18984179854  1.501766E-11
9324.97918401336  1.510386E-11
9327.76852622818  1.520716E-11
9330.557868443  1.528241E-11
9333.34721065782  1.498405E-11
9336.13655287264  1.450314E-11
9338.92589508747  1.424807E-11
9341.71523730229  1.413432E-11
9344.50457951711  1.410827E-11
9347.29392173193  1.408902E-11
9350.08326394675  1.392984E-11
9352.87260616157  1.378506E-11
9355.66194837639  1.374418E-11
9358.45129059121  1.373430E-11
9361.24063280603  1.380485E-11
9364.02997502085  1.393149E-11
9366.81931723568  1.400937E-11
9369.6086594505  1.408904E-11
9372.39800166532  1.423688E-11
9375.18734388014  1.438671E-11
9377.97668609496  1.446061E-11
9380.76602830978  1.431634E-11
9383.5553705246  1.392602E-11
9386.34471273942  1.382121E-11
9389.13405495424  1.425251E-11
9391.92339716906  1.463657E-11
9394.71273938389  1.467430E-11
9397.50208159871  1.451281E-11
9400.29142381353  1.420692E-11
9403.08076602835  1.386561E-11
9405.87010824317  1.358871E-11
9408.65945045799  1.336857E-11
9411.44879267281  1.324934E-11
9414.23813488763  1.332491E-11
9417.02747710245  1.359408E-11
9419.81681931727  1.393127E-11
9422.6061615321  1.421143E-11
9425.39550374692  1.427485E-11
9428.18484596174  1.408882E-11
9430.97418817656  1.393745E-11
9433.76353039138  1.401022E-11
9436.5528726062  1.423062E-11
9439.34221482102  1.433058E-11
9442.13155703584  1.401721E-11
9444.92089925066  1.363772E-11
9447.71024146548  1.381659E-11
9450.49958368031  1.431909E-11
9453.28892589513  1.458533E-11
9456.07826810995  1.453561E-11
9458.86761032477  1.427734E-11
9461.65695253959  1.391809E-11
9464.44629475441  1.357212E-11
9467.23563696923  1.340515E-11
9470.02497918405  1.359968E-11
9472.81432139887  1.387539E-11
9475.60366361369  1.384499E-11
9478.39300582852  1.369906E-11
9481.18234804334  1.360696E-11
9483.97169025816  1.355023E-11
9486.76103247298  1.370533E-11
9489.5503746878  1.395857E-11
9492.33971690262  1.411089E-11
9495.12905911744  1.410710E-11
9497.91840133226  1.368851E-11
9500.70774354709  1.319753E-11
9503.4970857619  1.314237E-11
9506.28642797673  1.333610E-11
9509.07577019155  1.356439E-11
9511.86511240637  1.349117E-11
9514.65445462119  1.296652E-11
9517.44379683601  1.254143E-11
9520.23313905083  1.239746E-11
9523.02248126565  1.230040E-11
9525.81182348047  1.221466E-11
9528.60116569529  1.208729E-11
9531.39050791011  1.187152E-11
9534.17985012494  1.160356E-11
9536.96919233976  1.130690E-11
9539.75853455458  1.095568E-11
9542.5478767694  1.061529E-11
9545.33721898422  1.038715E-11
9548.12656119904  1.028895E-11
9550.91590341386  1.032624E-11
9553.70524562868  1.054529E-11
9556.4945878435  1.098636E-11
9559.28393005832  1.147799E-11
9562.07327227314  1.179389E-11
9564.86261448797  1.197805E-11
9567.65195670279  1.209585E-11
9570.44129891761  1.219654E-11
9573.23064113243  1.244898E-11
9576.01998334725  1.278859E-11
9578.80932556207  1.303465E-11
9581.59866777689  1.319503E-11
9584.38800999171  1.326868E-11
9587.17735220653  1.327799E-11
9589.96669442135  1.327565E-11
9592.75603663618  1.330037E-11
9595.545378851  1.338551E-11
9598.33472106582  1.340400E-11
9601.12406328064  1.327727E-11
9603.91340549546  1.312543E-11
9606.70274771028  1.304327E-11
9609.4920899251  1.303107E-11
9612.28143213992  1.307738E-11
9615.07077435475  1.315644E-11
9617.86011656957  1.322184E-11
9620.64945878439  1.317713E-11
9623.43880099921  1.301951E-11
9626.22814321403  1.294345E-11
9629.01748542885  1.302899E-11
9631.80682764367  1.324430E-11
9634.59616985849  1.354453E-11
9637.38551207331  1.368447E-11
9640.17485428813  1.357711E-11
9642.96419650296  1.342477E-11
9645.75353871778  1.330672E-11
9648.5428809326  1.329105E-11
9651.33222314742  1.343776E-11
9654.12156536224  1.361127E-11
9656.91090757706  1.365984E-11
9659.70024979188  1.356324E-11
9662.4895920067  1.341286E-11
9665.27893422152  1.327127E-11
9668.06827643634  1.325845E-11
9670.85761865116  1.355856E-11
9673.64696086598  1.393253E-11
9676.43630308081  1.401404E-11
9679.22564529563  1.394541E-11
9682.01498751045  1.396739E-11
9684.80432972527  1.399226E-11
9687.59367194009  1.391682E-11
9690.38301415491  1.381538E-11
9693.17235636973  1.377643E-11
9695.96169858455  1.385709E-11
9698.75104079937  1.404617E-11
9701.54038301419  1.421044E-11
9704.32972522902  1.428549E-11
9707.11906744384  1.426770E-11
9709.90840965866  1.411535E-11
9712.69775187348  1.389475E-11
9715.4870940883  1.374574E-11
9718.27643630312  1.373385E-11
9721.06577851794  1.380724E-11
9723.85512073276  1.382986E-11
9726.64446294758  1.375627E-11
9729.4338051624  1.367117E-11
9732.22314737723  1.361035E-11
9735.01248959205  1.350810E-11
9737.80183180687  1.333227E-11
9740.59117402169  1.314981E-11
9743.38051623651  1.308688E-11
9746.16985845133  1.325508E-11
9748.95920066615  1.361884E-11
9751.74854288098  1.402109E-11
9754.5378850958  1.424809E-11
9757.32722731062  1.413205E-11
9760.11656952544  1.381858E-11
9762.90591174026  1.357732E-11
9765.69525395508  1.342528E-11
9768.4845961699  1.328650E-11
9771.27393838472  1.321043E-11
9774.06328059954  1.326329E-11
9776.85262281436  1.340345E-11
9779.64196502918  1.354699E-11
9782.431307244  1.364734E-11
9785.22064945883  1.368197E-11
9788.00999167365  1.364756E-11
9790.79933388847  1.359881E-11
9793.58867610329  1.365212E-11
9796.37801831811  1.380695E-11
9799.16736053293  1.387550E-11
9801.95670274775  1.379440E-11
9804.74604496257  1.364171E-11
9807.53538717739  1.346228E-11
9810.32472939221  1.338694E-11
9813.11407160704  1.347812E-11
9815.90341382186  1.356011E-11
9818.69275603668  1.355150E-11
9821.4820982515  1.353325E-11
9824.27144046632  1.352479E-11
9827.06078268114  1.352933E-11
9829.85012489596  1.357288E-11
9832.63946711078  1.367649E-11
9835.4288093256  1.378788E-11
9838.21815154043  1.374020E-11
9841.00749375525  1.349998E-11
9843.79683597007  1.322078E-11
9846.58617818489  1.299841E-11
9849.37552039971  1.286254E-11
9852.16486261453  1.280992E-11
9854.95420482935  1.280266E-11
9857.74354704417  1.283863E-11
9860.53288925899  1.291913E-11
9863.32223147381  1.303735E-11
9866.11157368863  1.322262E-11
9868.90091590346  1.339563E-11
9871.69025811828  1.341056E-11
9874.4796003331  1.339029E-11
9877.26894254792  1.353036E-11
9880.05828476274  1.365231E-11
9882.84762697756  1.351397E-11
9885.63696919238  1.328626E-11
9888.4263114072  1.320550E-11
9891.21565362202  1.319332E-11
9894.00499583684  1.312379E-11
9896.79433805167  1.297818E-11
9899.58368026649  1.279175E-11
9902.37302248131  1.271970E-11
9905.16236469613  1.284737E-11
9907.95170691095  1.298924E-11
9910.74104912577  1.298360E-11
9913.53039134059  1.291901E-11
9916.31973355541  1.289761E-11
9919.10907577023  1.290237E-11
9921.89841798505  1.291880E-11
9924.68776019988  1.297176E-11
9927.4771024147  1.305010E-11
9930.26644462952  1.308866E-11
9933.05578684434  1.304562E-11
9935.84512905916  1.293708E-11
9938.63447127398  1.282935E-11
9941.4238134888  1.280773E-11
9944.21315570362  1.287407E-11
9947.00249791844  1.291482E-11
9949.79184013326  1.286495E-11
9952.58118234809  1.276964E-11
9955.37052456291  1.266771E-11
9958.15986677773  1.258554E-11
9960.94920899255  1.253755E-11
9963.73855120737  1.247416E-11
9966.52789342219  1.239432E-11
9969.31723563701  1.238807E-11
9972.10657785183  1.244552E-11
9974.89592006665  1.247058E-11
9977.68526228147  1.247242E-11
9980.4746044963  1.249818E-11
9983.26394671112  1.249312E-11
9986.05328892594  1.241789E-11
9988.84263114076  1.229393E-11
9991.63197335558  1.214486E-11
9994.4213155704  1.244266E-11
9997.21065778522  1.333163E-11
10000.  1.219845E-11
