3300.  6.623840E-9
3302.79516061744  7.241061E-9
3305.59032123488  6.627539E-9
3308.38548185232  6.434786E-9
3311.18064246975  6.569551E-9
3313.97580308719  6.670677E-9
3316.77096370463  6.741953E-9
3319.56612432207  6.663438E-9
3322.36128493951  6.431124E-9
3325.15644555695  6.287121E-9
3327.95160617439  6.414639E-9
3330.74676679182  6.590585E-9
3333.54192740926  6.494199E-9
3336.3370880267  6.257497E-9
3339.13224864414  6.167957E-9
3341.92740926158  6.308219E-9
3344.72256987902  6.501401E-9
3347.51773049645  6.575828E-9
3350.31289111389  6.559539E-9
3353.10805173133  6.515121E-9
3355.90321234877  6.456718E-9
3358.69837296621  6.439210E-9
3361.49353358365  6.452680E-9
3364.28869420109  6.503855E-9
3367.08385481852  6.546771E-9
3369.87901543596  6.506292E-9
3372.6741760534  6.436337E-9
3375.46933667084  6.408452E-9
3378.26449728828  6.460311E-9
3381.05965790572  6.528700E-9
3383.85481852316  6.569419E-9
3386.64997914059  6.587095E-9
3389.44513975803  6.603062E-9
3392.24030037547  6.654787E-9
3395.03546099291  6.749489E-9
3397.83062161035  6.705206E-9
3400.62578222779  6.438662E-9
3403.42094284522  6.201987E-9
3406.21610346266  6.177048E-9
3409.0112640801  6.284638E-9
3411.80642469754  6.342566E-9
3414.60158531498  6.413905E-9
3417.39674593242  6.508182E-9
3420.19190654986  6.503885E-9
3422.98706716729  6.470798E-9
3425.78222778473  6.447220E-9
3428.57738840217  6.395109E-9
3431.37254901961  6.359033E-9
3434.16770963705  6.333175E-9
3436.96287025449  6.293416E-9
3439.75803087193  6.287570E-9
3442.55319148936  6.259506E-9
3445.3483521068  6.180280E-9
3448.14351272424  6.125769E-9
3450.93867334168  6.115377E-9
3453.73383395912  6.056114E-9
3456.52899457656  5.983536E-9
3459.32415519399  6.085629E-9
3462.11931581143  6.403261E-9
3464.91447642887  6.680317E-9
3467.70963704631  6.696994E-9
3470.50479766375  6.528151E-9
3473.29995828119  6.379450E-9
3476.09511889863  6.434840E-9
3478.89027951606  6.611397E-9
3481.6854401335  6.642217E-9
3484.48060075094  6.523245E-9
3487.27576136838  6.411756E-9
3490.07092198582  6.390840E-9
3492.86608260326  6.377188E-9
3495.6612432207  6.260616E-9
3498.45640383813  6.104644E-9
3501.25156445557  6.027756E-9
3504.04672507301  6.079728E-9
3506.84188569045  6.174091E-9
3509.63704630789  6.264550E-9
3512.43220692533  6.327106E-9
3515.22736754276  6.353634E-9
3518.0225281602  6.401091E-9
3520.81768877764  6.428292E-9
3523.61284939508  6.366455E-9
3526.40801001252  6.287544E-9
3529.20317062996  6.400027E-9
3531.99833124739  6.702151E-9
3534.79349186483  6.935450E-9
3537.58865248227  6.925308E-9
3540.38381309971  6.672682E-9
3543.17897371715  6.362793E-9
3545.97413433459  6.223762E-9
3548.76929495203  6.304664E-9
3551.56445556947  6.437427E-9
3554.3596161869  6.511897E-9
3557.15477680434  6.513884E-9
3559.94993742178  6.535028E-9
3562.74509803922  6.551236E-9
3565.54025865666  6.543450E-9
3568.3354192741  6.587477E-9
3571.13057989153  6.613321E-9
3573.92574050897  6.488483E-9
3576.72090112641  6.241247E-9
3579.51606174385  6.006093E-9
3582.31122236129  5.933816E-9
3585.10638297873  6.049822E-9
3587.90154359617  6.140275E-9
3590.6967042136  6.101154E-9
3593.49186483104  6.119504E-9
3596.28702544848  6.262672E-9
3599.08218606592  6.353453E-9
3601.87734668336  6.279996E-9
3604.6725073008  6.167028E-9
3607.46766791824  6.134317E-9
3610.26282853567  6.125146E-9
3613.05798915311  6.088742E-9
3615.85314977055  6.068085E-9
3618.64831038799  6.055257E-9
3621.44347100543  6.022461E-9
3624.23863162287  5.941949E-9
3627.0337922403  5.780346E-9
3629.82895285774  5.716045E-9
3632.62411347518  5.841770E-9
3635.41927409262  5.995595E-9
3638.21443471006  6.087784E-9
3641.0095953275  6.106415E-9
3643.80475594494  6.091644E-9
3646.59991656237  6.106528E-9
3649.39507717981  6.131221E-9
3652.19023779725  6.157431E-9
3654.98539841469  6.146034E-9
3657.78055903213  6.120330E-9
3660.57571964957  6.207595E-9
3663.37088026701  6.331641E-9
3666.16604088444  6.289079E-9
3668.96120150188  6.193781E-9
3671.75636211932  6.245464E-9
3674.55152273676  6.325036E-9
3677.3466833542  6.424188E-9
3680.14184397164  6.741699E-9
3682.93700458907  6.430507E-9
3685.73216520651  5.818160E-9
3688.52732582395  6.830117E-9
3691.32248644139  7.341893E-9
3694.11764705883  6.965503E-9
3696.91280767627  6.489649E-9
3699.70796829371  6.408573E-9
3702.50312891114  6.552082E-9
3705.29828952858  6.735920E-9
3708.09345014602  6.854881E-9
3710.88861076346  6.886389E-9
3713.6837713809  7.080048E-9
3716.47893199834  7.253636E-9
3719.27409261578  7.127697E-9
3722.06925323321  7.223297E-9
3724.86441385065  7.650939E-9
3727.65957446809  7.651500E-9
3730.45473508553  7.108715E-9
3733.24989570297  6.732260E-9
3736.04505632041  6.983040E-9
3738.84021693784  7.719795E-9
3741.63537755528  8.390824E-9
3744.43053817272  8.192844E-9
3747.22569879016  7.244136E-9
3750.0208594076  6.670528E-9
3752.81602002504  6.883027E-9
3755.61118064248  7.427424E-9
3758.40634125991  8.106188E-9
3761.20150187735  8.717443E-9
3763.99666249479  8.643870E-9
3766.79182311223  7.781337E-9
3769.58698372967  6.825614E-9
3772.38214434711  6.589283E-9
3775.17730496454  7.223845E-9
3777.97246558198  8.269232E-9
3780.76762619942  9.127327E-9
3783.56278681686  9.617981E-9
3786.3579474343  9.940939E-9
3789.15310805174  9.866863E-9
3791.94826866918  8.936007E-9
3794.74342928661  7.494402E-9
3797.53858990405  6.535062E-9
3800.33375052149  6.409160E-9
3803.12891113893  6.772382E-9
3805.92407175637  7.400934E-9
3808.71923237381  8.058959E-9
3811.51439299125  8.506365E-9
3814.30955360868  8.759694E-9
3817.10471422612  8.973557E-9
3819.89987484356  9.344731E-9
3822.695035461  9.887788E-9
3825.49019607844  1.001742E-8
3828.28535669588  9.254712E-9
3831.08051731332  7.919989E-9
3833.87567793075  6.668209E-9
3836.67083854819  6.096867E-9
3839.46599916563  6.447554E-9
3842.26115978307  7.200387E-9
3845.05632040051  7.667434E-9
3847.85148101795  7.857911E-9
3850.64664163538  7.877757E-9
3853.44180225282  7.825918E-9
3856.23696287026  7.893930E-9
3859.0321234877  8.110248E-9
3861.82728410514  8.353845E-9
3864.62244472258  8.593417E-9
3867.41760534002  8.754544E-9
3870.21276595745  8.788474E-9
3873.00792657489  8.859664E-9
3875.80308719233  9.191898E-9
3878.59824780977  9.433720E-9
3881.39340842721  9.041090E-9
3884.18856904465  7.876722E-9
3886.98372966209  6.482877E-9
3889.77889027952  5.746321E-9
3892.57405089696  5.880237E-9
3895.3692115144  6.288793E-9
3898.16437213184  6.603038E-9
3900.95953274928  6.871520E-9
3903.75469336672  7.121137E-9
3906.54985398415  7.375702E-9
3909.34501460159  7.501978E-9
3912.14017521903  7.526910E-9
3914.93533583647  7.539486E-9
3917.73049645391  7.485816E-9
3920.52565707135  7.406244E-9
3923.32081768879  7.421125E-9
3926.11597830622  7.444624E-9
3928.91113892366  7.198025E-9
3931.7062995411  6.810764E-9
3934.50146015854  6.810154E-9
3937.29662077598  7.155065E-9
3940.09178139342  7.414825E-9
3942.88694201086  7.553095E-9
3945.68210262829  7.765320E-9
3948.47726324573  8.015801E-9
3951.27242386317  8.156531E-9
3954.06758448061  8.302369E-9
3956.86274509805  8.480736E-9
3959.65790571549  8.271763E-9
3962.45306633292  7.530877E-9
3965.24822695036  6.492922E-9
3968.0433875678  5.458955E-9
3970.83854818524  4.944554E-9
3973.63370880268  5.134317E-9
3976.42886942012  5.656450E-9
3979.22403003756  6.101058E-9
3982.01919065499  6.506073E-9
3984.81435127243  6.902307E-9
3987.60951188987  7.127724E-9
3990.40467250731  7.089272E-9
3993.19983312475  6.996397E-9
3995.99499374219  7.064222E-9
3998.79015435963  7.157007E-9
4001.58531497706  7.098862E-9
4004.3804755945  6.970082E-9
4007.17563621194  6.935633E-9
4009.97079682938  7.056658E-9
4012.76595744682  7.249866E-9
4015.56111806426  7.367517E-9
4018.35627868169  7.185655E-9
4021.15143929913  6.783622E-9
4023.94659991657  6.486091E-9
4026.74176053401  6.497380E-9
4029.53692115145  6.715925E-9
4032.33208176889  6.909425E-9
4035.12724238633  6.979986E-9
4037.92240300376  7.001709E-9
4040.7175636212  6.988097E-9
4043.51272423864  6.919891E-9
4046.30788485608  6.800495E-9
4049.10304547352  6.726778E-9
4051.89820609096  6.790029E-9
4054.69336670839  6.873105E-9
4057.48852732583  6.859202E-9
4060.28368794327  6.744517E-9
4063.07884856071  6.651123E-9
4065.87400917815  6.686691E-9
4068.66916979559  6.770828E-9
4071.46433041303  6.851538E-9
4074.25949103046  6.937334E-9
4077.0546516479  6.998985E-9
4079.84981226534  7.073784E-9
4082.64497288278  7.178901E-9
4085.44013350022  7.296641E-9
4088.23529411766  7.512201E-9
4091.0304547351  7.787821E-9
4093.82561535253  7.561431E-9
4096.62077596997  6.465617E-9
4099.41593658741  5.278211E-9
4102.21109720485  4.770067E-9
4105.00625782229  4.820847E-9
4107.80141843973  5.138187E-9
4110.59657905717  5.548250E-9
4113.3917396746  5.884615E-9
4116.18690029204  6.057546E-9
4118.98206090948  6.107356E-9
4121.77722152692  6.117590E-9
4124.57238214436  6.117128E-9
4127.3675427618  6.141134E-9
4130.16270337923  6.244280E-9
4132.95786399667  6.409165E-9
4135.75302461411  6.546297E-9
4138.54818523155  6.556824E-9
4141.34334584899  6.466669E-9
4144.13850646643  6.381906E-9
4146.93366708387  6.333305E-9
4149.7288277013  6.302603E-9
4152.52398831874  6.281073E-9
4155.31914893618  6.299038E-9
4158.11430955362  6.397022E-9
4160.90947017106  6.466565E-9
4163.7046307885  6.417863E-9
4166.49979140593  6.377952E-9
4169.29495202337  6.400313E-9
4172.09011264081  6.349237E-9
4174.88527325825  6.255785E-9
4177.68043387569  6.239642E-9
4180.47559449313  6.223470E-9
4183.27075511056  6.144530E-9
4186.065915728  6.100585E-9
4188.86107634544  6.175667E-9
4191.65623696288  6.251387E-9
4194.45139758032  6.193506E-9
4197.24655819776  6.086733E-9
4200.0417188152  6.078607E-9
4202.83687943264  6.165543E-9
4205.63204005007  6.261227E-9
4208.42720066751  6.293343E-9
4211.22236128495  6.277808E-9
4214.01752190239  6.265333E-9
4216.81268251983  6.259762E-9
4219.60784313727  6.239669E-9
4222.40300375471  6.196338E-9
4225.19816437214  6.157031E-9
4227.99332498958  6.145855E-9
4230.78848560702  6.236794E-9
4233.58364622446  6.418769E-9
4236.3788068419  6.487963E-9
4239.17396745934  6.350592E-9
4241.96912807677  6.188452E-9
4244.76428869421  6.147467E-9
4247.55944931165  6.136253E-9
4250.35460992909  6.092232E-9
4253.14977054653  6.037111E-9
4255.94493116397  5.961807E-9
4258.74009178141  5.855378E-9
4261.53525239884  5.770520E-9
4264.33041301628  5.749917E-9
4267.12557363372  5.798988E-9
4269.92073425116  5.806569E-9
4272.7158948686  5.750680E-9
4275.51105548604  5.774872E-9
4278.30621610348  5.880819E-9
4281.10137672091  5.955395E-9
4283.89653733835  5.903988E-9
4286.69169795579  5.777025E-9
4289.48685857323  5.706730E-9
4292.28201919067  5.782430E-9
4295.07717980811  5.924901E-9
4297.87234042554  5.905473E-9
4300.66750104298  5.800594E-9
4303.46266166042  5.925433E-9
4306.25782227786  6.175765E-9
4309.0529828953  6.224766E-9
4311.84814351274  6.119659E-9
4314.64330413018  6.063932E-9
4317.43846474762  6.096605E-9
4320.23362536505  6.189989E-9
4323.02878598249  6.323608E-9
4325.82394659993  6.388255E-9
4328.61910721737  6.352364E-9
4331.41426783481  6.323718E-9
4334.20942845225  5.997609E-9
4337.00458906968  5.173916E-9
4339.79974968712  4.494825E-9
4342.59491030456  4.379574E-9
4345.390070922  4.575343E-9
4348.18523153944  4.819619E-9
4350.98039215688  5.013524E-9
4353.77555277432  5.144315E-9
4356.57071339175  5.219541E-9
4359.36587400919  5.197838E-9
4362.16103462663  5.141762E-9
4364.95619524407  5.215020E-9
4367.75135586151  5.345017E-9
4370.54651647895  5.354935E-9
4373.34167709638  5.289964E-9
4376.13683771382  5.312772E-9
4378.93199833126  5.380037E-9
4381.7271589487  5.320488E-9
4384.52231956614  5.226992E-9
4387.31748018358  5.247509E-9
4390.11264080101  5.336085E-9
4392.90780141845  5.395306E-9
4395.70296203589  5.419974E-9
4398.49812265333  5.420864E-9
4401.29328327077  5.412926E-9
4404.08844388821  5.446774E-9
4406.88360450565  5.435906E-9
4409.67876512308  5.296337E-9
4412.47392574052  5.172983E-9
4415.26908635796  5.176338E-9
4418.0642469754  5.201327E-9
4420.85940759284  5.191076E-9
4423.65456821028  5.204470E-9
4426.44972882772  5.249923E-9
4429.24488944515  5.318701E-9
4432.04005006259  5.374436E-9
4434.83521068003  5.328294E-9
4437.63037129747  5.242462E-9
4440.42553191491  5.242977E-9
4443.22069253235  5.295543E-9
4446.01585314979  5.289385E-9
4448.81101376722  5.225056E-9
4451.60617438466  5.182044E-9
4454.4013350021  5.215916E-9
4457.19649561954  5.304125E-9
4459.99165623698  5.338662E-9
4462.78681685442  5.324151E-9
4465.58197747186  5.318477E-9
4468.37713808929  5.245586E-9
4471.17229870673  5.105473E-9
4473.96745932417  5.005860E-9
4476.76261994161  4.934575E-9
4479.55778055905  4.865835E-9
4482.35294117649  4.912177E-9
4485.14810179392  5.061369E-9
4487.94326241136  5.150797E-9
4490.7384230288  5.176970E-9
4493.53358364624  5.167611E-9
4496.32874426368  5.147630E-9
4499.12390488112  5.116927E-9
4501.91906549856  5.083967E-9
4504.71422611599  5.090913E-9
4507.50938673343  5.054666E-9
4510.30454735087  4.957614E-9
4513.09970796831  4.909034E-9
4515.89486858575  4.973394E-9
4518.69002920319  5.066678E-9
4521.48518982063  5.027003E-9
4524.28035043806  4.931990E-9
4527.0755110555  4.949582E-9
4529.87067167294  5.006559E-9
4532.66583229038  5.029155E-9
4535.46099290782  5.033849E-9
4538.25615352526  4.977384E-9
4541.05131414269  4.883719E-9
4543.84647476013  4.831999E-9
4546.64163537757  4.804296E-9
4549.43679599501  4.789617E-9
4552.23195661245  4.798743E-9
4555.02711722989  4.768401E-9
4557.82227784733  4.712775E-9
4560.61743846476  4.738564E-9
4563.4125990822  4.854313E-9
4566.20775969964  4.956302E-9
4569.00292031708  4.972582E-9
4571.79808093452  4.983420E-9
4574.59324155196  5.015275E-9
4577.38840216939  4.996956E-9
4580.18356278683  4.928358E-9
4582.97872340427  4.891566E-9
4585.77388402171  4.940979E-9
4588.56904463915  5.007334E-9
4591.36420525659  4.992208E-9
4594.15936587403  4.918146E-9
4596.95452649146  4.808307E-9
4599.7496871089  4.717609E-9
4602.54484772634  4.686140E-9
4605.34000834378  4.719036E-9
4608.13516896122  4.834169E-9
4610.93032957866  4.915164E-9
4613.7254901961  4.895476E-9
4616.52065081353  4.875397E-9
4619.31581143097  4.899678E-9
4622.11097204841  4.908330E-9
4624.90613266585  4.849579E-9
4627.70129328329  4.759973E-9
4630.49645390073  4.665395E-9
4633.29161451816  4.584010E-9
4636.0867751356  4.592459E-9
4638.88193575304  4.694788E-9
4641.67709637048  4.796021E-9
4644.47225698792  4.814163E-9
4647.26741760536  4.745386E-9
4650.06257822279  4.679204E-9
4652.85773884023  4.664926E-9
4655.65289945767  4.641991E-9
4658.44806007511  4.610023E-9
4661.24322069255  4.616934E-9
4664.03838130999  4.639124E-9
4666.83354192743  4.631680E-9
4669.62870254486  4.632021E-9
4672.4238631623  4.693841E-9
4675.21902377974  4.761330E-9
4678.01418439718  4.728667E-9
4680.80934501462  4.609783E-9
4683.60450563206  4.511913E-9
4686.3996662495  4.471425E-9
4689.19482686693  4.445137E-9
4691.98998748437  4.425354E-9
4694.78514810181  4.465677E-9
4697.58030871925  4.555089E-9
4700.37546933669  4.573278E-9
4703.17062995413  4.504736E-9
4705.96579057157  4.422576E-9
4708.76095118901  4.360369E-9
4711.55611180644  4.323682E-9
4714.35127242388  4.329438E-9
4717.14643304132  4.356904E-9
4719.94159365876  4.359482E-9
4722.7367542762  4.369249E-9
4725.53191489364  4.421437E-9
4728.32707551107  4.489281E-9
4731.12223612851  4.522772E-9
4733.91739674595  4.541081E-9
4736.71255736339  4.558144E-9
4739.50771798083  4.533276E-9
4742.30287859827  4.462021E-9
4745.0980392157  4.395455E-9
4747.89319983314  4.398127E-9
4750.68836045058  4.459107E-9
4753.48352106802  4.514730E-9
4756.27868168546  4.521954E-9
4759.0738423029  4.472227E-9
4761.86900292034  4.397853E-9
4764.66416353778  4.349495E-9
4767.45932415521  4.336583E-9
4770.25448477265  4.328727E-9
4773.04964539009  4.293497E-9
4775.84480600753  4.226918E-9
4778.63996662497  4.145967E-9
4781.4351272424  4.123987E-9
4784.23028785984  4.205492E-9
4787.02544847728  4.281343E-9
4789.82060909472  4.286639E-9
4792.61576971216  4.280762E-9
4795.4109303296  4.283134E-9
4798.20609094704  4.303029E-9
4801.00125156447  4.354357E-9
4803.79641218191  4.374606E-9
4806.59157279935  4.346033E-9
4809.38673341679  4.315587E-9
4812.18189403423  4.283996E-9
4814.97705465167  4.239056E-9
4817.77221526911  4.216381E-9
4820.56737588654  4.232576E-9
4823.36253650398  4.266147E-9
4826.15769712142  4.301667E-9
4828.95285773886  4.314805E-9
4831.7480183563  4.327086E-9
4834.54317897374  4.370966E-9
4837.33833959118  4.425932E-9
4840.13350020861  4.460807E-9
4842.92866082605  4.451580E-9
4845.72382144349  4.415270E-9
4848.51898206093  4.406834E-9
4851.31414267837  4.440369E-9
4854.10930329581  4.411516E-9
4856.90446391324  4.174030E-9
4859.69962453068  3.743294E-9
4862.49478514812  3.391115E-9
4865.28994576556  3.382199E-9
4868.085106383  3.634202E-9
4870.88026700044  3.830435E-9
4873.67542761788  3.893667E-9
4876.47058823531  3.988556E-9
4879.26574885275  4.084566E-9
4882.06090947019  4.087714E-9
4884.85607008763  4.053352E-9
4887.65123070507  4.047268E-9
4890.44639132251  4.062056E-9
4893.24155193995  4.061532E-9
4896.03671255738  4.054808E-9
4898.83187317482  4.044206E-9
4901.62703379226  4.015437E-9
4904.4221944097  3.990579E-9
4907.21735502714  3.993818E-9
4910.01251564458  3.985400E-9
4912.80767626202  3.925471E-9
4915.60283687945  3.863072E-9
4918.39799749689  3.809118E-9
4921.19315811433  3.713778E-9
4923.98831873177  3.668696E-9
4926.78347934921  3.763589E-9
4929.57863996665  3.891290E-9
4932.37380058408  3.924342E-9
4935.16896120152  3.861120E-9
4937.96412181896  3.807580E-9
4940.7592824364  3.812918E-9
4943.55444305384  3.836810E-9
4946.34960367128  3.839611E-9
4949.14476428872  3.805027E-9
4951.93992490615  3.768039E-9
4954.73508552359  3.757719E-9
4957.53024614103  3.764965E-9
4960.32540675847  3.791989E-9
4963.12056737591  3.805104E-9
4965.91572799335  3.787373E-9
4968.71088861078  3.793475E-9
4971.50604922822  3.823527E-9
4974.30120984566  3.842565E-9
4977.0963704631  3.836040E-9
4979.89153108054  3.797139E-9
4982.68669169798  3.776686E-9
4985.48185231542  3.813477E-9
4988.27701293285  3.842146E-9
4991.07217355029  3.824983E-9
4993.86733416773  3.797153E-9
4996.66249478517  3.795974E-9
4999.45765540261  3.830277E-9
5002.25281602005  3.849696E-9
5005.04797663749  3.836495E-9
5007.84313725492  3.840499E-9
5010.63829787236  3.843157E-9
5013.4334584898  3.775026E-9
5016.22861910724  3.672334E-9
5019.02377972468  3.647621E-9
5021.81894034212  3.714535E-9
5024.61410095956  3.780089E-9
5027.40926157699  3.820415E-9
5030.20442219443  3.831067E-9
5032.99958281187  3.814606E-9
5035.79474342931  3.780572E-9
5038.58990404675  3.723055E-9
5041.38506466419  3.685040E-9
5044.18022528162  3.694898E-9
5046.97538589906  3.729083E-9
5049.7705465165  3.761421E-9
5052.56570713394  3.746668E-9
5055.36086775138  3.683519E-9
5058.15602836882  3.661708E-9
5060.95118898626  3.697525E-9
5063.74634960369  3.715608E-9
5066.54151022113  3.718172E-9
5069.33667083857  3.725316E-9
5072.13183145601  3.714072E-9
5074.92699207345  3.665726E-9
5077.72215269089  3.609647E-9
5080.51731330833  3.603380E-9
5083.31247392576  3.619173E-9
5086.1076345432  3.652272E-9
5088.90279516064  3.719397E-9
5091.69795577808  3.748683E-9
5094.49311639552  3.710782E-9
5097.28827701296  3.673024E-9
5100.08343763039  3.657954E-9
5102.87859824783  3.611696E-9
5105.67375886527  3.541451E-9
5108.46891948271  3.520917E-9
5111.26408010015  3.567203E-9
5114.05924071759  3.616626E-9
5116.85440133503  3.629055E-9
5119.64956195246  3.645902E-9
5122.4447225699  3.658158E-9
5125.23988318734  3.624783E-9
5128.03504380478  3.600370E-9
5130.83020442222  3.625487E-9
5133.62536503966  3.629588E-9
5136.4205256571  3.586427E-9
5139.21568627453  3.565213E-9
5142.01084689197  3.584128E-9
5144.80600750941  3.577830E-9
5147.60116812685  3.536611E-9
5150.39632874429  3.526129E-9
5153.19148936173  3.581756E-9
5155.98664997916  3.632926E-9
5158.7818105966  3.615958E-9
5161.57697121404  3.561633E-9
5164.37213183148  3.486096E-9
5167.16729244892  3.400271E-9
5169.96245306636  3.394280E-9
5172.7576136838  3.491442E-9
5175.55277430123  3.590609E-9
5178.34793491867  3.620424E-9
5181.14309553611  3.592817E-9
5183.93825615355  3.558824E-9
5186.73341677099  3.570195E-9
5189.52857738843  3.621011E-9
5192.32373800586  3.647427E-9
5195.1188986233  3.639979E-9
5197.91405924074  3.629240E-9
5200.70921985818  3.632227E-9
5203.50438047562  3.633017E-9
5206.29954109306  3.615585E-9
5209.0947017105  3.593261E-9
5211.88986232793  3.572624E-9
5214.68502294537  3.552451E-9
5217.48018356281  3.557709E-9
5220.27534418025  3.581443E-9
5223.07050479769  3.589067E-9
5225.86566541513  3.572622E-9
5228.66082603257  3.557760E-9
5231.45598665001  3.545999E-9
5234.25114726744  3.523858E-9
5237.04630788488  3.513574E-9
5239.84146850232  3.530158E-9
5242.63662911976  3.542669E-9
5245.4317897372  3.529091E-9
5248.22695035464  3.512269E-9
5251.02211097208  3.505095E-9
5253.81727158951  3.487137E-9
5256.61243220695  3.449832E-9
5259.40759282439  3.430669E-9
5262.20275344183  3.438335E-9
5264.99791405927  3.446274E-9
5267.79307467671  3.433789E-9
5270.58823529414  3.385898E-9
5273.38339591158  3.339993E-9
5276.17855652902  3.336017E-9
5278.97371714646  3.345070E-9
5281.7688777639  3.359334E-9
5284.56403838134  3.373267E-9
5287.35919899877  3.357082E-9
5290.15435961621  3.333634E-9
5292.94952023365  3.333907E-9
5295.74468085109  3.314139E-9
5298.53984146853  3.241351E-9
5301.33500208597  3.191367E-9
5304.1301627034  3.233809E-9
5306.92532332084  3.293731E-9
5309.72048393828  3.275488E-9
5312.51564455572  3.218565E-9
5315.31080517316  3.202968E-9
5318.1059657906  3.209187E-9
5320.90112640804  3.186535E-9
5323.69628702547  3.174860E-9
5326.49144764291  3.202866E-9
5329.28660826035  3.226438E-9
5332.08176887779  3.236325E-9
5334.87692949523  3.239226E-9
5337.67209011267  3.229543E-9
5340.46725073011  3.221046E-9
5343.26241134754  3.225021E-9
5346.05757196498  3.244307E-9
5348.85273258242  3.273542E-9
5351.64789319986  3.293884E-9
5354.4430538173  3.289458E-9
5357.23821443474  3.287771E-9
5360.03337505218  3.292651E-9
5362.82853566961  3.275453E-9
5365.62369628705  3.245218E-9
5368.41885690449  3.203719E-9
5371.21401752193  3.177156E-9
5374.00917813937  3.204555E-9
5376.80433875681  3.249931E-9
5379.59949937424  3.255387E-9
5382.39465999168  3.236842E-9
5385.18982060912  3.239369E-9
5387.98498122656  3.261885E-9
5390.780141844  3.267296E-9
5393.57530246144  3.226061E-9
5396.37046307888  3.166791E-9
5399.16562369631  3.148600E-9
5401.96078431375  3.165991E-9
5404.75594493119  3.164426E-9
5407.55110554863  3.147742E-9
5410.34626616607  3.154594E-9
5413.14142678351  3.168364E-9
5415.93658740095  3.152252E-9
5418.73174801838  3.116455E-9
5421.52690863582  3.093372E-9
5424.32206925326  3.100330E-9
5427.1172298707  3.114236E-9
5429.91239048814  3.091878E-9
5432.70755110558  3.058955E-9
5435.50271172301  3.070883E-9
5438.29787234045  3.095802E-9
5441.09303295789  3.075618E-9
5443.88819357533  3.026600E-9
5446.68335419277  3.011317E-9
5449.47851481021  3.053776E-9
5452.27367542764  3.113907E-9
5455.06883604509  3.137465E-9
5457.86399666252  3.126523E-9
5460.65915727996  3.109699E-9
5463.4543178974  3.093108E-9
5466.24947851484  3.089129E-9
5469.04463913228  3.096119E-9
5471.83979974971  3.076042E-9
5474.63496036715  3.039170E-9
5477.43012098459  3.030185E-9
5480.22528160203  3.035217E-9
5483.02044221947  3.015589E-9
5485.81560283691  2.981221E-9
5488.61076345435  2.979227E-9
5491.40592407179  3.027509E-9
5494.20108468922  3.040415E-9
5496.99624530666  2.958197E-9
5499.7914059241  2.886664E-9
5502.58656654154  2.909374E-9
5505.38172715898  2.948311E-9
5508.17688777642  2.938269E-9
5510.97204839385  2.934615E-9
5513.76720901129  2.961369E-9
5516.56236962873  2.975416E-9
5519.35753024617  2.968752E-9
5522.15269086361  2.970567E-9
5524.94785148105  2.990814E-9
5527.74301209849  3.022801E-9
5530.53817271592  3.048320E-9
5533.33333333336  3.056089E-9
5536.1284939508  3.060519E-9
5538.92365456824  3.072631E-9
5541.71881518568  3.080817E-9
5544.51397580312  3.076777E-9
5547.30913642055  3.072269E-9
5550.10429703799  3.067684E-9
5552.89945765543  3.052638E-9
5555.69461827287  3.031784E-9
5558.48977889031  3.020766E-9
5561.28493950775  3.013064E-9
5564.08010012519  2.987556E-9
5566.87526074262  2.945254E-9
5569.67042136006  2.918885E-9
5572.4655819775  2.929511E-9
5575.26074259494  2.926158E-9
5578.05590321238  2.870449E-9
5580.85106382982  2.832470E-9
5583.64622444725  2.862631E-9
5586.44138506469  2.904209E-9
5589.23654568213  2.917169E-9
5592.03170629957  2.919303E-9
5594.82686691701  2.921531E-9
5597.62202753445  2.912137E-9
5600.41718815189  2.885550E-9
5603.21234876932  2.867908E-9
5606.00750938676  2.869032E-9
5608.8026700042  2.858729E-9
5611.59783062164  2.829048E-9
5614.39299123908  2.807051E-9
5617.18815185652  2.801202E-9
5619.98331247396  2.794509E-9
5622.7784730914  2.772668E-9
5625.57363370883  2.740607E-9
5628.36879432627  2.724221E-9
5631.16395494371  2.735715E-9
5633.95911556115  2.755144E-9
5636.75427617859  2.766458E-9
5639.54943679603  2.778746E-9
5642.34459741346  2.790140E-9
5645.1397580309  2.787826E-9
5647.93491864834  2.784408E-9
5650.73007926578  2.791326E-9
5653.52523988322  2.814665E-9
5656.32040050066  2.844084E-9
5659.11556111809  2.838526E-9
5661.91072173553  2.796170E-9
5664.70588235297  2.768607E-9
5667.50104297041  2.777083E-9
5670.29620358785  2.789358E-9
5673.09136420529  2.793282E-9
5675.88652482272  2.803640E-9
5678.68168544016  2.810058E-9
5681.4768460576  2.800655E-9
5684.27200667504  2.795404E-9
5687.06716729248  2.802116E-9
5689.86232790992  2.799992E-9
5692.65748852736  2.788177E-9
5695.4526491448  2.784021E-9
5698.24780976223  2.788615E-9
5701.04297037967  2.795198E-9
5703.83813099711  2.790048E-9
5706.63329161455  2.770819E-9
5709.42845223199  2.751720E-9
5712.22361284943  2.733809E-9
5715.01877346686  2.726104E-9
5717.8139340843  2.729146E-9
5720.60909470174  2.726776E-9
5723.40425531918  2.727223E-9
5726.19941593662  2.722757E-9
5728.99457655406  2.693364E-9
5731.7897371715  2.668125E-9
5734.58489778893  2.673606E-9
5737.38005840637  2.688115E-9
5740.17521902381  2.687475E-9
5742.97037964125  2.670446E-9
5745.76554025869  2.655826E-9
5748.56070087613  2.662213E-9
5751.35586149356  2.670136E-9
5754.151022111  2.656069E-9
5756.94618272844  2.637922E-9
5759.74134334588  2.639344E-9
5762.53650396332  2.655458E-9
5765.33166458076  2.666918E-9
5768.1268251982  2.665954E-9
5770.92198581563  2.661662E-9
5773.71714643307  2.662028E-9
5776.51230705051  2.666011E-9
5779.30746766795  2.670782E-9
5782.10262828539  2.661309E-9
5784.89778890283  2.632360E-9
5787.69294952027  2.614716E-9
5790.4881101377  2.616630E-9
5793.28327075514  2.610668E-9
5796.07843137258  2.595291E-9
5798.87359199002  2.584953E-9
5801.66875260746  2.577869E-9
5804.4639132249  2.560127E-9
5807.25907384234  2.542174E-9
5810.05423445977  2.551131E-9
5812.84939507721  2.569412E-9
5815.64455569465  2.570642E-9
5818.43971631209  2.564901E-9
5821.23487692953  2.561669E-9
5824.03003754697  2.562499E-9
5826.82519816441  2.578218E-9
5829.62035878184  2.604766E-9
5832.41551939928  2.619443E-9
5835.21068001672  2.619775E-9
5838.00584063416  2.612799E-9
5840.8010012516  2.594973E-9
5843.59616186904  2.567772E-9
5846.39132248647  2.514839E-9
5849.18648310391  2.435636E-9
5851.98164372135  2.408474E-9
5854.77680433879  2.466303E-9
5857.57196495623  2.532025E-9
5860.36712557367  2.543157E-9
5863.16228619111  2.513810E-9
5865.95744680854  2.492091E-9
5868.75260742598  2.492908E-9
5871.54776804342  2.493314E-9
5874.34292866086  2.476569E-9
5877.1380892783  2.451115E-9
5879.93324989574  2.438617E-9
5882.72841051317  2.440450E-9
5885.52357113061  2.430633E-9
5888.31873174805  2.402211E-9
5891.11389236549  2.398263E-9
5893.90905298293  2.432550E-9
5896.70421360037  2.462984E-9
5899.49937421781  2.478071E-9
5902.29453483524  2.497037E-9
5905.08969545268  2.515969E-9
5907.88485607012  2.521481E-9
5910.68001668756  2.520091E-9
5913.475177305  2.513446E-9
5916.27033792244  2.494429E-9
5919.06549853988  2.475446E-9
5921.86065915731  2.467428E-9
5924.65581977475  2.460917E-9
5927.45098039219  2.457936E-9
5930.24614100963  2.465417E-9
5933.04130162707  2.459459E-9
5935.83646224451  2.433920E-9
5938.63162286194  2.437007E-9
5941.42678347938  2.464376E-9
5944.22194409682  2.448130E-9
5947.01710471426  2.402294E-9
5949.8122653317  2.395362E-9
5952.60742594914  2.419361E-9
5955.40258656658  2.423398E-9
5958.19774718401  2.403233E-9
5960.99290780145  2.384346E-9
5963.78806841889  2.383362E-9
5966.58322903633  2.393415E-9
5969.37838965377  2.401033E-9
5972.17355027121  2.391585E-9
5974.96871088864  2.357525E-9
5977.76387150608  2.339360E-9
5980.55903212352  2.361377E-9
5983.35419274096  2.379681E-9
5986.1493533584  2.381254E-9
5988.94451397584  2.391979E-9
5991.73967459328  2.355400E-9
5994.53483521071  2.186727E-9
5997.32999582815  2.351610E-9
6000.12515644559  2.553670E-9
6002.92031706303  2.482756E-9
6005.71547768047  2.460324E-9
6008.51063829791  2.447913E-9
6011.30579891535  2.440619E-9
6014.10095953278  2.433075E-9
6016.89612015022  2.427214E-9
6019.69128076766  2.425069E-9
6022.4864413851  2.425038E-9
6025.28160200254  2.425717E-9
6028.07676261998  2.423453E-9
6030.87192323742  2.417596E-9
6033.66708385485  2.415187E-9
6036.46224447229  2.418911E-9
6039.25740508973  2.421588E-9
6042.05256570717  2.419939E-9
6044.84772632461  2.415655E-9
6047.64288694205  2.407611E-9
6050.43804755949  2.397430E-9
6053.23320817692  2.386660E-9
6056.02836879436  2.375516E-9
6058.8235294118  2.371966E-9
6061.61869002924  2.379001E-9
6064.41385064668  2.386272E-9
6067.20901126412  2.386593E-9
6070.00417188155  2.381724E-9
6072.79933249899  2.375249E-9
6075.59449311643  2.371081E-9
6078.38965373387  2.371082E-9
6081.18481435131  2.370633E-9
6083.97997496875  2.364760E-9
6086.77513558618  2.357438E-9
6089.57029620362  2.354367E-9
6092.36545682106  2.354528E-9
6095.1606174385  2.355257E-9
6097.95577805594  2.352929E-9
6100.75093867338  2.345258E-9
6103.54609929082  2.338907E-9
6106.34125990825  2.339031E-9
6109.13642052569  2.337054E-9
6111.93158114313  2.327359E-9
6114.72674176057  2.321030E-9
6117.52190237801  2.324623E-9
6120.31706299545  2.329479E-9
6123.11222361289  2.330316E-9
6125.90738423032  2.328564E-9
6128.70254484776  2.323088E-9
6131.4977054652  2.311868E-9
6134.29286608264  2.297877E-9
6137.08802670008  2.287761E-9
6139.88318731752  2.283346E-9
6142.67834793496  2.280701E-9
6145.47350855239  2.275473E-9
6148.26866916983  2.266087E-9
6151.06382978727  2.254732E-9
6153.85899040471  2.244571E-9
6156.65415102215  2.238026E-9
6159.44931163959  2.234757E-9
6162.24447225702  2.232468E-9
6165.03963287446  2.231527E-9
6167.8347934919  2.233319E-9
6170.62995410934  2.237704E-9
6173.42511472678  2.241675E-9
6176.22027534422  2.241648E-9
6179.01543596166  2.238756E-9
6181.81059657909  2.235718E-9
6184.60575719653  2.235238E-9
6187.40091781397  2.238755E-9
6190.19607843141  2.239535E-9
6192.99123904885  2.231465E-9
6195.78639966629  2.218362E-9
6198.58156028373  2.206850E-9
6201.37672090116  2.203115E-9
6204.1718815186  2.207376E-9
6206.96704213604  2.215013E-9
6209.76220275348  2.224390E-9
6212.55736337092  2.228293E-9
6215.35252398836  2.221303E-9
6218.1476846058  2.210491E-9
6220.94284522323  2.198448E-9
6223.73800584067  2.185051E-9
6226.53316645811  2.179556E-9
6229.32832707555  2.183932E-9
6232.12348769299  2.187758E-9
6234.91864831042  2.187418E-9
6237.71380892786  2.183109E-9
6240.5089695453  2.168508E-9
6243.30413016274  2.148644E-9
6246.09929078018  2.141449E-9
6248.89445139762  2.147527E-9
6251.68961201506  2.152768E-9
6254.48477263249  2.153154E-9
6257.27993324994  2.151323E-9
6260.07509386737  2.148859E-9
6262.87025448481  2.147835E-9
6265.66541510225  2.144035E-9
6268.46057571969  2.130702E-9
6271.25573633713  2.115957E-9
6274.05089695457  2.112591E-9
6276.846057572  2.118267E-9
6279.64121818944  2.125117E-9
6282.43637880688  2.128602E-9
6285.23153942432  2.126271E-9
6288.02670004176  2.119783E-9
6290.8218606592  2.112720E-9
6293.61702127663  2.107571E-9
6296.41218189407  2.104170E-9
6299.20734251151  2.099941E-9
6302.00250312895  2.093658E-9
6304.79766374639  2.087475E-9
6307.59282436383  2.082423E-9
6310.38798498126  2.076721E-9
6313.1831455987  2.071867E-9
6315.97830621614  2.071530E-9
6318.77346683358  2.074534E-9
6321.56862745102  2.076794E-9
6324.36378806846  2.075971E-9
6327.1589486859  2.070453E-9
6329.95410930333  2.060715E-9
6332.74926992077  2.050188E-9
6335.54443053821  2.039182E-9
6338.33959115565  2.023212E-9
6341.13475177309  2.002976E-9
6343.92991239053  1.986969E-9
6346.72507300797  1.982126E-9
6349.5202336254  1.991300E-9
6352.31539424284  2.009949E-9
6355.11055486028  2.027458E-9
6357.90571547772  2.035816E-9
6360.70087609516  2.031606E-9
6363.4960367126  2.017678E-9
6366.29119733003  1.999187E-9
6369.08635794747  1.984931E-9
6371.88151856491  1.986423E-9
6374.67667918235  2.002652E-9
6377.47183979979  2.021635E-9
6380.26700041723  2.032714E-9
6383.06216103467  2.032423E-9
6385.8573216521  2.020876E-9
6388.65248226954  2.002477E-9
6391.44764288698  1.989283E-9
6394.24280350442  1.985714E-9
6397.03796412186  1.986693E-9
6399.8331247393  1.990246E-9
6402.62828535674  1.995650E-9
6405.42344597418  2.001018E-9
6408.21860659161  2.003991E-9
6411.01376720905  2.003499E-9
6413.80892782649  2.001723E-9
6416.60408844393  1.999928E-9
6419.39924906137  1.997150E-9
6422.19440967881  1.993292E-9
6424.98957029624  1.989980E-9
6427.78473091368  1.989026E-9
6430.57989153112  1.990850E-9
6433.37505214856  1.993090E-9
6436.170212766  1.991744E-9
6438.96537338344  1.986214E-9
6441.76053400088  1.981840E-9
6444.55569461831  1.983202E-9
6447.35085523575  1.984863E-9
6450.14601585319  1.980745E-9
6452.94117647063  1.974446E-9
6455.73633708807  1.969522E-9
6458.53149770551  1.965559E-9
6461.32665832294  1.961977E-9
6464.12181894038  1.958510E-9
6466.91697955782  1.954920E-9
6469.71214017526  1.950719E-9
6472.5073007927  1.947932E-9
6475.30246141014  1.948485E-9
6478.09762202757  1.950414E-9
6480.89278264501  1.952332E-9
6483.68794326245  1.953707E-9
6486.48310387989  1.953307E-9
6489.27826449733  1.949993E-9
6492.07342511477  1.944165E-9
6494.8685857322  1.939902E-9
6497.66374634964  1.938841E-9
6500.45890696708  1.936307E-9
6503.25406758452  1.930484E-9
6506.04922820196  1.924125E-9
6508.8443888194  1.919026E-9
6511.63954943684  1.917515E-9
6514.43471005428  1.919870E-9
6517.22987067171  1.921944E-9
6520.02503128915  1.923071E-9
6522.82019190659  1.926602E-9
6525.61535252403  1.931784E-9
6528.41051314147  1.934152E-9
6531.20567375891  1.935693E-9
6534.00083437635  1.945125E-9
6536.79599499378  1.963675E-9
6539.59115561122  1.983451E-9
6542.38631622866  1.999116E-9
6545.1814768461  2.010452E-9
6547.97663746354  2.013776E-9
6550.77179808098  2.000089E-9
6553.56695869841  1.963893E-9
6556.36211931585  1.909303E-9
6559.15727993329  1.843074E-9
6561.95244055073  1.770467E-9
6564.74760116817  1.714684E-9
6567.54276178561  1.700630E-9
6570.33792240305  1.717894E-9
6573.13308302048  1.744154E-9
6575.92824363792  1.768844E-9
6578.72340425536  1.785666E-9
6581.5185648728  1.797470E-9
6584.31372549024  1.811301E-9
6587.10888610768  1.823613E-9
6589.90404672512  1.830516E-9
6592.69920734255  1.835352E-9
6595.49436795999  1.838152E-9
6598.28952857743  1.836486E-9
6601.08468919487  1.832632E-9
6603.87984981231  1.830945E-9
6606.67501042975  1.831916E-9
6609.47017104719  1.833365E-9
6612.26533166462  1.834541E-9
6615.06049228206  1.835646E-9
6617.8556528995  1.836041E-9
6620.65081351694  1.832868E-9
6623.44597413438  1.824342E-9
6626.24113475182  1.814323E-9
6629.03629536925  1.808102E-9
6631.83145598669  1.809006E-9
6634.62661660413  1.815206E-9
6637.42177722157  1.820314E-9
6640.21693783901  1.820424E-9
6643.01209845645  1.813643E-9
6645.80725907389  1.803028E-9
6648.60241969132  1.795161E-9
6651.39758030876  1.791773E-9
6654.1927409262  1.792194E-9
6656.98790154364  1.792372E-9
6659.78306216108  1.786767E-9
6662.57822277852  1.778023E-9
6665.37338339595  1.771232E-9
6668.16854401339  1.763846E-9
6670.96370463083  1.751549E-9
6673.75886524827  1.738684E-9
6676.55402586571  1.732361E-9
6679.34918648315  1.731450E-9
6682.14434710059  1.732190E-9
6684.93950771802  1.735990E-9
6687.73466833546  1.744952E-9
6690.5298289529  1.755578E-9
6693.32498957034  1.762114E-9
6696.12015018778  1.763815E-9
6698.91531080522  1.762739E-9
6701.71047142266  1.760524E-9
6704.50563204009  1.758879E-9
6707.30079265753  1.755929E-9
6710.09595327497  1.750502E-9
6712.89111389241  1.746289E-9
6715.68627450985  1.744717E-9
6718.48143512729  1.744247E-9
6721.27659574472  1.744643E-9
6724.07175636216  1.747222E-9
6726.8669169796  1.750039E-9
6729.66207759704  1.747084E-9
6732.45723821448  1.739687E-9
6735.25239883192  1.736428E-9
6738.04755944936  1.738745E-9
6740.84272006679  1.741769E-9
6743.63788068423  1.740682E-9
6746.43304130167  1.732014E-9
6749.22820191911  1.720473E-9
6752.02336253655  1.714421E-9
6754.81852315399  1.715853E-9
6757.61368377142  1.721131E-9
6760.40884438886  1.722972E-9
6763.2040050063  1.719001E-9
6765.99916562374  1.711777E-9
6768.79432624118  1.701803E-9
6771.58948685862  1.694601E-9
6774.38464747606  1.694118E-9
6777.17980809349  1.694796E-9
6779.97496871093  1.694040E-9
6782.77012932837  1.692865E-9
6785.56528994581  1.690540E-9
6788.36045056325  1.688988E-9
6791.15561118069  1.690270E-9
6793.95077179813  1.692555E-9
6796.74593241556  1.693465E-9
6799.541093033  1.690365E-9
6802.33625365044  1.682554E-9
6805.13141426788  1.673826E-9
6807.92657488532  1.667750E-9
6810.72173550276  1.666793E-9
6813.5168961202  1.671039E-9
6816.31205673763  1.675634E-9
6819.10721735507  1.675892E-9
6821.90237797251  1.670592E-9
6824.69753858995  1.663563E-9
6827.49269920739  1.661014E-9
6830.28785982483  1.662616E-9
6833.08302044227  1.664725E-9
6835.8781810597  1.665092E-9
6838.67334167714  1.661018E-9
6841.46850229458  1.655010E-9
6844.26366291202  1.650906E-9
6847.05882352946  1.648094E-9
6849.8539841469  1.648164E-9
6852.64914476433  1.649451E-9
6855.44430538177  1.648019E-9
6858.23946599921  1.647648E-9
6861.03462661665  1.650576E-9
6863.82978723409  1.651511E-9
6866.62494785153  1.643602E-9
6869.42010846896  1.628786E-9
6872.2152690864  1.617655E-9
6875.01042970384  1.611512E-9
6877.80559032128  1.605603E-9
6880.60075093872  1.602193E-9
6883.39591155616  1.606031E-9
6886.1910721736  1.611456E-9
6888.98623279103  1.612058E-9
6891.78139340847  1.611009E-9
6894.57655402591  1.608911E-9
6897.37171464335  1.603104E-9
6900.16687526079  1.596204E-9
6902.96203587823  1.591010E-9
6905.75719649567  1.588419E-9
6908.5523571131  1.591273E-9
6911.34751773054  1.596722E-9
6914.14267834798  1.595901E-9
6916.93783896542  1.589991E-9
6919.73299958286  1.585312E-9
6922.5281602003  1.582689E-9
6925.32332081774  1.584914E-9
6928.11848143517  1.590192E-9
6930.91364205261  1.589063E-9
6933.70880267005  1.582490E-9
6936.50396328749  1.579077E-9
6939.29912390493  1.577593E-9
6942.09428452237  1.572049E-9
6944.88944513981  1.565995E-9
6947.68460575724  1.566410E-9
6950.47976637468  1.569678E-9
6953.27492699212  1.568568E-9
6956.07008760956  1.565125E-9
6958.865248227  1.564359E-9
6961.66040884444  1.565561E-9
6964.45556946187  1.565374E-9
6967.25073007931  1.563347E-9
6970.04589069675  1.562114E-9
6972.84105131419  1.561572E-9
6975.63621193163  1.559871E-9
6978.43137254907  1.556886E-9
6981.22653316651  1.552300E-9
6984.02169378394  1.548005E-9
6986.81685440138  1.545756E-9
6989.61201501882  1.544042E-9
6992.40717563626  1.542118E-9
6995.2023362537  1.541114E-9
6997.99749687114  1.540892E-9
7000.79265748858  1.535762E-9
7003.58781810601  1.527165E-9
7006.38297872345  1.527099E-9
7009.17813934089  1.533986E-9
7011.97329995833  1.537832E-9
7014.76846057577  1.537372E-9
7017.56362119321  1.533555E-9
7020.35878181065  1.529095E-9
7023.15394242808  1.525812E-9
7025.94910304552  1.522567E-9
7028.74426366296  1.521276E-9
7031.5394242804  1.522704E-9
7034.33458489784  1.525563E-9
7037.12974551527  1.525901E-9
7039.92490613271  1.518094E-9
7042.72006675015  1.506992E-9
7045.51522736759  1.502659E-9
7048.31038798503  1.502931E-9
7051.10554860247  1.498881E-9
7053.90070921991  1.492133E-9
7056.69586983734  1.488393E-9
7059.49103045478  1.483203E-9
7062.28619107222  1.472624E-9
7065.08135168966  1.461914E-9
7067.8765123071  1.455810E-9
7070.67167292454  1.456107E-9
7073.46683354198  1.462592E-9
7076.26199415941  1.469098E-9
7079.05715477685  1.471387E-9
7081.85231539429  1.473587E-9
7084.64747601173  1.477160E-9
7087.44263662917  1.478910E-9
7090.23779724661  1.479448E-9
7093.03295786405  1.479321E-9
7095.82811848148  1.477145E-9
7098.62327909892  1.474756E-9
7101.41843971636  1.473757E-9
7104.2136003338  1.472565E-9
7107.00876095124  1.470401E-9
7109.80392156868  1.467851E-9
7112.59908218611  1.465309E-9
7115.39424280355  1.463379E-9
7118.18940342099  1.461593E-9
7120.98456403843  1.459787E-9
7123.77972465587  1.459070E-9
7126.57488527331  1.457957E-9
7129.37004589075  1.456630E-9
7132.16520650818  1.458647E-9
7134.96036712562  1.460083E-9
7137.75552774306  1.454245E-9
7140.5506883605  1.446215E-9
7143.34584897794  1.444520E-9
7146.14100959538  1.448428E-9
7148.93617021282  1.452717E-9
7151.73133083025  1.454363E-9
7154.52649144769  1.453636E-9
7157.32165206513  1.451183E-9
7160.11681268257  1.447267E-9
7162.91197330001  1.443902E-9
7165.70713391745  1.441982E-9
7168.50229453488  1.440518E-9
7171.29745515232  1.438516E-9
7174.09261576976  1.434787E-9
7176.8877763872  1.429977E-9
7179.68293700464  1.429250E-9
7182.47809762208  1.434139E-9
7185.27325823952  1.434779E-9
7188.06841885695  1.425655E-9
7190.86357947439  1.415531E-9
7193.65874009183  1.410671E-9
7196.45390070927  1.409278E-9
7199.24906132671  1.408489E-9
7202.04422194415  1.403674E-9
7204.83938256159  1.394960E-9
7207.63454317902  1.390795E-9
7210.42970379646  1.393391E-9
7213.2248644139  1.398556E-9
7216.02002503134  1.404554E-9
7218.81518564878  1.408882E-9
7221.61034626622  1.409650E-9
7224.40550688365  1.406351E-9
7227.20066750109  1.400837E-9
7229.99582811853  1.397643E-9
7232.79098873597  1.395736E-9
7235.58614935341  1.389076E-9
7238.38130997085  1.378941E-9
7241.17647058829  1.372347E-9
7243.97163120572  1.370539E-9
7246.76679182316  1.371659E-9
7249.5619524406  1.372458E-9
7252.35711305804  1.369376E-9
7255.15227367548  1.366842E-9
7257.94743429292  1.369561E-9
7260.74259491035  1.375375E-9
7263.53775552779  1.382218E-9
7266.33291614523  1.385517E-9
7269.12807676267  1.380834E-9
7271.92323738011  1.372366E-9
7274.71839799755  1.365133E-9
7277.51355861498  1.358129E-9
7280.30871923242  1.349643E-9
7283.10387984986  1.344562E-9
7285.8990404673  1.348427E-9
7288.69420108474  1.354224E-9
7291.48936170218  1.353037E-9
7294.28452231962  1.348666E-9
7297.07968293705  1.346180E-9
7299.87484355449  1.343683E-9
7302.67000417193  1.340822E-9
7305.46516478937  1.339440E-9
7308.26032540681  1.338981E-9
7311.05548602425  1.339203E-9
7313.85064664169  1.339025E-9
7316.64580725913  1.336373E-9
7319.44096787656  1.333405E-9
7322.236128494  1.333190E-9
7325.03128911144  1.334373E-9
7327.82644972888  1.333465E-9
7330.62161034632  1.330695E-9
7333.41677096376  1.329624E-9
7336.2119315812  1.331391E-9
7339.00709219863  1.334716E-9
7341.80225281607  1.337314E-9
7344.59741343351  1.336795E-9
7347.39257405095  1.333041E-9
7350.18773466839  1.327202E-9
7352.98289528583  1.320995E-9
7355.77805590326  1.316544E-9
7358.5732165207  1.315242E-9
7361.36837713814  1.317635E-9
7364.16353775558  1.320858E-9
7366.95869837302  1.320209E-9
7369.75385899046  1.316141E-9
7372.54901960789  1.312085E-9
7375.34418022533  1.307637E-9
7378.13934084277  1.303897E-9
7380.93450146021  1.304090E-9
7383.72966207765  1.305061E-9
7386.52482269509  1.304679E-9
7389.31998331253  1.305153E-9
7392.11514392996  1.303666E-9
7394.9103045474  1.297772E-9
7397.70546516484  1.290870E-9
7400.50062578228  1.286638E-9
7403.29578639972  1.287229E-9
7406.09094701716  1.291032E-9
7408.8861076346  1.292971E-9
7411.68126825204  1.292161E-9
7414.47642886947  1.291800E-9
7417.27158948691  1.292363E-9
7420.06675010435  1.292158E-9
7422.86191072179  1.290177E-9
7425.65707133923  1.285959E-9
7428.45223195667  1.280137E-9
7431.2473925741  1.274099E-9
7434.04255319154  1.270962E-9
7436.83771380898  1.273552E-9
7439.63287442642  1.276292E-9
7442.42803504386  1.272139E-9
7445.2231956613  1.265970E-9
7448.01835627874  1.264679E-9
7450.81351689617  1.268047E-9
7453.60867751361  1.274068E-9
7456.40383813105  1.276594E-9
7459.19899874849  1.270164E-9
7461.99415936593  1.259954E-9
7464.78931998337  1.253310E-9
7467.5844806008  1.251846E-9
7470.37964121824  1.253641E-9
7473.17480183568  1.256022E-9
7475.96996245312  1.258190E-9
7478.76512307056  1.258422E-9
7481.560283688  1.255138E-9
7484.35544430543  1.253849E-9
7487.15060492287  1.257222E-9
7489.94576554031  1.257278E-9
7492.74092615775  1.251798E-9
7495.53608677519  1.247684E-9
7498.33124739263  1.247376E-9
7501.12640801007  1.249828E-9
7503.9215686275  1.252910E-9
7506.71672924494  1.251817E-9
7509.51188986238  1.247412E-9
7512.30705047982  1.246177E-9
7515.10221109726  1.249045E-9
7517.8973717147  1.252606E-9
7520.69253233213  1.253636E-9
7523.48769294957  1.249878E-9
7526.28285356701  1.244049E-9
7529.07801418445  1.239157E-9
7531.87317480189  1.234321E-9
7534.66833541933  1.230568E-9
7537.46349603677  1.229848E-9
7540.25865665421  1.231109E-9
7543.05381727164  1.232580E-9
7545.84897788908  1.232876E-9
7548.64413850652  1.229830E-9
7551.43929912396  1.223950E-9
7554.2344597414  1.220147E-9
7557.02962035884  1.220942E-9
7559.82478097627  1.225997E-9
7562.61994159371  1.233864E-9
7565.41510221115  1.240448E-9
7568.21026282859  1.242730E-9
7571.00542344603  1.239288E-9
7573.80058406347  1.230718E-9
7576.59574468091  1.221502E-9
7579.39090529835  1.216513E-9
7582.18606591578  1.221774E-9
7584.98122653322  1.237897E-9
7587.77638715066  1.250337E-9
7590.5715477681  1.249936E-9
7593.36670838554  1.252135E-9
7596.16186900298  1.256210E-9
7598.95702962041  1.242401E-9
7601.75219023785  1.214399E-9
7604.54735085529  1.178376E-9
7607.34251147273  1.147174E-9
7610.13767209017  1.144607E-9
7612.93283270761  1.157455E-9
7615.72799332504  1.162242E-9
7618.52315394248  1.173047E-9
7621.31831455992  1.187869E-9
7624.11347517736  1.192112E-9
7626.9086357948  1.181400E-9
7629.70379641224  1.160320E-9
7632.49895702968  1.147360E-9
7635.29411764712  1.144637E-9
7638.08927826455  1.142105E-9
7640.88443888199  1.135781E-9
7643.67959949943  1.123212E-9
7646.47476011687  1.112121E-9
7649.26992073431  1.111684E-9
7652.06508135175  1.118417E-9
7654.86024196918  1.126802E-9
7657.65540258662  1.133512E-9
7660.45056320406  1.135833E-9
7663.2457238215  1.134805E-9
7666.04088443894  1.132578E-9
7668.83604505638  1.131703E-9
7671.63120567381  1.133845E-9
7674.42636629125  1.135476E-9
7677.22152690869  1.134029E-9
7680.01668752613  1.133473E-9
7682.81184814357  1.135544E-9
7685.60700876101  1.135542E-9
7688.40216937844  1.132826E-9
7691.19732999588  1.133120E-9
7693.99249061332  1.136853E-9
7696.78765123076  1.138621E-9
7699.5828118482  1.137778E-9
7702.37797246564  1.139265E-9
7705.17313308308  1.144291E-9
7707.96829370052  1.145868E-9
7710.76345431795  1.140887E-9
7713.55861493539  1.135345E-9
7716.35377555283  1.132056E-9
7719.14893617027  1.130595E-9
7721.94409678771  1.130706E-9
7724.73925740515  1.129400E-9
7727.53441802258  1.126227E-9
7730.32957864002  1.123945E-9
7733.12473925746  1.124865E-9
7735.9198998749  1.130661E-9
7738.71506049234  1.136891E-9
7741.51022110978  1.137378E-9
7744.30538172722  1.133233E-9
7747.10054234465  1.127610E-9
7749.89570296209  1.123299E-9
7752.69086357953  1.122350E-9
7755.48602419697  1.122053E-9
7758.28118481441  1.119745E-9
7761.07634543185  1.115736E-9
7763.87150604929  1.108956E-9
7766.66666666672  1.094903E-9
7769.46182728416  1.073427E-9
7772.2569879016  1.052706E-9
7775.05214851904  1.037958E-9
7777.84730913648  1.034473E-9
7780.64246975392  1.046073E-9
7783.43763037136  1.064825E-9
7786.23279098879  1.082881E-9
7789.02795160623  1.094456E-9
7791.82311222367  1.096916E-9
7794.61827284111  1.097026E-9
7797.41343345855  1.098814E-9
7800.20859407599  1.101970E-9
7803.00375469342  1.105780E-9
7805.79891531086  1.106374E-9
7808.5940759283  1.102594E-9
7811.38923654574  1.096857E-9
7814.18439716318  1.091314E-9
7816.97955778062  1.087952E-9
7819.77471839806  1.087326E-9
7822.5698790155  1.088818E-9
7825.36503963293  1.090167E-9
7828.16020025037  1.088597E-9
7830.95536086781  1.084364E-9
7833.75052148525  1.080848E-9
7836.54568210269  1.080768E-9
7839.34084272012  1.082495E-9
7842.13600333756  1.084899E-9
7844.931163955  1.088227E-9
7847.72632457244  1.089196E-9
7850.52148518988  1.086700E-9
7853.31664580732  1.083246E-9
7856.11180642476  1.080023E-9
7858.90696704219  1.076843E-9
7861.70212765963  1.073547E-9
7864.49728827707  1.072730E-9
7867.29244889451  1.074770E-9
7870.08760951195  1.075031E-9
7872.88277012939  1.072966E-9
7875.67793074683  1.070903E-9
7878.47309136426  1.068026E-9
7881.2682519817  1.064744E-9
7884.06341259914  1.063459E-9
7886.85857321658  1.064602E-9
7889.65373383402  1.066642E-9
7892.44889445146  1.067059E-9
7895.2440550689  1.064733E-9
7898.03921568633  1.060174E-9
7900.83437630377  1.054617E-9
7903.62953692121  1.052009E-9
7906.42469753865  1.053830E-9
7909.21985815609  1.056208E-9
7912.01501877353  1.056665E-9
7914.81017939096  1.055409E-9
7917.6053400084  1.053051E-9
7920.40050062584  1.050338E-9
7923.19566124328  1.047838E-9
7925.99082186072  1.044847E-9
7928.78598247816  1.040570E-9
7931.58114309559  1.036853E-9
7934.37630371303  1.034020E-9
7937.17146433047  1.031103E-9
7939.96662494791  1.031342E-9
7942.76178556535  1.035383E-9
7945.55694618279  1.038494E-9
7948.35210680023  1.038907E-9
7951.14726741766  1.038331E-9
7953.9424280351  1.037732E-9
7956.73758865254  1.036618E-9
7959.53274926998  1.034829E-9
7962.32790988742  1.034308E-9
7965.12307050486  1.035730E-9
7967.9182311223  1.036127E-9
7970.71339173973  1.033732E-9
7973.50855235717  1.030160E-9
7976.30371297461  1.027013E-9
7979.09887359205  1.023890E-9
7981.89403420949  1.020387E-9
7984.68919482693  1.018033E-9
7987.48435544436  1.017820E-9
7990.2795160618  1.018655E-9
7993.07467667924  1.019836E-9
7995.86983729668  1.021245E-9
7998.66499791412  1.021228E-9
8001.46015853156  1.018960E-9
8004.255319149  1.016619E-9
8007.05047976643  1.015180E-9
8009.84564038387  1.013908E-9
8012.64080100131  1.013264E-9
8015.43596161875  1.014399E-9
8018.23112223619  1.017433E-9
8021.02628285363  1.020272E-9
8023.82144347107  1.020924E-9
8026.6166040885  1.017265E-9
8029.41176470594  1.007800E-9
8032.20692532338  9.991747E-10
8035.00208594082  9.982386E-10
8037.79724655826  1.000707E-9
8040.5924071757  1.001283E-9
8043.38756779314  1.000207E-9
8046.18272841057  9.982747E-10
8048.97788902801  9.968401E-10
8051.77304964545  9.972524E-10
8054.56821026289  9.982719E-10
8057.36337088033  9.984051E-10
8060.15853149777  9.984009E-10
8062.9536921152  9.988260E-10
8065.74885273264  9.981979E-10
8068.54401335008  9.958013E-10
8071.33917396752  9.929044E-10
8074.13433458496  9.905096E-10
8076.9294952024  9.890696E-10
8079.72465581983  9.887082E-10
8082.51981643727  9.885669E-10
8085.31497705471  9.877059E-10
8088.11013767215  9.857607E-10
8090.90529828959  9.836065E-10
8093.70045890703  9.833117E-10
8096.49561952446  9.845207E-10
8099.2907801419  9.848599E-10
8102.08594075934  9.852326E-10
8104.88110137678  9.876631E-10
8107.67626199422  9.894228E-10
8110.47142261166  9.874734E-10
8113.2665832291  9.828015E-10
8116.06174384654  9.757442E-10
8118.85690446398  9.690306E-10
8121.65206508141  9.682901E-10
8124.44722569885  9.715645E-10
8127.24238631629  9.731193E-10
8130.03754693373  9.724566E-10
8132.83270755117  9.710329E-10
8135.62786816861  9.687765E-10
8138.42302878605  9.652058E-10
8141.21818940348  9.626877E-10
8144.01335002092  9.642909E-10
8146.80851063836  9.662592E-10
8149.6036712558  9.643344E-10
8152.39883187324  9.623823E-10
8155.19399249068  9.628551E-10
8157.98915310811  9.614455E-10
8160.78431372555  9.565135E-10
8163.57947434299  9.515674E-10
8166.37463496043  9.482651E-10
8169.16979557787  9.461643E-10
8171.96495619531  9.455878E-10
8174.76011681274  9.448173E-10
8177.55527743018  9.429298E-10
8180.35043804762  9.428069E-10
8183.14559866506  9.447431E-10
8185.9407592825  9.467437E-10
8188.73591989994  9.475682E-10
8191.53108051738  9.448766E-10
8194.32624113481  9.388749E-10
8197.12140175225  9.328466E-10
8199.91656236969  9.287582E-10
8202.71172298713  9.276821E-10
8205.50688360457  9.287642E-10
8208.30204422201  9.297254E-10
8211.09720483945  9.299136E-10
8213.89236545688  9.289288E-10
8216.68752607432  9.296484E-10
8219.48268669176  9.380490E-10
8222.2778473092  9.481114E-10
8225.07300792664  9.453071E-10
8227.86816854408  9.335607E-10
8230.66332916151  9.223275E-10
8233.45848977895  9.126376E-10
8236.25365039639  9.119318E-10
8239.04881101383  9.167852E-10
8241.84397163127  9.178549E-10
8244.63913224871  9.203416E-10
8247.43429286614  9.261344E-10
8250.22945348358  9.286109E-10
8253.02461410102  9.259665E-10
8255.81977471846  9.234597E-10
8258.6149353359  9.232038E-10
8261.41009595334  9.203974E-10
8264.20525657078  9.148611E-10
8267.00041718821  9.133532E-10
8269.79557780565  9.170171E-10
8272.59073842309  9.193200E-10
8275.38589904053  9.165511E-10
8278.18105965797  9.101836E-10
8280.97622027541  9.035648E-10
8283.77138089285  9.016323E-10
8286.56654151029  9.054759E-10
8289.36170212772  9.104441E-10
8292.15686274516  9.140396E-10
8294.9520233626  9.169409E-10
8297.74718398004  9.178256E-10
8300.54234459748  9.157032E-10
8303.33750521492  9.115368E-10
8306.13266583235  9.055895E-10
8308.92782644979  9.007472E-10
8311.72298706723  9.000575E-10
8314.51814768467  9.009724E-10
8317.31330830211  9.004706E-10
8320.10846891955  8.977006E-10
8322.90362953698  8.932746E-10
8325.69879015442  8.916497E-10
8328.49395077186  8.954007E-10
8331.2891113893  8.990069E-10
8334.08427200674  8.972416E-10
8336.87943262418  8.932930E-10
8339.67459324162  8.916033E-10
8342.46975385905  8.909611E-10
8345.26491447649  8.894789E-10
8348.06007509393  8.884953E-10
8350.85523571137  8.890442E-10
8353.65039632881  8.901060E-10
8356.44555694625  8.906977E-10
8359.24071756369  8.903957E-10
8362.03587818112  8.891216E-10
8364.83103879856  8.878438E-10
8367.626199416  8.869128E-10
8370.42136003344  8.849029E-10
8373.21652065088  8.814486E-10
8376.01168126832  8.776272E-10
8378.80684188576  8.756547E-10
8381.60200250319  8.795640E-10
8384.39716312063  8.866389E-10
8387.19232373807  8.860875E-10
8389.98748435551  8.769180E-10
8392.78264497295  8.688550E-10
8395.57780559039  8.670202E-10
8398.37296620782  8.712906E-10
8401.16812682526  8.784972E-10
8403.9632874427  8.836006E-10
8406.75844806014  8.845997E-10
8409.55360867758  8.824001E-10
8412.34876929502  8.781910E-10
8415.14392991246  8.723386E-10
8417.93909052989  8.682257E-10
8420.73425114733  8.709299E-10
8423.52941176477  8.792192E-10
8426.32457238221  8.880715E-10
8429.11973299965  8.914212E-10
8431.91489361709  8.852059E-10
8434.71005423453  8.712622E-10
8437.50521485196  8.534015E-10
8440.3003754694  8.403815E-10
8443.09553608684  8.397231E-10
8445.89069670428  8.471197E-10
8448.68585732172  8.567086E-10
8451.48101793916  8.673529E-10
8454.27617855659  8.771764E-10
8457.07133917403  8.814536E-10
8459.86649979147  8.774241E-10
8462.66166040891  8.661286E-10
8465.45682102635  8.513641E-10
8468.25198164379  8.395893E-10
8471.04714226122  8.352037E-10
8473.84230287866  8.422523E-10
8476.6374634961  8.603619E-10
8479.43262411354  8.799189E-10
8482.22778473098  8.938051E-10
8485.02294534842  8.994008E-10
8487.81810596586  8.963489E-10
8490.61326658329  8.882580E-10
8493.40842720073  8.774472E-10
8496.20358781817  8.634192E-10
8498.99874843561  8.471491E-10
8501.79390905305  8.316655E-10
8504.58906967049  8.210587E-10
8507.38423028793  8.190356E-10
8510.17939090537  8.265044E-10
8512.9745515228  8.421671E-10
8515.76971214024  8.606276E-10
8518.56487275768  8.752666E-10
8521.36003337512  8.839218E-10
8524.15519399256  8.862956E-10
8526.95035461  8.832590E-10
8529.74551522744  8.768749E-10
8532.54067584487  8.687509E-10
8535.33583646231  8.591081E-10
8538.13099707975  8.425320E-10
8540.92615769719  8.166692E-10
8543.72131831463  7.932106E-10
8546.51647893207  7.812956E-10
8549.3116395495  7.810389E-10
8552.10680016694  7.926239E-10
8554.90196078438  8.125102E-10
8557.69712140182  8.349857E-10
8560.49228201926  8.527826E-10
8563.2874426367  8.618109E-10
8566.08260325413  8.683881E-10
8568.87776387157  8.747470E-10
8571.67292448901  8.759133E-10
8574.46808510645  8.724096E-10
8577.26324572389  8.673782E-10
8580.05840634133  8.606916E-10
8582.85356695876  8.509842E-10
8585.6487275762  8.378725E-10
8588.44388819364  8.215317E-10
8591.23904881108  8.024661E-10
8594.03420942852  7.815762E-10
8596.82937004596  7.635257E-10
8599.62453066339  7.556971E-10
8602.41969128083  7.591507E-10
8605.21485189828  7.706656E-10
8608.01001251571  7.883980E-10
8610.80517313315  8.102977E-10
8613.60033375059  8.318952E-10
8616.39549436803  8.484946E-10
8619.19065498546  8.575369E-10
8621.98581560291  8.586131E-10
8624.78097622034  8.582556E-10
8627.57613683778  8.623705E-10
8630.37129745522  8.654633E-10
8633.16645807266  8.635437E-10
8635.9616186901  8.592850E-10
8638.75677930754  8.546429E-10
8641.55193992497  8.510475E-10
8644.34710054241  8.456944E-10
8647.14226115985  8.363492E-10
8649.93742177729  8.250836E-10
8652.73258239473  8.100990E-10
8655.52774301217  7.906036E-10
8658.32290362961  7.683714E-10
8661.11806424704  7.459529E-10
8663.91322486448  7.317682E-10
8666.70838548192  7.301899E-10
8669.50354609936  7.371357E-10
8672.2987067168  7.495319E-10
8675.09386733424  7.663150E-10
8677.88902795168  7.843832E-10
8680.68418856911  7.979450E-10
8683.47934918655  8.065412E-10
8686.27450980399  8.144510E-10
8689.06967042143  8.221208E-10
8691.86483103887  8.300867E-10
8694.65999165631  8.388815E-10
8697.45515227374  8.451393E-10
8700.25031289118  8.463236E-10
8703.04547350862  8.430814E-10
8705.84063412606  8.367301E-10
8708.6357947435  8.298461E-10
8711.43095536094  8.266436E-10
8714.22611597837  8.279991E-10
8717.02127659581  8.312621E-10
8719.81643721325  8.340136E-10
8722.61159783069  8.334965E-10
8725.40675844813  8.277837E-10
8728.20191906557  8.183260E-10
8730.99707968301  8.073306E-10
8733.79224030045  7.966963E-10
8736.58740091788  7.875461E-10
8739.38256153532  7.764892E-10
8742.17772215276  7.604911E-10
8744.9728827702  7.407414E-10
8747.76804338764  7.200862E-10
8750.56320400508  7.040664E-10
8753.35836462251  6.980421E-10
8756.15352523995  7.069211E-10
8758.94868585739  7.301421E-10
8761.74384647483  7.546947E-10
8764.53900709227  7.730958E-10
8767.33416770971  7.905731E-10
8770.12932832714  8.074640E-10
8772.92448894458  8.179745E-10
8775.71964956202  8.213812E-10
8778.51481017946  8.203700E-10
8781.3099707969  8.174048E-10
8784.10513141434  8.174019E-10
8786.90029203178  8.208305E-10
8789.69545264921  8.211586E-10
8792.49061326665  8.187797E-10
8795.28577388409  8.210281E-10
8798.08093450153  8.256222E-10
8800.87609511897  8.246885E-10
8803.67125573641  8.206860E-10
8806.46641635385  8.198491E-10
8809.26157697128  8.205748E-10
8812.05673758872  8.193224E-10
8814.85189820616  8.183564E-10
8817.6470588236  8.207388E-10
8820.44221944104  8.218670E-10
8823.23738005848  8.164892E-10
8826.03254067591  8.095528E-10
8828.82770129335  8.068927E-10
8831.62286191079  8.063272E-10
8834.41802252823  8.048738E-10
8837.21318314567  8.016603E-10
8840.00834376311  7.951140E-10
8842.80350438054  7.845270E-10
8845.59866499798  7.716187E-10
8848.39382561542  7.580186E-10
8851.18898623286  7.432501E-10
8853.9841468503  7.272478E-10
8856.77930746774  7.117826E-10
8859.57446808518  6.980705E-10
8862.36962870261  6.879479E-10
8865.16478932005  6.846674E-10
8867.95994993749  6.894008E-10
8870.75511055493  7.038113E-10
8873.55027117237  7.267688E-10
8876.34543178981  7.500148E-10
8879.14059240724  7.685534E-10
8881.93575302469  7.818143E-10
8884.73091364212  7.902878E-10
8887.52607425956  7.969457E-10
8890.321234877  8.024447E-10
8893.11639549444  8.057801E-10
8895.91155611188  8.060676E-10
8898.70671672932  8.010027E-10
8901.50187734676  7.957642E-10
8904.29703796419  7.995331E-10
8907.09219858163  8.073742E-10
8909.88735919907  8.091284E-10
8912.68251981651  8.049087E-10
8915.47768043395  7.979640E-10
8918.27284105139  7.904908E-10
8921.06800166883  7.854479E-10
8923.86316228626  7.838545E-10
8926.6583229037  7.848533E-10
8929.45348352114  7.881206E-10
8932.24864413858  7.918183E-10
8935.04380475602  7.921846E-10
8937.83896537346  7.907921E-10
8940.63412599089  7.897942E-10
8943.42928660833  7.863454E-10
8946.22444722577  7.819855E-10
8949.01960784321  7.807649E-10
8951.81476846065  7.831959E-10
8954.60992907809  7.874640E-10
8957.40508969552  7.896165E-10
8960.20025031296  7.883076E-10
8962.9954109304  7.844963E-10
8965.79057154784  7.780139E-10
8968.58573216528  7.709909E-10
8971.38089278272  7.666098E-10
8974.17605340015  7.666325E-10
8976.97121401759  7.706197E-10
8979.76637463503  7.760402E-10
8982.56153525247  7.789585E-10
8985.35669586991  7.738529E-10
8988.15185648735  7.619831E-10
8990.94701710479  7.504723E-10
8993.74217772222  7.412600E-10
8996.53733833966  7.329742E-10
8999.3324989571  7.238181E-10
9002.12765957454  7.155296E-10
9004.92282019198  7.081242E-10
9007.71798080942  6.965190E-10
9010.51314142686  6.825235E-10
9013.30830204429  6.698531E-10
9016.10346266173  6.622062E-10
9018.89862327917  6.638967E-10
9021.69378389661  6.713202E-10
9024.48894451405  6.815176E-10
9027.28410513149  6.943375E-10
9030.07926574893  7.071191E-10
9032.87442636636  7.206119E-10
9035.6695869838  7.361313E-10
9038.46474760124  7.483902E-10
9041.25990821868  7.536503E-10
9044.05506883612  7.546190E-10
9046.85022945356  7.527133E-10
9049.645390071  7.491604E-10
9052.44055068843  7.465752E-10
9055.23571130587  7.449865E-10
9058.03087192331  7.444801E-10
9060.82603254075  7.455559E-10
9063.62119315819  7.475200E-10
9066.41635377563  7.503222E-10
9069.21151439306  7.523181E-10
9072.0066750105  7.499660E-10
9074.80183562794  7.444281E-10
9077.59699624538  7.409192E-10
9080.39215686282  7.408675E-10
9083.18731748026  7.414293E-10
9085.9824780977  7.409890E-10
9088.77763871513  7.410685E-10
9091.57279933257  7.439233E-10
9094.36795995001  7.500719E-10
9097.16312056745  7.558171E-10
9099.95828118489  7.560256E-10
9102.75344180233  7.508041E-10
9105.54860241976  7.420559E-10
9108.3437630372  7.327858E-10
9111.13892365464  7.288707E-10
9113.93408427208  7.304850E-10
9116.72924488952  7.332100E-10
9119.52440550696  7.358642E-10
9122.31956612439  7.396635E-10
9125.11472674183  7.429194E-10
9127.90988735927  7.415411E-10
9130.70504797671  7.339943E-10
9133.50020859415  7.221442E-10
9136.29536921159  7.143039E-10
9139.09052982903  7.157858E-10
9141.88569044647  7.193078E-10
9144.68085106391  7.200452E-10
9147.47601168134  7.208016E-10
9150.27117229878  7.228152E-10
9153.06633291622  7.210089E-10
9155.86149353366  7.138715E-10
9158.6566541511  7.094839E-10
9161.45181476854  7.099991E-10
9164.24697538597  7.127219E-10
9167.04213600341  7.180678E-10
9169.83729662085  7.215542E-10
9172.63245723829  7.210171E-10
9175.42761785573  7.187885E-10
9178.22277847317  7.157100E-10
9181.0179390906  7.153350E-10
9183.81309970804  7.168174E-10
9186.60826032548  7.146306E-10
9189.40342094292  7.116633E-10
9192.19858156036  7.144604E-10
9194.9937421778  7.200771E-10
9197.78890279524  7.208192E-10
9200.58406341267  7.156011E-10
9203.37922403011  7.077151E-10
9206.17438464755  6.999424E-10
9208.96954526499  6.942562E-10
9211.76470588243  6.881521E-10
9214.55986649987  6.778783E-10
9217.3550271173  6.674065E-10
9220.15018773474  6.615719E-10
9222.94534835218  6.545883E-10
9225.74050896962  6.416135E-10
9228.53566958706  6.285483E-10
9231.3308302045  6.209935E-10
9234.12599082194  6.235400E-10
9236.92115143937  6.393013E-10
9239.71631205681  6.590798E-10
9242.51147267425  6.736769E-10
9245.30663329169  6.834324E-10
9248.10179390913  6.881243E-10
9250.89695452657  6.911280E-10
9253.69211514401  6.963444E-10
9256.48727576144  6.950074E-10
9259.28243637888  6.827922E-10
9262.07759699632  6.701059E-10
9264.87275761376  6.640732E-10
9267.6679182312  6.668471E-10
9270.46307884864  6.766608E-10
9273.25823946607  6.883302E-10
9276.05340008351  6.988118E-10
9278.84856070095  7.023864E-10
9281.64372131839  6.990234E-10
9284.43888193583  6.990352E-10
9287.23404255327  7.042698E-10
9290.0292031707  7.087777E-10
9292.82436378814  7.105553E-10
9295.61952440558  7.091062E-10
9298.41468502302  7.063374E-10
9301.20984564046  7.061899E-10
9304.0050062579  7.065309E-10
9306.80016687534  7.044651E-10
9309.59532749277  7.024124E-10
9312.39048811021  7.025233E-10
9315.18564872765  7.042862E-10
9317.98080934509  7.062777E-10
9320.77596996253  7.053234E-10
9323.57113057997  6.985961E-10
9326.36629119741  6.914246E-10
9329.16145181485  6.933739E-10
9331.95661243228  7.010183E-10
9334.75177304972  7.051983E-10
9337.54693366716  6.989337E-10
9340.3420942846  6.748595E-10
9343.13725490204  6.522649E-10
9345.93241551948  6.508121E-10
9348.72757613691  6.562269E-10
9351.52273675435  6.601414E-10
9354.31789737179  6.647719E-10
9357.11305798923  6.643782E-10
9359.90821860667  6.621751E-10
9362.70337922411  6.634095E-10
9365.49853984154  6.627185E-10
9368.29370045898  6.579674E-10
9371.08886107642  6.527115E-10
9373.88402169386  6.477544E-10
9376.6791823113  6.426787E-10
9379.47434292874  6.387861E-10
9382.26950354618  6.365956E-10
9385.06466416361  6.356608E-10
9387.85982478105  6.390299E-10
9390.65498539849  6.464347E-10
9393.45014601593  6.549317E-10
9396.24530663337  6.639554E-10
9399.04046725081  6.683893E-10
9401.83562786825  6.665508E-10
9404.63078848568  6.611757E-10
9407.42594910312  6.542795E-10
9410.22110972056  6.495728E-10
9413.016270338  6.478362E-10
9415.81143095544  6.487138E-10
9418.60659157288  6.513009E-10
9421.40175219032  6.538199E-10
9424.19691280776  6.559261E-10
9426.99207342519  6.541097E-10
9429.78723404263  6.505010E-10
9432.58239466007  6.532405E-10
9435.37755527751  6.581624E-10
9438.17271589495  6.570695E-10
9440.96787651239  6.504484E-10
9443.76303712982  6.428010E-10
9446.55819774726  6.428845E-10
9449.3533583647  6.527843E-10
9452.14851898214  6.606086E-10
9454.94367959958  6.599488E-10
9457.73884021702  6.529660E-10
9460.53400083445  6.435886E-10
9463.32916145189  6.386939E-10
9466.12432206933  6.375633E-10
9468.91948268677  6.368047E-10
9471.71464330421  6.392313E-10
9474.50980392165  6.435952E-10
9477.30496453909  6.468243E-10
9480.10012515652  6.422439E-10
9482.89528577396  6.284053E-10
9485.6904463914  6.220763E-10
9488.48560700884  6.281106E-10
9491.28076762628  6.380506E-10
9494.07592824372  6.481970E-10
9496.87108886116  6.409931E-10
9499.66624947859  6.199716E-10
9502.46141009603  6.147488E-10
9505.25657071347  6.221995E-10
9508.05173133091  6.312637E-10
9510.84689194835  6.393736E-10
9513.64205256579  6.400350E-10
9516.43721318322  6.348251E-10
9519.23237380066  6.245749E-10
9522.0275344181  6.085123E-10
9524.82269503554  5.945460E-10
9527.61785565298  5.882887E-10
9530.41301627042  5.883759E-10
9533.20817688785  5.895859E-10
9536.00333750529  5.887785E-10
9538.79849812273  5.816934E-10
9541.59365874017  5.679249E-10
9544.38881935761  5.533594E-10
9547.18397997505  5.425497E-10
9549.97914059249  5.402904E-10
9552.77430120993  5.492143E-10
9555.56946182736  5.670382E-10
9558.3646224448  5.870496E-10
9561.15978306224  5.981470E-10
9563.95494367968  6.001894E-10
9566.75010429712  6.010371E-10
9569.54526491456  6.024792E-10
9572.34042553199  6.091688E-10
9575.13558614943  6.207231E-10
9577.93074676687  6.268182E-10
9580.72590738431  6.280273E-10
9583.52106800175  6.313427E-10
9586.31622861919  6.344589E-10
9589.11138923662  6.328436E-10
9591.90654985406  6.254003E-10
9594.7017104715  6.136630E-10
9597.49687108894  6.058557E-10
9600.29203170638  6.086531E-10
9603.08719232382  6.140502E-10
9605.88235294126  6.134369E-10
9608.67751355869  6.121377E-10
9611.47267417613  6.160832E-10
9614.26783479357  6.209793E-10
9617.06299541101  6.220507E-10
9619.85815602845  6.186281E-10
9622.65331664589  6.112515E-10
9625.44847726333  6.059654E-10
9628.24363788076  6.066753E-10
9631.0387984982  6.071439E-10
9633.83395911564  6.055592E-10
9636.62911973308  6.048067E-10
9639.42428035052  6.034921E-10
9642.21944096796  6.029610E-10
9645.0146015854  6.034011E-10
9647.80976220284  6.009462E-10
9650.60492282027  5.991219E-10
9653.40008343771  6.011670E-10
9656.19524405515  6.031671E-10
9658.99040467259  6.043941E-10
9661.78556529003  6.056419E-10
9664.58072590747  6.034157E-10
9667.3758865249  5.970794E-10
9670.17104714234  5.928365E-10
9672.96620775978  5.949233E-10
9675.76136837722  6.021955E-10
9678.55652899466  6.080793E-10
9681.3516896121  6.044710E-10
9684.14685022953  5.953500E-10
9686.94201084697  5.908177E-10
9689.73717146441  5.916878E-10
9692.53233208185  5.951706E-10
9695.32749269929  5.981237E-10
9698.12265331673  5.966798E-10
9700.91781393417  5.928429E-10
9703.7129745516  5.915639E-10
9706.50813516904  5.933545E-10
9709.30329578648  5.949268E-10
9712.09845640392  5.954448E-10
9714.89361702136  5.979819E-10
9717.6887776388  6.013235E-10
9720.48393825624  6.014742E-10
9723.27909887367  6.018855E-10
9726.07425949111  6.057066E-10
9728.86942010855  6.066853E-10
9731.66458072599  6.016100E-10
9734.45974134343  5.963250E-10
9737.25490196087  5.930293E-10
9740.05006257831  5.896812E-10
9742.84522319574  5.867431E-10
9745.64038381318  5.835090E-10
9748.43554443062  5.806640E-10
9751.23070504806  5.805808E-10
9754.0258656655  5.817568E-10
9756.82102628294  5.835832E-10
9759.61618690037  5.852498E-10
9762.41134751781  5.830434E-10
9765.20650813525  5.783747E-10
9768.00166875269  5.767629E-10
9770.79682937013  5.786395E-10
9773.59198998757  5.806043E-10
9776.38715060501  5.822774E-10
9779.18231122244  5.841495E-10
9781.97747183988  5.855170E-10
9784.77263245732  5.860999E-10
9787.56779307476  5.840359E-10
9790.3629536922  5.788588E-10
9793.15811430964  5.767414E-10
9795.95327492708  5.811038E-10
9798.74843554451  5.843455E-10
9801.54359616195  5.819624E-10
9804.33875677939  5.778865E-10
9807.13391739683  5.744675E-10
9809.92907801427  5.745583E-10
9812.72423863171  5.800132E-10
9815.51939924914  5.850271E-10
9818.31455986658  5.855277E-10
9821.10972048402  5.817963E-10
9823.90488110146  5.737525E-10
9826.7000417189  5.656745E-10
9829.49520233634  5.620674E-10
9832.29036295377  5.635889E-10
9835.08552357121  5.694248E-10
9837.88068418865  5.763316E-10
9840.67584480609  5.807912E-10
9843.47100542353  5.799634E-10
9846.26616604097  5.744731E-10
9849.06132665841  5.704523E-10
9851.85648727584  5.688446E-10
9854.65164789328  5.635511E-10
9857.44680851072  5.562426E-10
9860.24196912816  5.553262E-10
9863.0371297456  5.600421E-10
9865.83229036304  5.643182E-10
9868.62745098047  5.667690E-10
9871.42261159791  5.677182E-10
9874.21777221535  5.678270E-10
9877.01293283279  5.675543E-10
9879.80809345023  5.673397E-10
9882.60325406767  5.684990E-10
9885.3984146851  5.710314E-10
9888.19357530254  5.738188E-10
9890.98873591998  5.751125E-10
9893.78389653742  5.733861E-10
9896.57905715486  5.704255E-10
9899.3742177723  5.694366E-10
9902.16937838974  5.700473E-10
9904.96453900718  5.698686E-10
9907.75969962461  5.684346E-10
9910.55486024205  5.658173E-10
9913.35002085949  5.614869E-10
9916.14518147693  5.566028E-10
9918.94034209437  5.550244E-10
9921.73550271181  5.583016E-10
9924.53066332925  5.620294E-10
9927.32582394668  5.632227E-10
9930.12098456412  5.645909E-10
9932.91614518156  5.662192E-10
9935.711305799  5.633259E-10
9938.50646641644  5.563597E-10
9941.30162703388  5.516382E-10
9944.09678765132  5.518749E-10
9946.89194826875  5.546074E-10
9949.68710888619  5.569376E-10
9952.48226950363  5.576149E-10
9955.27743012107  5.567748E-10
9958.07259073851  5.556270E-10
9960.86775135595  5.547081E-10
9963.66291197338  5.519015E-10
9966.45807259082  5.463602E-10
9969.25323320826  5.408637E-10
9972.0483938257  5.380466E-10
9974.84355444314  5.385229E-10
9977.63871506058  5.413506E-10
9980.43387567801  5.447528E-10
9983.22903629545  5.458707E-10
9986.02419691289  5.435205E-10
9988.81935753033  5.394342E-10
9991.61451814777  5.352932E-10
9994.40967876521  5.501392E-10
9997.20483938265  5.886969E-10
10000.0000000001  5.370173E-10
