3300.  3.238976E-9
3302.79749478079  3.463851E-9
3305.59498956159  3.165032E-9
3308.39248434238  3.139094E-9
3311.18997912317  3.285057E-9
3313.98747390397  3.300746E-9
3316.78496868476  3.174735E-9
3319.58246346555  3.070697E-9
3322.37995824635  3.048492E-9
3325.17745302714  3.095952E-9
3327.97494780793  3.134964E-9
3330.77244258873  3.124112E-9
3333.56993736952  3.119551E-9
3336.36743215031  3.157763E-9
3339.16492693111  3.172577E-9
3341.9624217119  3.126036E-9
3344.75991649269  3.095422E-9
3347.55741127349  3.123793E-9
3350.35490605428  3.157918E-9
3353.15240083507  3.154288E-9
3355.94989561587  3.114474E-9
3358.74739039666  3.056436E-9
3361.54488517745  2.985288E-9
3364.34237995825  2.932267E-9
3367.13987473904  2.888197E-9
3369.93736951983  2.850056E-9
3372.73486430063  2.864560E-9
3375.53235908142  2.890660E-9
3378.32985386221  2.895729E-9
3381.12734864301  2.877722E-9
3383.9248434238  2.828182E-9
3386.72233820459  2.757969E-9
3389.51983298539  2.722773E-9
3392.31732776618  2.763288E-9
3395.11482254697  2.838156E-9
3397.91231732776  2.856029E-9
3400.70981210856  2.807603E-9
3403.50730688935  2.770614E-9
3406.30480167014  2.779428E-9
3409.10229645094  2.840764E-9
3411.89979123173  2.878556E-9
3414.69728601253  2.852098E-9
3417.49478079332  2.815532E-9
3420.29227557411  2.769661E-9
3423.08977035491  2.739921E-9
3425.8872651357  2.777734E-9
3428.68475991649  2.837701E-9
3431.48225469728  2.822722E-9
3434.27974947808  2.778042E-9
3437.07724425887  2.788006E-9
3439.87473903967  2.840581E-9
3442.67223382046  2.872854E-9
3445.46972860125  2.848641E-9
3448.26722338205  2.821984E-9
3451.06471816284  2.803060E-9
3453.86221294363  2.759076E-9
3456.65970772442  2.771948E-9
3459.45720250522  2.856488E-9
3462.25469728601  2.904261E-9
3465.0521920668  2.881772E-9
3467.8496868476  2.818965E-9
3470.64718162839  2.737899E-9
3473.44467640918  2.704089E-9
3476.24217118998  2.742489E-9
3479.03966597077  2.796395E-9
3481.83716075156  2.819290E-9
3484.63465553236  2.836138E-9
3487.43215031315  2.853178E-9
3490.22964509394  2.830818E-9
3493.02713987474  2.786219E-9
3495.82463465553  2.767654E-9
3498.62212943632  2.780546E-9
3501.41962421712  2.818866E-9
3504.21711899791  2.879799E-9
3507.0146137787  2.915938E-9
3509.8121085595  2.924174E-9
3512.60960334029  2.903574E-9
3515.40709812108  2.856018E-9
3518.20459290188  2.806043E-9
3521.00208768267  2.783447E-9
3523.79958246346  2.808475E-9
3526.59707724426  2.851116E-9
3529.39457202505  2.840562E-9
3532.19206680584  2.755003E-9
3534.98956158664  2.665007E-9
3537.78705636743  2.610664E-9
3540.58455114822  2.568818E-9
3543.38204592902  2.579292E-9
3546.17954070981  2.667770E-9
3548.9770354906  2.770881E-9
3551.7745302714  2.816720E-9
3554.57202505219  2.788072E-9
3557.36951983298  2.712677E-9
3560.16701461378  2.670356E-9
3562.96450939457  2.720329E-9
3565.76200417536  2.786441E-9
3568.55949895616  2.778864E-9
3571.35699373695  2.744984E-9
3574.15448851774  2.778332E-9
3576.95198329854  2.821801E-9
3579.74947807933  2.758203E-9
3582.54697286012  2.635762E-9
3585.34446764092  2.582443E-9
3588.14196242171  2.624179E-9
3590.9394572025  2.684201E-9
3593.7369519833  2.701211E-9
3596.53444676409  2.677600E-9
3599.33194154488  2.633691E-9
3602.12943632568  2.589022E-9
3604.92693110647  2.618551E-9
3607.72442588726  2.728792E-9
3610.52192066806  2.811801E-9
3613.31941544885  2.796393E-9
3616.11691022964  2.732174E-9
3618.91440501044  2.669999E-9
3621.71189979123  2.628918E-9
3624.50939457202  2.617155E-9
3627.30688935282  2.616807E-9
3630.10438413361  2.598560E-9
3632.9018789144  2.565973E-9
3635.6993736952  2.552151E-9
3638.49686847599  2.517172E-9
3641.29436325678  2.442652E-9
3644.09185803758  2.414381E-9
3646.88935281837  2.463365E-9
3649.68684759916  2.504928E-9
3652.48434237996  2.506946E-9
3655.28183716075  2.507636E-9
3658.07933194154  2.496115E-9
3660.87682672234  2.461584E-9
3663.67432150313  2.405578E-9
3666.47181628392  2.350365E-9
3669.26931106472  2.316958E-9
3672.06680584551  2.283034E-9
3674.8643006263  2.231775E-9
3677.66179540709  2.247913E-9
3680.45929018789  2.308318E-9
3683.25678496868  2.240195E-9
3686.05427974947  2.505226E-9
3688.85177453027  2.842625E-9
3691.64926931106  2.765929E-9
3694.44676409186  2.540691E-9
3697.24425887265  2.353451E-9
3700.04175365344  2.294050E-9
3702.83924843423  2.297025E-9
3705.63674321503  2.272261E-9
3708.43423799582  2.237618E-9
3711.23173277662  2.217224E-9
3714.02922755741  2.206250E-9
3716.8267223382  2.189629E-9
3719.624217119  2.176088E-9
3722.42171189979  2.223916E-9
3725.21920668058  2.299229E-9
3728.01670146138  2.308840E-9
3730.81419624217  2.261248E-9
3733.61169102296  2.232562E-9
3736.40918580375  2.265652E-9
3739.20668058455  2.375823E-9
3742.00417536534  2.492680E-9
3744.80167014614  2.426527E-9
3747.59916492693  2.163578E-9
3750.39665970772  1.959706E-9
3753.19415448851  1.958732E-9
3755.99164926931  2.117470E-9
3758.7891440501  2.353201E-9
3761.58663883089  2.490601E-9
3764.38413361169  2.415561E-9
3767.18162839248  2.211914E-9
3769.97912317327  1.981861E-9
3772.77661795407  1.860028E-9
3775.57411273486  1.963687E-9
3778.37160751565  2.207853E-9
3781.16910229645  2.445467E-9
3783.96659707724  2.648019E-9
3786.76409185803  2.823723E-9
3789.56158663883  2.828949E-9
3792.35908141962  2.550584E-9
3795.15657620041  2.205802E-9
3797.95407098121  2.026564E-9
3800.751565762  2.009193E-9
3803.54906054279  2.091098E-9
3806.34655532359  2.220355E-9
3809.14405010438  2.305854E-9
3811.94154488517  2.317178E-9
3814.73903966597  2.307343E-9
3817.53653444676  2.337460E-9
3820.33402922755  2.442820E-9
3823.13152400835  2.551725E-9
3825.92901878914  2.517953E-9
3828.72651356993  2.339138E-9
3831.52400835073  2.116762E-9
3834.32150313152  1.887508E-9
3837.11899791231  1.731967E-9
3839.91649269311  1.777035E-9
3842.7139874739  1.926067E-9
3845.51148225469  2.050579E-9
3848.30897703549  2.168587E-9
3851.10647181628  2.279545E-9
3853.90396659707  2.364153E-9
3856.70146137787  2.397692E-9
3859.49895615866  2.355017E-9
3862.29645093945  2.279061E-9
3865.09394572025  2.240621E-9
3867.89144050104  2.247533E-9
3870.68893528183  2.301862E-9
3873.48643006263  2.393262E-9
3876.28392484342  2.436610E-9
3879.08141962421  2.411893E-9
3881.87891440501  2.327396E-9
3884.6764091858  2.110927E-9
3887.47390396659  1.779924E-9
3890.27139874739  1.568884E-9
3893.06889352818  1.607309E-9
3895.86638830897  1.750359E-9
3898.66388308977  1.863788E-9
3901.46137787056  1.953274E-9
3904.25887265135  2.033407E-9
3907.05636743215  2.093031E-9
3909.85386221294  2.118807E-9
3912.65135699373  2.103647E-9
3915.44885177453  2.067003E-9
3918.24634655532  2.041435E-9
3921.04384133611  2.061608E-9
3923.84133611691  2.125417E-9
3926.6388308977  2.174311E-9
3929.43632567849  2.204135E-9
3932.23382045929  2.232137E-9
3935.03131524008  2.215134E-9
3937.82881002087  2.178183E-9
3940.62630480167  2.207288E-9
3943.42379958246  2.313269E-9
3946.22129436325  2.424431E-9
3949.01878914405  2.474926E-9
3951.81628392484  2.451916E-9
3954.61377870563  2.391053E-9
3957.41127348643  2.346449E-9
3960.20876826722  2.293123E-9
3963.00626304801  2.153137E-9
3965.80375782881  1.905435E-9
3968.6012526096  1.627373E-9
3971.39874739039  1.459462E-9
3974.19624217118  1.490612E-9
3976.99373695198  1.639856E-9
3979.79123173277  1.787954E-9
3982.58872651356  1.885530E-9
3985.38622129436  1.918133E-9
3988.18371607515  1.920928E-9
3990.98121085595  1.937286E-9
3993.77870563674  1.955169E-9
3996.57620041753  1.956299E-9
3999.37369519832  1.945369E-9
4002.17118997912  1.927426E-9
4004.96868475991  1.909542E-9
4007.7661795407  1.902639E-9
4010.5636743215  1.881291E-9
4013.36116910229  1.837291E-9
4016.15866388309  1.799139E-9
4018.95615866388  1.779959E-9
4021.75365344467  1.800023E-9
4024.55114822546  1.860928E-9
4027.34864300626  1.915905E-9
4030.14613778705  1.930810E-9
4032.94363256785  1.917864E-9
4035.74112734864  1.899182E-9
4038.53862212943  1.883188E-9
4041.33611691022  1.878196E-9
4044.13361169102  1.910028E-9
4046.93110647181  1.977977E-9
4049.7286012526  2.017164E-9
4052.5260960334  2.004341E-9
4055.32359081419  1.987100E-9
4058.12108559498  1.995902E-9
4060.91858037578  2.005271E-9
4063.71607515657  1.978936E-9
4066.51356993736  1.931673E-9
4069.31106471816  1.900291E-9
4072.10855949895  1.907827E-9
4074.90605427974  1.942214E-9
4077.70354906054  1.957918E-9
4080.50104384133  1.951250E-9
4083.29853862212  1.971782E-9
4086.09603340292  2.043835E-9
4088.89352818371  2.122663E-9
4091.6910229645  2.129733E-9
4094.4885177453  1.985251E-9
4097.28601252609  1.725948E-9
4100.08350730688  1.509950E-9
4102.88100208768  1.397904E-9
4105.67849686847  1.351194E-9
4108.47599164926  1.373412E-9
4111.27348643006  1.455568E-9
4114.07098121085  1.553157E-9
4116.86847599164  1.636533E-9
4119.66597077244  1.718899E-9
4122.46346555323  1.794945E-9
4125.26096033402  1.819976E-9
4128.05845511482  1.788453E-9
4130.85594989561  1.747105E-9
4133.6534446764  1.737380E-9
4136.4509394572  1.741924E-9
4139.24843423799  1.733572E-9
4142.04592901878  1.718692E-9
4144.84342379958  1.706801E-9
4147.64091858037  1.694684E-9
4150.43841336116  1.692209E-9
4153.23590814196  1.712339E-9
4156.03340292275  1.734664E-9
4158.83089770354  1.744932E-9
4161.62839248434  1.751962E-9
4164.42588726513  1.753600E-9
4167.22338204592  1.755290E-9
4170.02087682672  1.775955E-9
4172.81837160751  1.799009E-9
4175.6158663883  1.787874E-9
4178.4133611691  1.746937E-9
4181.21085594989  1.721234E-9
4184.00835073068  1.731853E-9
4186.80584551148  1.741943E-9
4189.60334029227  1.738616E-9
4192.40083507306  1.733689E-9
4195.19832985386  1.732960E-9
4197.99582463465  1.742472E-9
4200.79331941544  1.740587E-9
4203.59081419624  1.716305E-9
4206.38830897703  1.690836E-9
4209.18580375782  1.678385E-9
4211.98329853862  1.700681E-9
4214.78079331941  1.746500E-9
4217.5782881002  1.751396E-9
4220.37578288099  1.708693E-9
4223.17327766179  1.679254E-9
4225.97077244258  1.674727E-9
4228.76826722338  1.639642E-9
4231.56576200417  1.534576E-9
4234.36325678496  1.412161E-9
4237.16075156576  1.387099E-9
4239.95824634655  1.471085E-9
4242.75574112734  1.551799E-9
4245.55323590814  1.581168E-9
4248.35073068893  1.603330E-9
4251.14822546972  1.620584E-9
4253.94572025051  1.616442E-9
4256.74321503131  1.619432E-9
4259.5407098121  1.640002E-9
4262.3382045929  1.645975E-9
4265.13569937369  1.629171E-9
4267.93319415448  1.624513E-9
4270.73068893528  1.639291E-9
4273.52818371607  1.661524E-9
4276.32567849686  1.675077E-9
4279.12317327766  1.660576E-9
4281.92066805845  1.632013E-9
4284.71816283924  1.640125E-9
4287.51565762004  1.687358E-9
4290.31315240083  1.712171E-9
4293.11064718162  1.702529E-9
4295.90814196242  1.665083E-9
4298.70563674321  1.587167E-9
4301.503131524  1.535078E-9
4304.30062630479  1.567262E-9
4307.09812108559  1.618374E-9
4309.89561586638  1.622812E-9
4312.69311064718  1.617796E-9
4315.49060542797  1.656697E-9
4318.28810020876  1.711958E-9
4321.08559498956  1.722324E-9
4323.88308977035  1.693629E-9
4326.68058455114  1.686430E-9
4329.47807933193  1.721336E-9
4332.27557411273  1.692178E-9
4335.07306889352  1.508389E-9
4337.87056367431  1.285280E-9
4340.66805845511  1.178112E-9
4343.4655532359  1.176507E-9
4346.26304801669  1.220503E-9
4349.06054279749  1.300673E-9
4351.85803757828  1.385387E-9
4354.65553235907  1.433946E-9
4357.45302713987  1.470599E-9
4360.25052192066  1.512845E-9
4363.04801670145  1.529572E-9
4365.84551148225  1.515671E-9
4368.64300626304  1.508647E-9
4371.44050104383  1.529577E-9
4374.23799582463  1.549592E-9
4377.03549060542  1.545363E-9
4379.83298538621  1.522684E-9
4382.63048016701  1.493110E-9
4385.4279749478  1.473945E-9
4388.22546972859  1.463112E-9
4391.02296450939  1.448448E-9
4393.82045929018  1.440629E-9
4396.61795407097  1.464288E-9
4399.41544885177  1.511512E-9
4402.21294363256  1.544664E-9
4405.01043841335  1.554557E-9
4407.80793319415  1.553138E-9
4410.60542797494  1.536609E-9
4413.40292275573  1.524326E-9
4416.20041753653  1.525159E-9
4418.99791231732  1.508658E-9
4421.79540709811  1.470884E-9
4424.59290187891  1.435782E-9
4427.3903966597  1.414092E-9
4430.18789144049  1.412485E-9
4432.98538622129  1.435585E-9
4435.78288100208  1.472437E-9
4438.58037578287  1.490492E-9
4441.37787056367  1.466879E-9
4444.17536534446  1.434706E-9
4446.97286012525  1.438972E-9
4449.77035490605  1.457309E-9
4452.56784968684  1.445566E-9
4455.36534446763  1.424929E-9
4458.16283924843  1.424440E-9
4460.96033402922  1.411525E-9
4463.75782881001  1.362920E-9
4466.55532359081  1.298979E-9
4469.3528183716  1.262152E-9
4472.15031315239  1.285683E-9
4474.94780793319  1.352316E-9
4477.74530271398  1.413000E-9
4480.54279749477  1.425117E-9
4483.34029227557  1.397506E-9
4486.13778705636  1.381371E-9
4488.93528183715  1.376962E-9
4491.73277661795  1.375539E-9
4494.53027139874  1.386087E-9
4497.32776617953  1.387386E-9
4500.12526096032  1.370085E-9
4502.92275574112  1.348806E-9
4505.72025052191  1.332665E-9
4508.51774530271  1.333153E-9
4511.3152400835  1.348895E-9
4514.11273486429  1.349102E-9
4516.91022964508  1.321169E-9
4519.70772442588  1.293002E-9
4522.50521920667  1.279302E-9
4525.30271398747  1.272970E-9
4528.10020876826  1.260878E-9
4530.89770354905  1.243073E-9
4533.69519832984  1.235709E-9
4536.49269311064  1.241536E-9
4539.29018789143  1.243698E-9
4542.08768267223  1.243270E-9
4544.88517745302  1.255763E-9
4547.68267223381  1.278329E-9
4550.48016701461  1.284657E-9
4553.2776617954  1.270990E-9
4556.07515657619  1.272103E-9
4558.87265135698  1.298498E-9
4561.67014613778  1.313708E-9
4564.46764091857  1.287007E-9
4567.26513569936  1.243647E-9
4570.06263048016  1.223248E-9
4572.86012526095  1.236235E-9
4575.65762004175  1.269875E-9
4578.45511482254  1.286250E-9
4581.25260960333  1.272735E-9
4584.05010438412  1.255034E-9
4586.84759916492  1.233358E-9
4589.64509394571  1.212828E-9
4592.4425887265  1.211892E-9
4595.2400835073  1.220937E-9
4598.03757828809  1.223207E-9
4600.83507306888  1.202271E-9
4603.63256784968  1.159200E-9
4606.43006263047  1.124448E-9
4609.22755741126  1.128975E-9
4612.02505219206  1.156851E-9
4614.82254697285  1.174475E-9
4617.62004175364  1.181548E-9
4620.41753653444  1.182878E-9
4623.21503131523  1.180871E-9
4626.01252609602  1.173785E-9
4628.81002087682  1.166680E-9
4631.60751565761  1.159998E-9
4634.4050104384  1.126186E-9
4637.2025052192  1.069605E-9
4639.99999999999  1.055009E-9
4642.79749478078  1.087317E-9
4645.59498956158  1.103012E-9
4648.39248434237  1.099818E-9
4651.18997912316  1.122253E-9
4653.98747390396  1.169689E-9
4656.78496868475  1.206853E-9
4659.58246346554  1.209317E-9
4662.37995824634  1.185698E-9
4665.17745302713  1.157596E-9
4667.97494780792  1.132698E-9
4670.77244258872  1.116204E-9
4673.56993736951  1.109625E-9
4676.3674321503  1.119740E-9
4679.1649269311  1.148528E-9
4681.96242171189  1.183306E-9
4684.75991649268  1.206526E-9
4687.55741127348  1.193395E-9
4690.35490605427  1.143045E-9
4693.15240083506  1.087782E-9
4695.94989561586  1.053392E-9
4698.74739039665  1.046278E-9
4701.54488517744  1.052565E-9
4704.34237995824  1.059584E-9
4707.13987473903  1.078243E-9
4709.93736951982  1.097392E-9
4712.73486430062  1.103399E-9
4715.53235908141  1.119767E-9
4718.3298538622  1.141456E-9
4721.127348643  1.137955E-9
4723.92484342379  1.124222E-9
4726.72233820458  1.123916E-9
4729.51983298538  1.111079E-9
4732.31732776617  1.056343E-9
4735.11482254696  1.008042E-9
4737.91231732776  1.024403E-9
4740.70981210855  1.066760E-9
4743.50730688934  1.080884E-9
4746.30480167014  1.076011E-9
4749.10229645093  1.069167E-9
4751.89979123172  1.059315E-9
4754.69728601252  1.049795E-9
4757.49478079331  1.046746E-9
4760.2922755741  1.049659E-9
4763.0897703549  1.063031E-9
4765.88726513569  1.093554E-9
4768.68475991648  1.121697E-9
4771.48225469728  1.129517E-9
4774.27974947807  1.131566E-9
4777.07724425886  1.136641E-9
4779.87473903966  1.137862E-9
4782.67223382045  1.128376E-9
4785.46972860124  1.109139E-9
4788.26722338204  1.092071E-9
4791.06471816283  1.088400E-9
4793.86221294362  1.088311E-9
4796.65970772441  1.079753E-9
4799.45720250521  1.066071E-9
4802.254697286  1.039536E-9
4805.05219206679  1.023611E-9
4807.84968684759  1.035174E-9
4810.64718162838  1.054663E-9
4813.44467640917  1.072736E-9
4816.24217118997  1.083946E-9
4819.03966597076  1.074930E-9
4821.83716075155  1.049815E-9
4824.63465553235  1.027702E-9
4827.43215031314  1.024139E-9
4830.22964509394  1.026764E-9
4833.02713987473  1.018635E-9
4835.82463465552  1.012207E-9
4838.62212943632  1.024593E-9
4841.41962421711  1.048164E-9
4844.2171189979  1.055420E-9
4847.0146137787  1.041148E-9
4849.81210855949  1.026234E-9
4852.60960334028  1.004319E-9
4855.40709812107  9.475872E-10
4858.20459290187  8.706347E-10
4861.00208768266  8.233639E-10
4863.79958246345  8.258409E-10
4866.59707724425  8.461995E-10
4869.39457202504  8.574721E-10
4872.19206680584  8.643294E-10
4874.98956158663  8.798995E-10
4877.78705636742  8.973483E-10
4880.58455114822  9.102537E-10
4883.38204592901  9.230799E-10
4886.1795407098  9.372979E-10
4888.97703549059  9.528650E-10
4891.77453027139  9.639008E-10
4894.57202505218  9.651969E-10
4897.36951983297  9.641277E-10
4900.16701461377  9.665944E-10
4902.96450939456  9.716459E-10
4905.76200417535  9.812661E-10
4908.55949895615  9.874093E-10
4911.35699373694  9.810744E-10
4914.15448851773  9.730379E-10
4916.95198329853  9.696570E-10
4919.74947807932  9.516540E-10
4922.54697286011  9.287509E-10
4925.34446764091  9.331611E-10
4928.1419624217  9.574502E-10
4930.93945720249  9.786927E-10
4933.73695198329  9.827530E-10
4936.53444676408  9.741630E-10
4939.33194154487  9.792304E-10
4942.12943632567  9.942833E-10
4944.92693110646  9.961463E-10
4947.72442588725  9.881871E-10
4950.52192066805  9.920971E-10
4953.31941544884  1.008875E-9
4956.11691022963  1.016029E-9
4958.91440501043  1.000116E-9
4961.71189979122  9.700519E-10
4964.50939457201  9.421844E-10
4967.30688935281  9.307029E-10
4970.1043841336  9.324286E-10
4972.90187891439  9.314917E-10
4975.69937369519  9.142417E-10
4978.49686847598  8.892359E-10
4981.29436325677  8.867708E-10
4984.09185803757  9.046301E-10
4986.88935281836  9.101893E-10
4989.68684759915  9.041408E-10
4992.48434237995  9.009157E-10
4995.28183716074  8.989047E-10
4998.07933194153  8.899199E-10
5000.87682672233  8.794412E-10
5003.67432150312  8.773498E-10
5006.47181628391  8.783759E-10
5009.26931106471  8.750267E-10
5012.0668058455  8.617085E-10
5014.86430062629  8.472659E-10
5017.66179540709  8.464250E-10
5020.45929018788  8.481354E-10
5023.25678496867  8.440253E-10
5026.05427974947  8.405303E-10
5028.85177453026  8.386362E-10
5031.64926931105  8.398331E-10
5034.44676409185  8.457028E-10
5037.24425887264  8.544754E-10
5040.04175365343  8.630826E-10
5042.83924843423  8.605542E-10
5045.63674321502  8.472381E-10
5048.43423799581  8.471891E-10
5051.23173277661  8.635729E-10
5054.0292275574  8.705717E-10
5056.82672233819  8.680623E-10
5059.62421711899  8.639300E-10
5062.42171189978  8.547558E-10
5065.21920668057  8.491437E-10
5068.01670146137  8.509026E-10
5070.81419624216  8.504875E-10
5073.61169102295  8.434676E-10
5076.40918580375  8.430275E-10
5079.20668058454  8.536529E-10
5082.00417536533  8.609792E-10
5084.80167014613  8.613197E-10
5087.59916492692  8.588354E-10
5090.39665970771  8.551730E-10
5093.19415448851  8.572801E-10
5095.9916492693  8.611097E-10
5098.78914405009  8.587210E-10
5101.58663883089  8.621165E-10
5104.38413361168  8.724884E-10
5107.18162839247  8.758900E-10
5109.97912317327  8.749195E-10
5112.77661795406  8.717723E-10
5115.57411273485  8.601865E-10
5118.37160751565  8.470739E-10
5121.16910229644  8.430645E-10
5123.96659707723  8.438432E-10
5126.76409185802  8.501652E-10
5129.56158663882  8.605541E-10
5132.35908141961  8.564066E-10
5135.1565762004  8.435989E-10
5137.9540709812  8.480216E-10
5140.75156576199  8.598687E-10
5143.54906054279  8.535180E-10
5146.34655532358  8.367667E-10
5149.14405010437  8.279412E-10
5151.94154488517  8.270135E-10
5154.73903966596  8.207411E-10
5157.53653444675  8.148876E-10
5160.33402922754  8.336329E-10
5163.13152400834  8.644273E-10
5165.92901878913  8.702346E-10
5168.72651356993  8.535329E-10
5171.52400835072  8.345748E-10
5174.32150313151  8.226098E-10
5177.11899791231  8.281293E-10
5179.9164926931  8.448265E-10
5182.71398747389  8.526474E-10
5185.51148225468  8.473992E-10
5188.30897703548  8.337512E-10
5191.10647181627  8.105947E-10
5193.90396659706  7.892420E-10
5196.70146137786  7.889411E-10
5199.49895615865  7.977337E-10
5202.29645093944  7.947780E-10
5205.09394572024  7.909511E-10
5207.89144050103  7.980733E-10
5210.68893528182  8.066476E-10
5213.48643006262  8.097953E-10
5216.28392484341  8.102143E-10
5219.08141962421  8.110920E-10
5221.878914405  8.092882E-10
5224.67640918579  8.041339E-10
5227.47390396658  8.001823E-10
5230.27139874738  7.960518E-10
5233.06889352817  7.881026E-10
5235.86638830896  7.742312E-10
5238.66388308976  7.614223E-10
5241.46137787055  7.603541E-10
5244.25887265134  7.658250E-10
5247.05636743214  7.708335E-10
5249.85386221293  7.811136E-10
5252.65135699372  7.942376E-10
5255.44885177452  7.992281E-10
5258.24634655531  7.948808E-10
5261.0438413361  7.848177E-10
5263.8413361169  7.784597E-10
5266.63883089769  7.777403E-10
5269.43632567848  7.745622E-10
5272.23382045928  7.755598E-10
5275.03131524007  7.801940E-10
5277.82881002086  7.772177E-10
5280.62630480166  7.755423E-10
5283.42379958245  7.822505E-10
5286.22129436324  7.905651E-10
5289.01878914404  7.987921E-10
5291.81628392483  8.103329E-10
5294.61377870562  8.226322E-10
5297.41127348642  8.313282E-10
5300.20876826721  8.342655E-10
5303.006263048  8.340804E-10
5305.8037578288  8.375104E-10
5308.60125260959  8.439068E-10
5311.39874739038  8.422196E-10
5314.19624217118  8.256740E-10
5316.99373695197  8.083426E-10
5319.79123173276  8.088153E-10
5322.58872651356  8.180042E-10
5325.38622129435  8.157010E-10
5328.18371607514  8.079127E-10
5330.98121085594  8.106452E-10
5333.77870563673  8.135211E-10
5336.57620041752  7.981940E-10
5339.37369519832  7.745600E-10
5342.17118997911  7.582849E-10
5344.9686847599  7.528214E-10
5347.7661795407  7.590708E-10
5350.56367432149  7.742270E-10
5353.36116910228  7.836561E-10
5356.15866388308  7.777947E-10
5358.95615866387  7.701088E-10
5361.75365344466  7.702465E-10
5364.55114822546  7.713359E-10
5367.34864300625  7.683009E-10
5370.14613778704  7.621703E-10
5372.94363256784  7.558085E-10
5375.74112734863  7.512468E-10
5378.53862212942  7.470568E-10
5381.33611691022  7.458483E-10
5384.13361169101  7.520119E-10
5386.9311064718  7.597471E-10
5389.7286012526  7.642174E-10
5392.52609603339  7.615528E-10
5395.32359081418  7.510494E-10
5398.12108559497  7.379378E-10
5400.91858037577  7.198283E-10
5403.71607515656  6.986505E-10
5406.51356993735  6.859868E-10
5409.31106471815  6.858948E-10
5412.10855949894  6.934910E-10
5414.90605427974  7.063382E-10
5417.70354906053  7.214923E-10
5420.50104384132  7.256662E-10
5423.29853862212  7.130200E-10
5426.09603340291  6.965996E-10
5428.8935281837  6.930923E-10
5431.6910229645  7.075859E-10
5434.48851774529  7.242596E-10
5437.28601252608  7.266871E-10
5440.08350730687  7.211096E-10
5442.88100208767  7.133983E-10
5445.67849686846  7.021685E-10
5448.47599164925  7.003164E-10
5451.27348643005  7.104023E-10
5454.07098121084  7.144215E-10
5456.86847599163  7.091819E-10
5459.66597077243  7.088146E-10
5462.46346555322  7.166254E-10
5465.26096033402  7.224681E-10
5468.05845511481  7.225353E-10
5470.8559498956  7.225789E-10
5473.6534446764  7.218526E-10
5476.45093945719  7.167907E-10
5479.24843423798  7.136463E-10
5482.04592901877  7.171703E-10
5484.84342379957  7.184143E-10
5487.64091858036  7.111809E-10
5490.43841336115  7.021480E-10
5493.23590814195  6.945370E-10
5496.03340292274  6.901670E-10
5498.83089770354  6.889597E-10
5501.62839248433  6.839730E-10
5504.42588726512  6.749374E-10
5507.22338204591  6.673634E-10
5510.02087682671  6.642082E-10
5512.8183716075  6.672080E-10
5515.61586638829  6.727621E-10
5518.41336116909  6.743774E-10
5521.21085594988  6.728529E-10
5524.00835073067  6.704062E-10
5526.80584551147  6.642433E-10
5529.60334029226  6.599882E-10
5532.40083507305  6.667719E-10
5535.19832985385  6.755055E-10
5537.99582463464  6.756008E-10
5540.79331941543  6.718588E-10
5543.59081419623  6.702438E-10
5546.38830897702  6.717280E-10
5549.18580375781  6.714833E-10
5551.98329853861  6.688360E-10
5554.7807933194  6.668016E-10
5557.57828810019  6.628603E-10
5560.37578288099  6.563486E-10
5563.17327766178  6.496999E-10
5565.97077244257  6.437734E-10
5568.76826722337  6.413278E-10
5571.56576200416  6.405331E-10
5574.36325678495  6.338228E-10
5577.16075156575  6.200161E-10
5579.95824634654  6.094419E-10
5582.75574112733  6.127304E-10
5585.55323590813  6.228758E-10
5588.35073068892  6.224662E-10
5591.14822546971  6.058301E-10
5593.94572025051  5.842889E-10
5596.7432150313  5.780149E-10
5599.54070981209  5.922274E-10
5602.33820459289  6.083849E-10
5605.13569937368  6.175549E-10
5607.93319415447  6.249458E-10
5610.73068893527  6.309023E-10
5613.52818371606  6.365250E-10
5616.32567849685  6.452217E-10
5619.12317327765  6.569935E-10
5621.92066805844  6.643873E-10
5624.71816283923  6.636157E-10
5627.51565762003  6.634306E-10
5630.31315240082  6.663536E-10
5633.11064718161  6.662753E-10
5635.90814196241  6.583341E-10
5638.7056367432  6.503132E-10
5641.50313152399  6.541048E-10
5644.30062630479  6.593107E-10
5647.09812108558  6.531597E-10
5649.89561586637  6.412591E-10
5652.69311064717  6.306345E-10
5655.49060542796  6.237356E-10
5658.28810020875  6.209994E-10
5661.08559498955  6.238967E-10
5663.88308977034  6.324598E-10
5666.68058455113  6.414319E-10
5669.47807933193  6.459045E-10
5672.27557411272  6.461701E-10
5675.07306889351  6.470099E-10
5677.87056367431  6.501107E-10
5680.6680584551  6.499223E-10
5683.46555323589  6.437378E-10
5686.26304801669  6.384602E-10
5689.06054279748  6.352635E-10
5691.85803757827  6.296855E-10
5694.65553235906  6.240936E-10
5697.45302713986  6.213947E-10
5700.25052192065  6.215038E-10
5703.04801670144  6.217913E-10
5705.84551148224  6.194820E-10
5708.64300626303  6.155361E-10
5711.44050104383  6.123166E-10
5714.23799582462  6.107271E-10
5717.03549060541  6.066588E-10
5719.8329853862  5.985639E-10
5722.630480167  5.987777E-10
5725.42797494779  6.087260E-10
5728.22546972858  6.129520E-10
5731.02296450938  6.100824E-10
5733.82045929017  6.087840E-10
5736.61795407096  6.067372E-10
5739.41544885176  6.005536E-10
5742.21294363255  5.967084E-10
5745.01043841334  5.980762E-10
5747.80793319414  5.986620E-10
5750.60542797493  5.972625E-10
5753.40292275572  5.979914E-10
5756.20041753652  6.023415E-10
5758.99791231731  6.096371E-10
5761.7954070981  6.178755E-10
5764.5929018789  6.200689E-10
5767.39039665969  6.094515E-10
5770.18789144048  5.928785E-10
5772.98538622128  5.811375E-10
5775.78288100207  5.726866E-10
5778.58037578287  5.641482E-10
5781.37787056366  5.622055E-10
5784.17536534445  5.670435E-10
5786.97286012524  5.699046E-10
5789.77035490604  5.680805E-10
5792.56784968683  5.667076E-10
5795.36534446762  5.691998E-10
5798.16283924842  5.733192E-10
5800.96033402921  5.748538E-10
5803.75782881001  5.757131E-10
5806.5553235908  5.802781E-10
5809.35281837159  5.827362E-10
5812.15031315238  5.772251E-10
5814.94780793318  5.699147E-10
5817.74530271397  5.682402E-10
5820.54279749476  5.690407E-10
5823.34029227556  5.651928E-10
5826.13778705635  5.612778E-10
5828.93528183714  5.622016E-10
5831.73277661794  5.627817E-10
5834.53027139873  5.600002E-10
5837.32776617952  5.568215E-10
5840.12526096032  5.540762E-10
5842.92275574111  5.447987E-10
5845.7202505219  5.216056E-10
5848.5177453027  4.970199E-10
5851.31524008349  4.981771E-10
5854.11273486428  5.226136E-10
5856.91022964508  5.417915E-10
5859.70772442587  5.464476E-10
5862.50521920666  5.471961E-10
5865.30271398746  5.517458E-10
5868.10020876825  5.566508E-10
5870.89770354904  5.561338E-10
5873.69519832984  5.541524E-10
5876.49269311063  5.539006E-10
5879.29018789142  5.536123E-10
5882.08768267222  5.524599E-10
5884.88517745301  5.493693E-10
5887.6826722338  5.428860E-10
5890.4801670146  5.397760E-10
5893.27766179539  5.439431E-10
5896.07515657618  5.506107E-10
5898.87265135698  5.550195E-10
5901.67014613777  5.567299E-10
5904.46764091856  5.588550E-10
5907.26513569936  5.574031E-10
5910.06263048015  5.529501E-10
5912.86012526094  5.528572E-10
5915.65762004174  5.557102E-10
5918.45511482253  5.542323E-10
5921.25260960332  5.486447E-10
5924.05010438412  5.462359E-10
5926.84759916491  5.459584E-10
5929.6450939457  5.440216E-10
5932.4425887265  5.449090E-10
5935.24008350729  5.479329E-10
5938.03757828808  5.470300E-10
5940.83507306888  5.424767E-10
5943.63256784967  5.376038E-10
5946.43006263046  5.315849E-10
5949.22755741126  5.247677E-10
5952.02505219205  5.206564E-10
5954.82254697284  5.201435E-10
5957.62004175364  5.202356E-10
5960.41753653443  5.157032E-10
5963.21503131522  5.115283E-10
5966.01252609602  5.152156E-10
5968.81002087681  5.191826E-10
5971.6075156576  5.136738E-10
5974.4050104384  5.005780E-10
5977.20250521919  4.944868E-10
5979.99999999998  5.029158E-10
5982.79749478078  5.121318E-10
5985.59498956157  5.101058E-10
5988.39248434236  5.023856E-10
5991.18997912316  4.935636E-10
5993.98747390395  4.740635E-10
5996.78496868474  5.221372E-10
5999.58246346553  4.826222E-10
6002.37995824633  5.414296E-10
6005.17745302712  5.331456E-10
6007.97494780792  5.275186E-10
6010.77244258871  5.248719E-10
6013.5699373695  5.251342E-10
6016.36743215029  5.251168E-10
6019.16492693109  5.220459E-10
6021.96242171188  5.181913E-10
6024.75991649268  5.160803E-10
6027.55741127347  5.149031E-10
6030.35490605426  5.137580E-10
6033.15240083506  5.131381E-10
6035.94989561585  5.133548E-10
6038.74739039664  5.133740E-10
6041.54488517743  5.123722E-10
6044.34237995823  5.103792E-10
6047.13987473902  5.073865E-10
6049.93736951981  5.042605E-10
6052.73486430061  5.018818E-10
6055.5323590814  5.003160E-10
6058.3298538622  5.002774E-10
6061.12734864299  5.014576E-10
6063.92484342378  5.022326E-10
6066.72233820458  5.028633E-10
6069.51983298537  5.037228E-10
6072.31732776616  5.038740E-10
6075.11482254695  5.035330E-10
6077.91231732775  5.032831E-10
6080.70981210854  5.030804E-10
6083.50730688933  5.029629E-10
6086.30480167013  5.026221E-10
6089.10229645092  5.016537E-10
6091.89979123171  4.996845E-10
6094.69728601251  4.964050E-10
6097.4947807933  4.929660E-10
6100.2922755741  4.908236E-10
6103.08977035489  4.895681E-10
6105.88726513568  4.884442E-10
6108.68475991647  4.880964E-10
6111.48225469727  4.890548E-10
6114.27974947806  4.900992E-10
6117.07724425885  4.902632E-10
6119.87473903965  4.912879E-10
6122.67223382044  4.943080E-10
6125.46972860123  4.961728E-10
6128.26722338203  4.943027E-10
6131.06471816282  4.902661E-10
6133.86221294361  4.860386E-10
6136.65970772441  4.824569E-10
6139.4572025052  4.800245E-10
6142.25469728599  4.789049E-10
6145.05219206679  4.783473E-10
6147.84968684758  4.770672E-10
6150.64718162837  4.750045E-10
6153.44467640917  4.728811E-10
6156.24217118996  4.715788E-10
6159.03966597075  4.718045E-10
6161.83716075155  4.727643E-10
6164.63465553234  4.733383E-10
6167.43215031313  4.734354E-10
6170.22964509393  4.731846E-10
6173.02713987472  4.727866E-10
6175.82463465551  4.725719E-10
6178.62212943631  4.723262E-10
6181.4196242171  4.715879E-10
6184.21711899789  4.703710E-10
6187.01461377869  4.688644E-10
6189.81210855948  4.674763E-10
6192.60960334027  4.667930E-10
6195.40709812107  4.669728E-10
6198.20459290186  4.681004E-10
6201.00208768265  4.693646E-10
6203.79958246345  4.691081E-10
6206.59707724424  4.682289E-10
6209.39457202503  4.688839E-10
6212.19206680583  4.706994E-10
6214.98956158662  4.723325E-10
6217.78705636741  4.728010E-10
6220.58455114821  4.707397E-10
6223.382045929  4.655805E-10
6226.17954070979  4.599573E-10
6228.97703549059  4.575825E-10
6231.77453027138  4.582338E-10
6234.57202505217  4.599744E-10
6237.36951983297  4.620615E-10
6240.16701461376  4.630614E-10
6242.96450939455  4.623918E-10
6245.76200417535  4.613621E-10
6248.55949895614  4.606732E-10
6251.35699373693  4.600984E-10
6254.15448851773  4.595714E-10
6256.95198329852  4.591416E-10
6259.74947807931  4.589650E-10
6262.54697286011  4.593931E-10
6265.3444676409  4.598496E-10
6268.14196242169  4.591507E-10
6270.93945720249  4.572483E-10
6273.73695198328  4.547948E-10
6276.53444676407  4.520631E-10
6279.33194154487  4.490495E-10
6282.12943632566  4.460487E-10
6284.92693110645  4.436101E-10
6287.72442588724  4.421236E-10
6290.52192066804  4.419483E-10
6293.31941544883  4.432720E-10
6296.11691022962  4.456119E-10
6298.91440501042  4.469338E-10
6301.71189979121  4.457097E-10
6304.50939457201  4.440983E-10
6307.3068893528  4.441090E-10
6310.10438413359  4.445711E-10
6312.90187891438  4.446614E-10
6315.69937369518  4.443896E-10
6318.49686847597  4.432927E-10
6321.29436325676  4.412880E-10
6324.09185803756  4.389371E-10
6326.88935281835  4.375250E-10
6329.68684759914  4.375503E-10
6332.48434237994  4.378004E-10
6335.28183716073  4.374353E-10
6338.07933194152  4.361806E-10
6340.87682672232  4.340031E-10
6343.67432150311  4.320025E-10
6346.4718162839  4.310814E-10
6349.2693110647  4.311736E-10
6352.06680584549  4.320559E-10
6354.86430062628  4.331323E-10
6357.66179540708  4.340301E-10
6360.45929018787  4.351326E-10
6363.25678496866  4.357656E-10
6366.05427974946  4.343053E-10
6368.85177453025  4.314890E-10
6371.64926931104  4.298343E-10
6374.44676409184  4.297900E-10
6377.24425887263  4.296332E-10
6380.04175365342  4.282062E-10
6382.83924843422  4.258532E-10
6385.63674321501  4.231632E-10
6388.4342379958  4.209887E-10
6391.2317327766  4.205770E-10
6394.02922755739  4.216938E-10
6396.82672233818  4.224801E-10
6399.62421711898  4.220486E-10
6402.42171189977  4.210841E-10
6405.21920668056  4.201996E-10
6408.01670146136  4.196672E-10
6410.81419624215  4.195275E-10
6413.61169102294  4.189853E-10
6416.40918580374  4.177002E-10
6419.20668058453  4.169831E-10
6422.00417536532  4.174674E-10
6424.80167014612  4.183009E-10
6427.59916492691  4.186623E-10
6430.3966597077  4.174023E-10
6433.1941544885  4.141590E-10
6435.99164926929  4.101408E-10
6438.78914405008  4.067155E-10
6441.58663883088  4.057693E-10
6444.38413361167  4.083637E-10
6447.18162839246  4.127978E-10
6449.97912317326  4.159336E-10
6452.77661795405  4.157703E-10
6455.57411273484  4.130979E-10
6458.37160751564  4.097020E-10
6461.16910229643  4.069108E-10
6463.96659707722  4.058192E-10
6466.76409185802  4.064814E-10
6469.56158663881  4.082591E-10
6472.3590814196  4.099977E-10
6475.1565762004  4.103476E-10
6477.95407098119  4.094491E-10
6480.75156576198  4.083175E-10
6483.54906054278  4.071727E-10
6486.34655532357  4.058750E-10
6489.14405010436  4.045800E-10
6491.94154488516  4.036064E-10
6494.73903966595  4.034315E-10
6497.53653444674  4.040907E-10
6500.33402922754  4.051638E-10
6503.13152400833  4.062752E-10
6505.92901878912  4.058012E-10
6508.72651356992  4.028416E-10
6511.52400835071  3.998238E-10
6514.3215031315  3.983651E-10
6517.1189979123  3.973472E-10
6519.91649269309  3.964711E-10
6522.71398747388  3.966932E-10
6525.51148225468  3.979248E-10
6528.30897703547  3.991117E-10
6531.10647181626  3.999098E-10
6533.90396659705  4.005385E-10
6536.70146137785  4.016911E-10
6539.49895615864  4.045246E-10
6542.29645093943  4.077388E-10
6545.09394572023  4.082064E-10
6547.89144050102  4.058185E-10
6550.68893528182  4.021641E-10
6553.48643006261  3.955836E-10
6556.2839248434  3.841380E-10
6559.0814196242  3.695454E-10
6561.87891440499  3.543869E-10
6564.67640918578  3.437802E-10
6567.47390396658  3.430079E-10
6570.27139874737  3.490817E-10
6573.06889352816  3.559861E-10
6575.86638830896  3.620429E-10
6578.66388308975  3.669711E-10
6581.46137787054  3.709880E-10
6584.25887265133  3.749938E-10
6587.05636743213  3.775657E-10
6589.85386221292  3.774580E-10
6592.65135699372  3.767000E-10
6595.44885177451  3.765638E-10
6598.2463465553  3.762803E-10
6601.0438413361  3.757879E-10
6603.84133611689  3.751779E-10
6606.63883089768  3.742067E-10
6609.43632567847  3.735582E-10
6612.23382045927  3.737328E-10
6615.03131524006  3.740007E-10
6617.82881002085  3.740374E-10
6620.62630480165  3.743073E-10
6623.42379958244  3.744132E-10
6626.22129436323  3.734397E-10
6629.01878914403  3.719862E-10
6631.81628392482  3.718821E-10
6634.61377870561  3.728028E-10
6637.41127348641  3.722878E-10
6640.2087682672  3.702892E-10
6643.00626304799  3.687138E-10
6645.80375782879  3.675805E-10
6648.60125260958  3.657576E-10
6651.39874739037  3.635368E-10
6654.19624217117  3.619572E-10
6656.99373695196  3.614412E-10
6659.79123173276  3.620691E-10
6662.58872651355  3.628666E-10
6665.38622129434  3.624305E-10
6668.18371607513  3.603366E-10
6670.98121085593  3.566098E-10
6673.77870563672  3.525132E-10
6676.57620041751  3.497923E-10
6679.37369519831  3.484083E-10
6682.1711899791  3.477057E-10
6684.96868475989  3.475911E-10
6687.76617954069  3.483074E-10
6690.56367432148  3.506226E-10
6693.36116910227  3.542814E-10
6696.15866388307  3.572558E-10
6698.95615866386  3.584268E-10
6701.75365344465  3.585173E-10
6704.55114822545  3.582318E-10
6707.34864300624  3.571548E-10
6710.14613778703  3.552260E-10
6712.94363256783  3.535689E-10
6715.74112734862  3.527668E-10
6718.53862212941  3.528758E-10
6721.33611691021  3.533527E-10
6724.133611691  3.525889E-10
6726.93110647179  3.505977E-10
6729.72860125259  3.493361E-10
6732.52609603338  3.490266E-10
6735.32359081417  3.483080E-10
6738.12108559497  3.473812E-10
6740.91858037576  3.473316E-10
6743.71607515655  3.478238E-10
6746.51356993735  3.480226E-10
6749.31106471814  3.477217E-10
6752.10855949893  3.469028E-10
6754.90605427973  3.459684E-10
6757.70354906052  3.450128E-10
6760.50104384131  3.440807E-10
6763.29853862211  3.442416E-10
6766.0960334029  3.450082E-10
6768.89352818369  3.448531E-10
6771.69102296449  3.446699E-10
6774.48851774528  3.452096E-10
6777.28601252607  3.451641E-10
6780.08350730687  3.440986E-10
6782.88100208766  3.427144E-10
6785.67849686845  3.413179E-10
6788.47599164925  3.402574E-10
6791.27348643004  3.399281E-10
6794.07098121083  3.404320E-10
6796.86847599163  3.415014E-10
6799.66597077242  3.421380E-10
6802.46346555321  3.417755E-10
6805.26096033401  3.408122E-10
6808.0584551148  3.398422E-10
6810.85594989559  3.398448E-10
6813.65344467639  3.406484E-10
6816.45093945718  3.400707E-10
6819.24843423797  3.373481E-10
6822.04592901877  3.339977E-10
6824.84342379956  3.315773E-10
6827.64091858035  3.310563E-10
6830.43841336115  3.318334E-10
6833.23590814194  3.325453E-10
6836.03340292273  3.326724E-10
6838.83089770353  3.319990E-10
6841.62839248432  3.313576E-10
6844.42588726511  3.317324E-10
6847.2233820459  3.321302E-10
6850.0208768267  3.317045E-10
6852.81837160749  3.311950E-10
6855.61586638828  3.317360E-10
6858.41336116908  3.343738E-10
6861.21085594987  3.389960E-10
6864.00835073066  3.430450E-10
6866.80584551146  3.432126E-10
6869.60334029225  3.379780E-10
6872.40083507305  3.286210E-10
6875.19832985384  3.187004E-10
6877.99582463463  3.111080E-10
6880.79331941542  3.087213E-10
6883.59081419622  3.127395E-10
6886.38830897701  3.174131E-10
6889.1858037578  3.182167E-10
6891.9832985386  3.170725E-10
6894.78079331939  3.152347E-10
6897.57828810018  3.127413E-10
6900.37578288098  3.108268E-10
6903.17327766177  3.107770E-10
6905.97077244256  3.125380E-10
6908.76826722336  3.147371E-10
6911.56576200415  3.160483E-10
6914.36325678494  3.160841E-10
6917.16075156574  3.156031E-10
6919.95824634653  3.150753E-10
6922.75574112732  3.143272E-10
6925.55323590812  3.137903E-10
6928.35073068891  3.136394E-10
6931.1482254697  3.135411E-10
6933.9457202505  3.132750E-10
6936.74321503129  3.124543E-10
6939.54070981209  3.114037E-10
6942.33820459288  3.110896E-10
6945.13569937367  3.114591E-10
6947.93319415446  3.118370E-10
6950.73068893526  3.119167E-10
6953.52818371605  3.116555E-10
6956.32567849684  3.117253E-10
6959.12317327764  3.128373E-10
6961.92066805843  3.139699E-10
6964.71816283922  3.137146E-10
6967.51565762002  3.126427E-10
6970.31315240081  3.119670E-10
6973.1106471816  3.117953E-10
6975.9081419624  3.118049E-10
6978.70563674319  3.112447E-10
6981.50313152398  3.096310E-10
6984.30062630478  3.082608E-10
6987.09812108557  3.078537E-10
6989.89561586636  3.070685E-10
6992.69311064716  3.052485E-10
6995.49060542795  3.030746E-10
6998.28810020874  3.013066E-10
7001.08559498954  3.006839E-10
7003.88308977033  3.018948E-10
7006.68058455112  3.046245E-10
7009.47807933192  3.069699E-10
7012.27557411271  3.075533E-10
7015.0730688935  3.066212E-10
7017.8705636743  3.047083E-10
7020.66805845509  3.026477E-10
7023.46555323588  3.008682E-10
7026.26304801668  2.995162E-10
7029.06054279747  2.993893E-10
7031.85803757826  3.004139E-10
7034.65553235906  3.018345E-10
7037.45302713985  3.021527E-10
7040.25052192064  2.997876E-10
7043.04801670144  2.963285E-10
7045.84551148223  2.943138E-10
7048.64300626302  2.943095E-10
7051.44050104382  2.958331E-10
7054.23799582461  2.966183E-10
7057.0354906054  2.944402E-10
7059.83298538619  2.898326E-10
7062.63048016699  2.844791E-10
7065.42797494778  2.800186E-10
7068.22546972857  2.775854E-10
7071.02296450937  2.777589E-10
7073.82045929016  2.803719E-10
7076.61795407095  2.837935E-10
7079.41544885175  2.867439E-10
7082.21294363254  2.887418E-10
7085.01043841334  2.893571E-10
7087.80793319413  2.894523E-10
7090.60542797492  2.899944E-10
7093.40292275572  2.901783E-10
7096.20041753651  2.894965E-10
7098.9979123173  2.889824E-10
7101.7954070981  2.891145E-10
7104.59290187889  2.893706E-10
7107.39039665968  2.895564E-10
7110.18789144048  2.897885E-10
7112.98538622127  2.899402E-10
7115.78288100206  2.897720E-10
7118.58037578286  2.891962E-10
7121.37787056365  2.884539E-10
7124.17536534444  2.882613E-10
7126.97286012524  2.890256E-10
7129.77035490603  2.897187E-10
7132.56784968682  2.889573E-10
7135.36534446762  2.870593E-10
7138.16283924841  2.853612E-10
7140.9603340292  2.846642E-10
7143.75782880999  2.850973E-10
7146.55532359079  2.860274E-10
7149.35281837158  2.865143E-10
7152.15031315238  2.861465E-10
7154.94780793317  2.852493E-10
7157.74530271396  2.845780E-10
7160.54279749475  2.847078E-10
7163.34029227555  2.858666E-10
7166.13778705634  2.876268E-10
7168.93528183713  2.884890E-10
7171.73277661793  2.873318E-10
7174.53027139872  2.844372E-10
7177.32776617951  2.808485E-10
7180.12526096031  2.783329E-10
7182.9227557411  2.775063E-10
7185.72025052189  2.769398E-10
7188.51774530269  2.759179E-10
7191.31524008348  2.749927E-10
7194.11273486428  2.742008E-10
7196.91022964507  2.728414E-10
7199.70772442586  2.709105E-10
7202.50521920665  2.693004E-10
7205.30271398745  2.680823E-10
7208.10020876824  2.665318E-10
7210.89770354903  2.653917E-10
7213.69519832983  2.667261E-10
7216.49269311062  2.701754E-10
7219.29018789141  2.734608E-10
7222.08768267221  2.759056E-10
7224.885177453  2.776183E-10
7227.68267223379  2.789388E-10
7230.48016701459  2.804299E-10
7233.27766179538  2.816167E-10
7236.07515657617  2.814758E-10
7238.87265135697  2.794728E-10
7241.67014613776  2.758316E-10
7244.46764091855  2.722017E-10
7247.26513569935  2.702571E-10
7250.06263048014  2.689525E-10
7252.86012526093  2.671104E-10
7255.65762004173  2.662287E-10
7258.45511482252  2.671756E-10
7261.25260960331  2.684373E-10
7264.05010438411  2.689624E-10
7266.8475991649  2.688488E-10
7269.64509394569  2.681753E-10
7272.44258872649  2.671391E-10
7275.24008350728  2.657744E-10
7278.03757828807  2.633208E-10
7280.83507306887  2.595414E-10
7283.63256784966  2.559899E-10
7286.43006263045  2.546150E-10
7289.22755741125  2.562631E-10
7292.02505219204  2.594690E-10
7294.82254697283  2.615375E-10
7297.62004175363  2.618352E-10
7300.41753653442  2.611808E-10
7303.21503131521  2.605459E-10
7306.01252609601  2.608234E-10
7308.8100208768  2.613779E-10
7311.60751565759  2.607690E-10
7314.40501043839  2.590569E-10
7317.20250521918  2.574492E-10
7319.99999999997  2.567224E-10
7322.79749478077  2.569916E-10
7325.59498956156  2.577786E-10
7328.39248434235  2.584118E-10
7331.18997912315  2.584034E-10
7333.98747390394  2.576450E-10
7336.78496868473  2.567596E-10
7339.58246346553  2.563681E-10
7342.37995824632  2.569064E-10
7345.17745302711  2.585331E-10
7347.97494780791  2.598301E-10
7350.7724425887  2.595148E-10
7353.56993736949  2.585747E-10
7356.36743215028  2.581146E-10
7359.16492693108  2.581551E-10
7361.96242171187  2.585548E-10
7364.75991649267  2.585003E-10
7367.55741127346  2.572274E-10
7370.35490605425  2.555701E-10
7373.15240083504  2.543648E-10
7375.94989561584  2.535625E-10
7378.74739039663  2.534252E-10
7381.54488517742  2.536107E-10
7384.34237995822  2.532660E-10
7387.13987473901  2.529866E-10
7389.93736951981  2.533492E-10
7392.7348643006  2.535082E-10
7395.53235908139  2.530013E-10
7398.32985386219  2.521938E-10
7401.12734864298  2.514046E-10
7403.92484342377  2.506883E-10
7406.72233820457  2.501497E-10
7409.51983298536  2.501108E-10
7412.31732776615  2.506385E-10
7415.11482254694  2.515183E-10
7417.91231732774  2.523971E-10
7420.70981210853  2.528950E-10
7423.50730688932  2.526500E-10
7426.30480167012  2.514306E-10
7429.10229645091  2.495493E-10
7431.8997912317  2.475911E-10
7434.6972860125  2.464815E-10
7437.49478079329  2.467892E-10
7440.29227557408  2.476499E-10
7443.08977035488  2.482966E-10
7445.88726513567  2.487883E-10
7448.68475991646  2.490257E-10
7451.48225469726  2.489337E-10
7454.27974947805  2.484414E-10
7457.07724425884  2.468184E-10
7459.87473903964  2.439864E-10
7462.67223382043  2.415765E-10
7465.46972860122  2.409830E-10
7468.26722338202  2.425047E-10
7471.06471816281  2.452271E-10
7473.8622129436  2.469917E-10
7476.6597077244  2.470929E-10
7479.45720250519  2.464635E-10
7482.25469728598  2.454238E-10
7485.05219206678  2.440181E-10
7487.84968684757  2.426330E-10
7490.64718162836  2.417783E-10
7493.44467640916  2.417073E-10
7496.24217118995  2.421208E-10
7499.03966597074  2.424050E-10
7501.83716075154  2.420937E-10
7504.63465553233  2.415551E-10
7507.43215031312  2.415902E-10
7510.22964509392  2.419769E-10
7513.02713987471  2.418994E-10
7515.8246346555  2.412978E-10
7518.6221294363  2.404596E-10
7521.41962421709  2.393702E-10
7524.21711899788  2.381820E-10
7527.01461377868  2.371946E-10
7529.81210855947  2.362427E-10
7532.60960334026  2.356277E-10
7535.40709812106  2.361791E-10
7538.20459290185  2.375423E-10
7541.00208768265  2.386841E-10
7543.79958246344  2.388133E-10
7546.59707724423  2.375450E-10
7549.39457202502  2.354788E-10
7552.19206680582  2.338608E-10
7554.98956158661  2.340301E-10
7557.7870563674  2.359653E-10
7560.5845511482  2.378397E-10
7563.38204592899  2.384615E-10
7566.17954070978  2.382291E-10
7568.97703549058  2.375238E-10
7571.77453027137  2.361026E-10
7574.57202505216  2.343751E-10
7577.36951983296  2.335611E-10
7580.16701461375  2.339922E-10
7582.96450939454  2.351102E-10
7585.76200417534  2.376246E-10
7588.55949895613  2.431455E-10
7591.35699373692  2.526453E-10
7594.15448851772  2.672935E-10
7596.95198329851  2.830294E-10
7599.7494780793  2.894191E-10
7602.5469728601  2.809631E-10
7605.34446764089  2.565242E-10
7608.14196242168  2.233697E-10
7610.93945720248  1.964023E-10
7613.73695198327  1.813312E-10
7616.53444676406  1.783313E-10
7619.33194154486  1.874206E-10
7622.12943632565  2.040414E-10
7624.92693110644  2.196112E-10
7627.72442588723  2.262439E-10
7630.52192066803  2.247395E-10
7633.31941544882  2.201338E-10
7636.11691022962  2.139566E-10
7638.91440501041  2.077853E-10
7641.7118997912  2.028847E-10
7644.509394572  1.997265E-10
7647.30688935279  1.986524E-10
7650.10438413358  1.993795E-10
7652.90187891438  2.007769E-10
7655.69937369517  2.021508E-10
7658.49686847596  2.039315E-10
7661.29436325676  2.061727E-10
7664.09185803755  2.084015E-10
7666.88935281834  2.103326E-10
7669.68684759914  2.118295E-10
7672.48434237993  2.128902E-10
7675.28183716072  2.134245E-10
7678.07933194152  2.135950E-10
7680.87682672231  2.138999E-10
7683.6743215031  2.145442E-10
7686.4718162839  2.156583E-10
7689.26931106469  2.170307E-10
7692.06680584548  2.177469E-10
7694.86430062628  2.175479E-10
7697.66179540707  2.170635E-10
7700.45929018786  2.167316E-10
7703.25678496866  2.170567E-10
7706.05427974945  2.180407E-10
7708.85177453024  2.186713E-10
7711.64926931103  2.184150E-10
7714.44676409183  2.174540E-10
7717.24425887262  2.162700E-10
7720.04175365342  2.155719E-10
7722.83924843421  2.152649E-10
7725.636743215  2.147779E-10
7728.4342379958  2.142493E-10
7731.23173277659  2.140112E-10
7734.02922755738  2.140817E-10
7736.82672233817  2.143521E-10
7739.62421711897  2.142940E-10
7742.42171189976  2.137068E-10
7745.21920668055  2.135406E-10
7748.01670146135  2.142103E-10
7750.81419624214  2.147353E-10
7753.61169102294  2.144274E-10
7756.40918580373  2.134315E-10
7759.20668058452  2.121818E-10
7762.00417536531  2.111382E-10
7764.80167014611  2.106291E-10
7767.5991649269  2.111977E-10
7770.39665970769  2.130288E-10
7773.19415448849  2.151025E-10
7775.99164926928  2.161102E-10
7778.78914405007  2.156484E-10
7781.58663883087  2.142261E-10
7784.38413361166  2.125209E-10
7787.18162839245  2.113115E-10
7789.97912317325  2.111701E-10
7792.77661795404  2.115458E-10
7795.57411273483  2.115480E-10
7798.37160751563  2.109074E-10
7801.16910229642  2.097931E-10
7803.96659707721  2.085308E-10
7806.76409185801  2.073171E-10
7809.5615866388  2.066870E-10
7812.35908141959  2.071752E-10
7815.15657620039  2.080040E-10
7817.95407098118  2.082478E-10
7820.75156576197  2.083066E-10
7823.54906054277  2.085915E-10
7826.34655532356  2.083496E-10
7829.14405010435  2.069843E-10
7831.94154488515  2.052302E-10
7834.73903966594  2.041846E-10
7837.53653444673  2.043923E-10
7840.33402922753  2.054962E-10
7843.13152400832  2.063600E-10
7845.92901878911  2.061662E-10
7848.72651356991  2.047653E-10
7851.5240083507  2.028452E-10
7854.32150313149  2.016913E-10
7857.11899791229  2.017091E-10
7859.91649269308  2.023639E-10
7862.71398747387  2.031248E-10
7865.51148225467  2.034911E-10
7868.30897703546  2.030304E-10
7871.10647181625  2.018706E-10
7873.90396659705  2.007394E-10
7876.70146137784  2.000289E-10
7879.49895615863  1.994493E-10
7882.29645093943  1.989432E-10
7885.09394572022  1.986396E-10
7887.89144050101  1.983141E-10
7890.68893528181  1.981568E-10
7893.4864300626  1.987035E-10
7896.28392484339  1.992812E-10
7899.08141962419  1.987868E-10
7901.87891440498  1.978750E-10
7904.67640918577  1.978395E-10
7907.47390396657  1.983844E-10
7910.27139874736  1.985949E-10
7913.06889352815  1.984345E-10
7915.86638830894  1.981824E-10
7918.66388308974  1.979863E-10
7921.46137787053  1.979254E-10
7924.25887265132  1.977616E-10
7927.05636743212  1.971049E-10
7929.85386221291  1.960416E-10
7932.65135699371  1.950694E-10
7935.4488517745  1.941951E-10
7938.24634655529  1.936845E-10
7941.04384133609  1.947882E-10
7943.84133611688  1.971734E-10
7946.63883089767  1.988266E-10
7949.43632567846  1.991125E-10
7952.23382045926  1.984593E-10
7955.03131524005  1.972021E-10
7957.82881002084  1.957326E-10
7960.62630480164  1.945460E-10
7963.42379958243  1.942998E-10
7966.22129436323  1.944744E-10
7969.01878914402  1.935456E-10
7971.81628392481  1.920747E-10
7974.6137787056  1.920886E-10
7977.4112734864  1.932453E-10
7980.20876826719  1.936678E-10
7983.00626304799  1.929161E-10
7985.80375782878  1.914718E-10
7988.60125260957  1.904316E-10
7991.39874739037  1.909644E-10
7994.19624217116  1.923100E-10
7996.99373695195  1.930211E-10
7999.79123173275  1.925793E-10
8002.58872651354  1.912792E-10
8005.38622129433  1.901474E-10
8008.18371607512  1.896964E-10
8010.98121085592  1.897445E-10
8013.77870563671  1.902172E-10
8016.5762004175  1.907824E-10
8019.3736951983  1.909673E-10
8022.17118997909  1.909412E-10
8024.96868475988  1.908197E-10
8027.76617954068  1.893508E-10
8030.56367432147  1.864948E-10
8033.36116910226  1.852166E-10
8036.15866388306  1.863680E-10
8038.95615866385  1.870158E-10
8041.75365344464  1.858375E-10
8044.55114822544  1.839405E-10
8047.34864300623  1.824158E-10
8050.14613778702  1.824353E-10
8052.94363256782  1.841658E-10
8055.74112734861  1.864108E-10
8058.5386221294  1.880744E-10
8061.3361169102  1.883216E-10
8064.13361169099  1.874066E-10
8066.93110647178  1.865697E-10
8069.72860125258  1.861237E-10
8072.52609603337  1.857296E-10
8075.32359081416  1.851553E-10
8078.12108559496  1.841830E-10
8080.91858037575  1.833971E-10
8083.71607515654  1.836180E-10
8086.51356993734  1.843150E-10
8089.31106471813  1.845762E-10
8092.10855949892  1.845843E-10
8094.90605427972  1.847218E-10
8097.70354906051  1.845130E-10
8100.5010438413  1.836613E-10
8103.2985386221  1.832369E-10
8106.09603340289  1.838375E-10
8108.89352818368  1.840720E-10
8111.69102296448  1.831972E-10
8114.48851774527  1.823516E-10
8117.28601252606  1.821971E-10
8120.08350730686  1.824443E-10
8122.88100208765  1.829035E-10
8125.67849686844  1.833679E-10
8128.47599164924  1.835471E-10
8131.27348643003  1.830636E-10
8134.07098121082  1.819946E-10
8136.86847599162  1.812702E-10
8139.66597077241  1.811307E-10
8142.4634655532  1.809435E-10
8145.260960334  1.805636E-10
8148.05845511479  1.801684E-10
8150.85594989558  1.800076E-10
8153.65344467638  1.802939E-10
8156.45093945717  1.805860E-10
8159.24843423796  1.802980E-10
8162.04592901876  1.793069E-10
8164.84342379955  1.774882E-10
8167.64091858034  1.753948E-10
8170.43841336114  1.742782E-10
8173.23590814193  1.741937E-10
8176.03340292272  1.743783E-10
8178.83089770352  1.745334E-10
8181.62839248431  1.744683E-10
8184.4258872651  1.743751E-10
8187.2233820459  1.747180E-10
8190.02087682669  1.751071E-10
8192.81837160748  1.749222E-10
8195.61586638828  1.741571E-10
8198.41336116907  1.730124E-10
8201.21085594986  1.718873E-10
8204.00835073066  1.712179E-10
8206.80584551145  1.714435E-10
8209.60334029224  1.727352E-10
8212.40083507304  1.741978E-10
8215.19832985383  1.751211E-10
8217.99582463462  1.765394E-10
8220.79331941542  1.791331E-10
8223.59081419621  1.811845E-10
8226.388308977  1.811578E-10
8229.1858037578  1.783341E-10
8231.98329853859  1.725788E-10
8234.78079331938  1.667250E-10
8237.57828810017  1.634758E-10
8240.37578288097  1.628152E-10
8243.17327766176  1.640189E-10
8245.97077244256  1.658652E-10
8248.76826722335  1.672771E-10
8251.56576200414  1.683430E-10
8254.36325678493  1.694403E-10
8257.16075156573  1.705429E-10
8259.95824634652  1.713747E-10
8262.75574112731  1.719071E-10
8265.55323590811  1.724284E-10
8268.3507306889  1.729112E-10
8271.14822546969  1.725904E-10
8273.94572025049  1.707893E-10
8276.74321503128  1.680734E-10
8279.54070981208  1.655268E-10
8282.33820459287  1.642391E-10
8285.13569937366  1.649507E-10
8287.93319415445  1.667206E-10
8290.73068893525  1.681886E-10
8293.52818371604  1.687074E-10
8296.32567849684  1.679822E-10
8299.12317327763  1.669371E-10
8301.92066805842  1.666231E-10
8304.71816283921  1.665914E-10
8307.51565762001  1.663460E-10
8310.3131524008  1.662624E-10
8313.1106471816  1.662978E-10
8315.90814196239  1.658616E-10
8318.70563674318  1.648754E-10
8321.50313152397  1.637516E-10
8324.30062630477  1.631035E-10
8327.09812108556  1.635181E-10
8329.89561586635  1.645581E-10
8332.69311064715  1.649940E-10
8335.49060542794  1.646002E-10
8338.28810020873  1.641319E-10
8341.08559498953  1.640191E-10
8343.88308977032  1.642579E-10
8346.68058455111  1.647197E-10
8349.47807933191  1.651838E-10
8352.2755741127  1.653764E-10
8355.07306889349  1.650879E-10
8357.87056367429  1.641632E-10
8360.66805845508  1.625458E-10
8363.46555323587  1.606282E-10
8366.26304801667  1.589776E-10
8369.06054279746  1.582853E-10
8371.85803757825  1.591508E-10
8374.65553235905  1.609084E-10
8377.45302713984  1.624793E-10
8380.25052192063  1.636500E-10
8383.04801670143  1.643146E-10
8385.84551148222  1.640808E-10
8388.64300626301  1.628583E-10
8391.44050104381  1.611127E-10
8394.2379958246  1.595155E-10
8397.03549060539  1.588748E-10
8399.83298538619  1.594233E-10
8402.63048016698  1.601229E-10
8405.42797494777  1.601484E-10
8408.22546972857  1.597477E-10
8411.02296450936  1.592958E-10
8413.82045929015  1.587505E-10
8416.61795407095  1.580759E-10
8419.41544885174  1.577074E-10
8422.21294363253  1.580216E-10
8425.01043841333  1.588423E-10
8427.80793319412  1.595969E-10
8430.60542797491  1.596634E-10
8433.40292275571  1.591084E-10
8436.2004175365  1.585444E-10
8438.99791231729  1.581600E-10
8441.79540709809  1.577987E-10
8444.59290187888  1.574053E-10
8447.39039665967  1.569635E-10
8450.18789144047  1.565718E-10
8452.98538622126  1.564563E-10
8455.78288100205  1.563768E-10
8458.58037578285  1.559017E-10
8461.37787056364  1.554270E-10
8464.17536534443  1.556616E-10
8466.97286012522  1.565426E-10
8469.77035490602  1.573810E-10
8472.56784968681  1.575359E-10
8475.36534446761  1.568958E-10
8478.1628392484  1.561577E-10
8480.96033402919  1.559412E-10
8483.75782880999  1.557565E-10
8486.55532359078  1.549954E-10
8489.35281837157  1.539872E-10
8492.15031315236  1.532571E-10
8494.94780793316  1.528832E-10
8497.74530271395  1.526191E-10
8500.54279749475  1.519774E-10
8503.34029227554  1.508314E-10
8506.13778705633  1.496904E-10
8508.93528183712  1.490036E-10
8511.73277661792  1.488312E-10
8514.53027139871  1.491818E-10
8517.32776617951  1.502538E-10
8520.1252609603  1.517831E-10
8522.92275574109  1.528138E-10
8525.72025052188  1.527037E-10
8528.51774530268  1.513812E-10
8531.31524008347  1.495949E-10
8534.11273486426  1.487087E-10
8536.91022964506  1.488831E-10
8539.70772442585  1.494661E-10
8542.50521920664  1.499825E-10
8545.30271398744  1.494822E-10
8548.10020876823  1.480185E-10
8550.89770354902  1.469974E-10
8553.69519832982  1.468193E-10
8556.49269311061  1.471242E-10
8559.2901878914  1.477477E-10
8562.0876826722  1.483942E-10
8564.88517745299  1.491391E-10
8567.68267223378  1.500263E-10
8570.48016701458  1.501802E-10
8573.27766179537  1.491483E-10
8576.07515657616  1.478426E-10
8578.87265135696  1.469652E-10
8581.67014613775  1.460793E-10
8584.46764091854  1.448322E-10
8587.26513569934  1.435668E-10
8590.06263048013  1.425619E-10
8592.86012526092  1.417542E-10
8595.65762004172  1.410797E-10
8598.45511482251  1.404892E-10
8601.2526096033  1.400188E-10
8604.0501043841  1.400546E-10
8606.84759916489  1.407345E-10
8609.64509394568  1.414663E-10
8612.44258872648  1.420106E-10
8615.24008350727  1.428766E-10
8618.03757828806  1.442259E-10
8620.83507306886  1.458119E-10
8623.63256784965  1.473952E-10
8626.43006263044  1.484877E-10
8629.22755741124  1.486815E-10
8632.02505219203  1.482685E-10
8634.82254697282  1.475971E-10
8637.62004175362  1.465714E-10
8640.41753653441  1.457920E-10
8643.2150313152  1.458710E-10
8646.012526096  1.457300E-10
8648.81002087679  1.443171E-10
8651.60751565758  1.420304E-10
8654.40501043838  1.395201E-10
8657.20250521917  1.373692E-10
8659.99999999996  1.359487E-10
8662.79749478076  1.351357E-10
8665.59498956155  1.347765E-10
8668.39248434234  1.346846E-10
8671.18997912313  1.347510E-10
8673.98747390393  1.353342E-10
8676.78496868472  1.367537E-10
8679.58246346552  1.390180E-10
8682.37995824631  1.419717E-10
8685.1774530271  1.447956E-10
8687.9749478079  1.464665E-10
8690.77244258869  1.465538E-10
8693.56993736948  1.455206E-10
8696.36743215028  1.447062E-10
8699.16492693107  1.445424E-10
8701.96242171186  1.441151E-10
8704.75991649266  1.430877E-10
8707.55741127345  1.420157E-10
8710.35490605424  1.415400E-10
8713.15240083504  1.419078E-10
8715.94989561583  1.427056E-10
8718.74739039662  1.434116E-10
8721.54488517742  1.436556E-10
8724.34237995821  1.430804E-10
8727.139874739  1.418069E-10
8729.9373695198  1.403336E-10
8732.73486430059  1.385478E-10
8735.53235908138  1.359104E-10
8738.32985386217  1.330805E-10
8741.12734864297  1.312614E-10
8743.92484342376  1.301401E-10
8746.72233820456  1.288348E-10
8749.51983298535  1.272211E-10
8752.31732776614  1.254967E-10
8755.11482254693  1.247287E-10
8757.91231732773  1.260735E-10
8760.70981210852  1.288795E-10
8763.50730688931  1.319912E-10
8766.30480167011  1.346665E-10
8769.1022964509  1.362857E-10
8771.8997912317  1.373210E-10
8774.69728601249  1.385051E-10
8777.49478079328  1.392958E-10
8780.29227557408  1.390857E-10
8783.08977035487  1.385221E-10
8785.88726513566  1.383689E-10
8788.68475991646  1.384273E-10
8791.48225469725  1.383547E-10
8794.27974947804  1.385370E-10
8797.07724425884  1.391280E-10
8799.87473903963  1.393543E-10
8802.67223382042  1.390818E-10
8805.46972860121  1.391614E-10
8808.26722338201  1.396072E-10
8811.0647181628  1.395886E-10
8813.8622129436  1.390401E-10
8816.65970772439  1.385665E-10
8819.45720250518  1.383407E-10
8822.25469728597  1.382292E-10
8825.05219206677  1.381180E-10
8827.84968684756  1.378193E-10
8830.64718162835  1.373955E-10
8833.44467640915  1.371095E-10
8836.24217118994  1.366210E-10
8839.03966597073  1.352235E-10
8841.83716075153  1.330130E-10
8844.63465553232  1.307715E-10
8847.43215031311  1.289236E-10
8850.22964509391  1.273207E-10
8853.0271398747  1.258843E-10
8855.82463465549  1.248972E-10
8858.62212943629  1.244517E-10
8861.41962421708  1.243927E-10
8864.21711899788  1.244957E-10
8867.01461377867  1.243461E-10
8869.81210855946  1.243202E-10
8872.60960334026  1.252493E-10
8875.40709812105  1.270332E-10
8878.20459290184  1.292652E-10
8881.00208768263  1.316866E-10
8883.79958246343  1.337912E-10
8886.59707724422  1.349575E-10
8889.39457202502  1.349862E-10
8892.19206680581  1.342594E-10
8894.9895615866  1.335018E-10
8897.78705636739  1.335599E-10
8900.58455114819  1.343924E-10
8903.38204592898  1.349161E-10
8906.17954070978  1.348046E-10
8908.97703549057  1.346714E-10
8911.77453027136  1.347348E-10
8914.57202505215  1.348118E-10
8917.36951983295  1.348027E-10
8920.16701461374  1.348808E-10
8922.96450939453  1.350614E-10
8925.76200417533  1.348927E-10
8928.55949895612  1.345370E-10
8931.35699373691  1.344494E-10
8934.15448851771  1.341130E-10
8936.9519832985  1.335094E-10
8939.74947807929  1.334249E-10
8942.54697286009  1.336797E-10
8945.34446764088  1.338776E-10
8948.14196242167  1.342001E-10
8950.93945720247  1.342886E-10
8953.73695198326  1.335934E-10
8956.53444676405  1.326361E-10
8959.33194154485  1.322382E-10
8962.12943632564  1.325285E-10
8964.92693110643  1.330373E-10
8967.72442588722  1.327144E-10
8970.52192066802  1.311487E-10
8973.31941544881  1.296476E-10
8976.11691022961  1.291249E-10
8978.9144050104  1.288092E-10
8981.71189979119  1.282388E-10
8984.50939457199  1.279490E-10
8987.30688935278  1.278975E-10
8990.10438413357  1.268505E-10
8992.90187891437  1.244583E-10
8995.69937369516  1.219455E-10
8998.49686847595  1.197916E-10
9001.29436325675  1.182155E-10
9004.09185803754  1.175261E-10
9006.88935281833  1.169004E-10
9009.68684759913  1.161379E-10
9012.48434237992  1.157506E-10
9015.28183716071  1.153742E-10
9018.07933194151  1.143321E-10
9020.8768267223  1.128537E-10
9023.67432150309  1.120340E-10
9026.47181628389  1.123090E-10
9029.26931106468  1.131889E-10
9032.06680584547  1.146501E-10
9034.86430062626  1.170587E-10
9037.66179540706  1.199425E-10
9040.45929018785  1.225486E-10
9043.25678496865  1.244617E-10
9046.05427974944  1.252740E-10
9048.85177453023  1.251013E-10
9051.64926931102  1.245494E-10
9054.44676409182  1.241566E-10
9057.24425887261  1.242915E-10
9060.0417536534  1.254827E-10
9062.8392484342  1.276825E-10
9065.63674321499  1.286085E-10
9068.43423799579  1.267081E-10
9071.23173277658  1.239384E-10
9074.02922755737  1.221215E-10
9076.82672233817  1.214661E-10
9079.62421711896  1.218672E-10
9082.42171189975  1.225681E-10
9085.21920668055  1.228504E-10
9088.01670146134  1.227945E-10
9090.81419624213  1.228151E-10
9093.61169102293  1.233062E-10
9096.40918580372  1.239866E-10
9099.20668058451  1.239020E-10
9102.0041753653  1.229141E-10
9104.8016701461  1.215853E-10
9107.59916492689  1.203659E-10
9110.39665970769  1.200643E-10
9113.19415448848  1.205780E-10
9115.99164926927  1.206320E-10
9118.78914405006  1.200143E-10
9121.58663883086  1.194799E-10
9124.38413361165  1.200695E-10
9127.18162839244  1.225097E-10
9129.97912317324  1.247284E-10
9132.77661795403  1.240336E-10
9135.57411273482  1.213231E-10
9138.37160751562  1.186850E-10
9141.16910229641  1.171579E-10
9143.9665970772  1.172598E-10
9146.764091858  1.186818E-10
9149.56158663879  1.208261E-10
9152.35908141958  1.224950E-10
9155.15657620038  1.224703E-10
9157.95407098117  1.207099E-10
9160.75156576197  1.178063E-10
9163.54906054276  1.160048E-10
9166.34655532355  1.170456E-10
9169.14405010435  1.189702E-10
9171.94154488514  1.197326E-10
9174.73903966593  1.191764E-10
9177.53653444672  1.173398E-10
9180.33402922752  1.151676E-10
9183.13152400831  1.138050E-10
9185.92901878911  1.135547E-10
9188.7265135699  1.144444E-10
9191.52400835069  1.161452E-10
9194.32150313148  1.180431E-10
9197.11899791228  1.192910E-10
9199.91649269307  1.194689E-10
9202.71398747387  1.190358E-10
9205.51148225466  1.182964E-10
9208.30897703545  1.172334E-10
9211.10647181624  1.157904E-10
9213.90396659704  1.137290E-10
9216.70146137783  1.114415E-10
9219.49895615862  1.097957E-10
9222.29645093942  1.086365E-10
9225.09394572021  1.074213E-10
9227.891440501  1.063939E-10
9230.6889352818  1.058458E-10
9233.48643006259  1.058862E-10
9236.28392484338  1.069138E-10
9239.08141962417  1.090728E-10
9241.87891440497  1.118286E-10
9244.67640918576  1.139997E-10
9247.47390396656  1.145303E-10
9250.27139874735  1.139860E-10
9253.06889352814  1.139375E-10
9255.86638830893  1.146962E-10
9258.66388308973  1.155836E-10
9261.46137787052  1.162929E-10
9264.25887265131  1.167871E-10
9267.05636743211  1.174534E-10
9269.8538622129  1.184427E-10
9272.6513569937  1.193912E-10
9275.44885177449  1.202346E-10
9278.24634655528  1.202954E-10
9281.04384133608  1.188333E-10
9283.84133611687  1.168126E-10
9286.63883089766  1.153441E-10
9289.43632567846  1.144438E-10
9292.23382045925  1.143585E-10
9295.03131524004  1.157061E-10
9297.82881002084  1.174191E-10
9300.62630480163  1.171487E-10
9303.42379958242  1.154543E-10
9306.22129436322  1.150851E-10
9309.01878914401  1.162615E-10
9311.8162839248  1.175050E-10
9314.6137787056  1.176309E-10
9317.41127348639  1.155622E-10
9320.20876826718  1.120941E-10
9323.00626304798  1.088369E-10
9325.80375782877  1.071219E-10
9328.60125260956  1.087272E-10
9331.39874739036  1.119022E-10
9334.19624217115  1.132701E-10
9336.99373695194  1.127850E-10
9339.79123173274  1.099216E-10
9342.58872651353  1.043861E-10
9345.38622129432  9.890017E-11
9348.18371607512  9.630431E-11
9350.98121085591  9.763744E-11
9353.7787056367  1.012815E-10
9356.57620041749  1.044702E-10
9359.37369519829  1.053882E-10
9362.17118997908  1.042438E-10
9364.96868475988  1.032043E-10
9367.76617954067  1.031605E-10
9370.56367432146  1.025894E-10
9373.36116910226  1.009430E-10
9376.15866388305  9.970123E-11
9378.95615866384  9.890527E-11
9381.75365344464  9.658619E-11
9384.55114822543  9.295900E-11
9387.34864300622  9.063914E-11
9390.14613778702  9.097218E-11
9392.94363256781  9.413908E-11
9395.7411273486  9.910500E-11
9398.53862212939  1.031257E-10
9401.33611691019  1.051588E-10
9404.13361169098  1.058000E-10
9406.93110647178  1.055400E-10
9409.72860125257  1.052626E-10
9412.52609603336  1.053126E-10
9415.32359081415  1.056816E-10
9418.12108559495  1.063797E-10
9420.91858037574  1.072179E-10
9423.71607515653  1.080590E-10
9426.51356993733  1.081600E-10
9429.31106471812  1.068845E-10
9432.10855949891  1.051135E-10
9434.90605427971  1.043861E-10
9437.7035490605  1.049274E-10
9440.50104384129  1.049822E-10
9443.29853862209  1.034897E-10
9446.09603340288  1.015492E-10
9448.89352818367  1.005835E-10
9451.69102296447  1.025384E-10
9454.48851774526  1.075157E-10
9457.28601252605  1.104608E-10
9460.08350730685  1.084233E-10
9462.88100208764  1.044384E-10
9465.67849686843  1.008090E-10
9468.47599164923  9.876924E-11
9471.27348643002  9.914375E-11
9474.07098121081  1.005713E-10
9476.86847599161  1.018243E-10
9479.6659707724  1.017596E-10
9482.46346555319  9.960952E-11
9485.26096033399  9.760410E-11
9488.05845511478  9.776459E-11
9490.85594989557  1.001701E-10
9493.65344467637  1.040493E-10
9496.45093945716  1.058880E-10
9499.24843423795  1.029403E-10
9502.04592901875  9.704360E-11
9504.84342379954  9.227845E-11
9507.64091858033  9.188519E-11
9510.43841336113  9.542358E-11
9513.23590814192  1.008254E-10
9516.03340292271  1.057891E-10
9518.83089770351  1.075375E-10
9521.6283924843  1.046827E-10
9524.42588726509  9.853374E-11
9527.22338204589  9.228246E-11
9530.02087682668  8.825581E-11
9532.81837160747  8.695334E-11
9535.61586638827  8.818869E-11
9538.41336116906  9.037435E-11
9541.21085594985  9.215007E-11
9544.00835073065  9.285580E-11
9546.80584551144  9.207055E-11
9549.60334029223  9.098368E-11
9552.40083507303  9.075093E-11
9555.19832985382  9.128292E-11
9557.99582463461  9.237497E-11
9560.79331941541  9.399490E-11
9563.5908141962  9.575787E-11
9566.38830897699  9.616327E-11
9569.18580375779  9.474289E-11
9571.98329853858  9.367371E-11
9574.78079331937  9.462996E-11
9577.57828810017  9.752253E-11
9580.37578288096  1.011853E-10
9583.17327766175  1.036678E-10
9585.97077244255  1.040194E-10
9588.76826722334  1.026024E-10
9591.56576200413  1.002624E-10
9594.36325678493  9.831814E-11
9597.16075156572  9.685106E-11
9599.95824634651  9.500110E-11
9602.75574112731  9.334287E-11
9605.5532359081  9.290781E-11
9608.35073068889  9.365592E-11
9611.14822546969  9.520217E-11
9613.94572025048  9.723825E-11
9616.74321503127  9.938817E-11
9619.54070981207  1.004210E-10
9622.33820459286  9.924477E-11
9625.13569937365  9.744969E-11
9627.93319415444  9.685398E-11
9630.73068893524  9.717108E-11
9633.52818371603  9.809029E-11
9636.32567849683  9.879964E-11
9639.12317327762  9.800833E-11
9641.92066805841  9.630764E-11
9644.7181628392  9.463784E-11
9647.51565762  9.322097E-11
9650.31315240079  9.296788E-11
9653.11064718158  9.432988E-11
9655.90814196238  9.627974E-11
9658.70563674317  9.774997E-11
9661.50313152397  9.846141E-11
9664.30062630476  9.815534E-11
9667.09812108555  9.688502E-11
9669.89561586634  9.596562E-11
9672.69311064714  9.637788E-11
9675.49060542793  9.780849E-11
9678.28810020873  9.956666E-11
9681.08559498952  1.010323E-10
9683.88308977031  1.013365E-10
9686.6805845511  9.961523E-11
9689.4780793319  9.710179E-11
9692.27557411269  9.601294E-11
9695.07306889348  9.605768E-11
9697.87056367428  9.578789E-11
9700.66805845507  9.538167E-11
9703.46555323586  9.574796E-11
9706.26304801666  9.655195E-11
9709.06054279745  9.671819E-11
9711.85803757824  9.681237E-11
9714.65553235904  9.821007E-11
9717.45302713983  9.990609E-11
9720.25052192062  1.002008E-10
9723.04801670142  1.000284E-10
9725.84551148221  1.005846E-10
9728.643006263  1.009949E-10
9731.4405010438  1.005453E-10
9734.23799582459  9.973725E-11
9737.03549060538  9.867156E-11
9739.83298538618  9.700399E-11
9742.63048016697  9.506152E-11
9745.42797494776  9.340401E-11
9748.22546972856  9.254042E-11
9751.02296450935  9.296414E-11
9753.82045929014  9.407735E-11
9756.61795407094  9.459198E-11
9759.41544885173  9.414418E-11
9762.21294363252  9.305528E-11
9765.01043841332  9.193497E-11
9767.80793319411  9.171857E-11
9770.6054279749  9.241410E-11
9773.4029227557  9.310674E-11
9776.20041753649  9.367043E-11
9778.99791231728  9.442366E-11
9781.79540709808  9.511412E-11
9784.59290187887  9.530913E-11
9787.39039665966  9.508704E-11
9790.18789144046  9.507099E-11
9792.98538622125  9.554471E-11
9795.78288100204  9.595551E-11
9798.58037578284  9.569625E-11
9801.37787056363  9.499886E-11
9804.17536534442  9.437471E-11
9806.97286012522  9.387841E-11
9809.77035490601  9.349454E-11
9812.5678496868  9.328577E-11
9815.3653444676  9.318508E-11
9818.16283924839  9.325817E-11
9820.96033402918  9.342454E-11
9823.75782880998  9.336832E-11
9826.55532359077  9.325513E-11
9829.35281837156  9.336182E-11
9832.15031315235  9.350572E-11
9834.94780793315  9.365162E-11
9837.74530271394  9.430984E-11
9840.54279749474  9.547457E-11
9843.34029227553  9.606208E-11
9846.13778705632  9.564113E-11
9848.93528183711  9.501924E-11
9851.73277661791  9.458648E-11
9854.5302713987  9.408364E-11
9857.3277661795  9.366688E-11
9860.12526096029  9.380766E-11
9862.92275574108  9.427635E-11
9865.72025052188  9.450241E-11
9868.51774530267  9.457191E-11
9871.31524008346  9.484333E-11
9874.11273486426  9.523961E-11
9876.91022964505  9.535354E-11
9879.70772442584  9.505528E-11
9882.50521920664  9.453131E-11
9885.30271398743  9.410004E-11
9888.10020876822  9.402743E-11
9890.89770354902  9.405982E-11
9893.69519832981  9.380521E-11
9896.4926931106  9.341526E-11
9899.2901878914  9.331055E-11
9902.08768267219  9.348859E-11
9904.88517745298  9.365501E-11
9907.68267223378  9.412301E-11
9910.48016701457  9.514154E-11
9913.27766179536  9.565499E-11
9916.07515657616  9.494461E-11
9918.87265135695  9.386185E-11
9921.67014613774  9.309272E-11
9924.46764091853  9.250439E-11
9927.26513569933  9.193790E-11
9930.06263048012  9.124684E-11
9932.86012526092  9.044612E-11
9935.65762004171  9.012920E-11
9938.4551148225  9.072628E-11
9941.25260960329  9.197627E-11
9944.05010438409  9.343189E-11
9946.84759916488  9.434910E-11
9949.64509394567  9.432093E-11
9952.44258872647  9.388699E-11
9955.24008350726  9.346440E-11
9958.03757828806  9.316514E-11
9960.83507306885  9.318996E-11
9963.63256784964  9.344198E-11
9966.43006263043  9.349634E-11
9969.22755741123  9.315492E-11
9972.02505219202  9.285846E-11
9974.82254697282  9.310888E-11
9977.62004175361  9.332866E-11
9980.4175365344  9.253594E-11
9983.21503131519  9.081132E-11
9986.01252609599  8.892831E-11
9988.81002087678  8.758910E-11
9991.60751565757  8.719043E-11
9994.40501043837  9.041300E-11
9997.20250521916  9.756494E-11
9999.99999999995  8.945990E-11
