3300.  3.322400E-9
3302.79498472308  3.736331E-9
3305.58996944616  3.210721E-9
3308.38495416925  3.258354E-9
3311.17993889233  3.640981E-9
3313.97492361541  3.755530E-9
3316.76990833849  3.843478E-9
3319.56489306157  3.527187E-9
3322.35987778465  3.388045E-9
3325.15486250773  3.561744E-9
3327.94984723082  3.814853E-9
3330.7448319539  3.876484E-9
3333.53981667698  3.734141E-9
3336.33480140006  3.490678E-9
3339.12978612314  3.552926E-9
3341.92477084623  3.658913E-9
3344.71975556931  3.669131E-9
3347.51474029239  3.677941E-9
3350.30972501547  3.718885E-9
3353.10470973855  3.666352E-9
3355.89969446163  3.439112E-9
3358.69467918472  3.461123E-9
3361.4896639078  3.636020E-9
3364.28464863088  3.704351E-9
3367.07963335396  3.548905E-9
3369.87461807704  3.284814E-9
3372.66960280012  3.282529E-9
3375.46458752321  3.393154E-9
3378.25957224629  3.320247E-9
3381.05455696937  3.121393E-9
3383.84954169245  3.367256E-9
3386.64452641553  3.455167E-9
3389.43951113861  3.283622E-9
3392.2344958617  3.220447E-9
3395.02948058478  3.326872E-9
3397.82446530786  3.358715E-9
3400.61945003094  3.379466E-9
3403.41443475402  3.387415E-9
3406.20941947711  3.374965E-9
3409.00440420019  3.304157E-9
3411.79938892327  3.371643E-9
3414.59437364635  3.330965E-9
3417.38935836943  3.280581E-9
3420.18434309251  3.373451E-9
3422.9793278156  3.364668E-9
3425.77431253868  3.349268E-9
3428.56929726176  3.516371E-9
3431.36428198484  3.339605E-9
3434.15926670792  3.125430E-9
3436.954251431  3.190776E-9
3439.74923615409  3.448782E-9
3442.54422087717  3.600684E-9
3445.33920560025  3.617601E-9
3448.13419032333  3.338605E-9
3450.92917504641  3.246506E-9
3453.72415976949  3.243124E-9
3456.51914449258  3.201250E-9
3459.31412921566  3.124083E-9
3462.10911393874  3.280027E-9
3464.90409866182  3.356932E-9
3467.6990833849  3.264970E-9
3470.49406810798  3.187450E-9
3473.28905283107  3.249193E-9
3476.08403755415  3.260341E-9
3478.87902227723  3.335047E-9
3481.67400700031  3.262562E-9
3484.46899172339  3.330777E-9
3487.26397644647  3.368517E-9
3490.05896116956  3.376008E-9
3492.85394589264  3.237312E-9
3495.64893061572  3.279621E-9
3498.4439153388  3.141129E-9
3501.23890006188  3.165880E-9
3504.03388478496  3.197113E-9
3506.82886950805  3.124583E-9
3509.62385423113  3.088938E-9
3512.41883895421  3.216925E-9
3515.21382367729  3.226778E-9
3518.00880840037  3.418786E-9
3520.80379312345  3.416736E-9
3523.59877784654  3.217275E-9
3526.39376256962  3.135697E-9
3529.1887472927  3.235057E-9
3531.98373201578  3.279092E-9
3534.77871673886  3.119171E-9
3537.57370146194  2.868908E-9
3540.36868618503  2.804797E-9
3543.16367090811  2.827499E-9
3545.95865563119  3.057126E-9
3548.75364035427  3.087064E-9
3551.54862507735  3.303442E-9
3554.34360980043  3.301022E-9
3557.13859452352  3.222742E-9
3559.9335792466  3.088968E-9
3562.72856396968  3.043210E-9
3565.52354869276  3.108027E-9
3568.31853341584  3.307565E-9
3571.11351813893  3.344680E-9
3573.90850286201  3.423187E-9
3576.70348758509  3.451058E-9
3579.49847230817  3.144897E-9
3582.29345703125  2.957552E-9
3585.08844175433  3.064176E-9
3587.88342647742  3.074948E-9
3590.6784112005  3.074611E-9
3593.47339592358  3.187480E-9
3596.26838064666  3.097766E-9
3599.06336536974  2.920281E-9
3601.85835009282  2.872552E-9
3604.65333481591  2.918376E-9
3607.44831953899  2.853465E-9
3610.24330426207  2.982412E-9
3613.03828898515  3.182006E-9
3615.83327370823  3.204683E-9
3618.62825843131  3.143339E-9
3621.4232431544  3.246521E-9
3624.21822787748  3.247414E-9
3627.01321260056  3.153661E-9
3629.80819732364  3.077872E-9
3632.60318204672  3.111364E-9
3635.3981667698  3.024792E-9
3638.19315149289  3.022851E-9
3640.98813621597  2.909989E-9
3643.78312093905  2.778532E-9
3646.57810566213  2.785798E-9
3649.37309038521  2.835912E-9
3652.16807510829  2.824670E-9
3654.96305983138  2.802495E-9
3657.75804455446  2.735549E-9
3660.55302927754  2.863392E-9
3663.34801400062  2.910864E-9
3666.1429987237  2.929361E-9
3668.93798344678  2.921910E-9
3671.73296816987  2.877079E-9
3674.52795289295  2.682467E-9
3677.32293761603  2.724654E-9
3680.11792233911  2.823900E-9
3682.91290706219  2.626546E-9
3685.70789178527  2.580446E-9
3688.50287650836  3.301974E-9
3691.29786123144  3.296594E-9
3694.09284595452  3.204848E-9
3696.8878306776  3.000986E-9
3699.68281540068  2.838012E-9
3702.47780012376  2.740043E-9
3705.27278484685  2.698495E-9
3708.06776956993  2.561028E-9
3710.86275429301  2.561540E-9
3713.65773901609  2.547596E-9
3716.45272373917  2.529676E-9
3719.24770846226  2.505080E-9
3722.04269318534  2.616301E-9
3724.83767790842  2.616447E-9
3727.6326626315  2.606619E-9
3730.42764735458  2.674742E-9
3733.22263207766  2.591116E-9
3736.01761680075  2.477854E-9
3738.81260152383  2.603851E-9
3741.60758624691  2.889721E-9
3744.40257096999  2.914737E-9
3747.19755569307  2.685668E-9
3749.99254041615  2.417632E-9
3752.78752513924  2.386293E-9
3755.58250986232  2.459048E-9
3758.3774945854  2.786050E-9
3761.17247930848  3.232582E-9
3763.96746403156  3.253469E-9
3766.76244875464  3.020517E-9
3769.55743347773  2.639741E-9
3772.35241820081  2.225180E-9
3775.14740292389  2.152885E-9
3777.94238764697  2.307220E-9
3780.73737237005  2.800238E-9
3783.53235709313  3.038097E-9
3786.32734181622  3.378120E-9
3789.1223265393  3.644711E-9
3791.91731126238  3.525497E-9
3794.71229598546  3.152224E-9
3797.50728070854  2.548729E-9
3800.30226543162  2.216644E-9
3803.09725015471  2.035350E-9
3805.89223487779  2.455324E-9
3808.68721960087  2.800803E-9
3811.48220432395  2.893001E-9
3814.27718904703  3.072976E-9
3817.07217377012  3.411139E-9
3819.8671584932  3.400065E-9
3822.66214321628  3.125451E-9
3825.45712793936  3.170674E-9
3828.25211266244  3.346770E-9
3831.04709738552  3.228829E-9
3833.8420821086  2.729607E-9
3836.63706683169  2.136536E-9
3839.43205155477  1.889451E-9
3842.22703627785  2.031536E-9
3845.02202100093  2.296766E-9
3847.81700572401  2.637464E-9
3850.61199044709  3.040767E-9
3853.40697517018  3.313944E-9
3856.20195989326  3.270597E-9
3858.99694461634  3.098983E-9
3861.79192933942  3.097000E-9
3864.5869140625  3.097020E-9
3867.38189878559  3.154757E-9
3870.17688350867  3.336714E-9
3872.97186823175  3.476135E-9
3875.76685295483  3.560900E-9
3878.56183767791  3.557115E-9
3881.35682240099  3.502207E-9
3884.15180712407  2.981943E-9
3886.94679184716  2.446283E-9
3889.74177657024  1.934475E-9
3892.53676129332  1.744635E-9
3895.3317460164  1.890037E-9
3898.12673073948  2.205155E-9
3900.92171546257  2.356804E-9
3903.71670018565  2.451382E-9
3906.51168490873  2.576629E-9
3909.30666963181  2.666518E-9
3912.10165435489  2.890893E-9
3914.89663907797  3.083448E-9
3917.69162380106  3.010549E-9
3920.48660852414  3.003015E-9
3923.28159324722  2.983574E-9
3926.0765779703  2.945786E-9
3928.87156269338  2.851270E-9
3931.66654741646  2.795052E-9
3934.46153213955  2.782793E-9
3937.25651686263  2.700568E-9
3940.05150158571  2.722594E-9
3942.84648630879  3.024866E-9
3945.64147103187  3.274795E-9
3948.43645575495  3.421855E-9
3951.23144047804  3.557461E-9
3954.02642520112  3.539581E-9
3956.8214099242  3.504401E-9
3959.61639464728  3.533828E-9
3962.41137937036  3.383687E-9
3965.20636409344  3.218980E-9
3968.00134881653  2.552056E-9
3970.79633353961  1.946884E-9
3973.59131826269  1.701664E-9
3976.38630298577  1.844478E-9
3979.18128770885  2.211208E-9
3981.97627243193  2.501516E-9
3984.77125715502  2.588053E-9
3987.5662418781  2.467558E-9
3990.36122660118  2.472117E-9
3993.15621132426  2.599252E-9
3995.95119604734  2.521437E-9
3998.74618077043  2.360826E-9
4001.54116549351  2.691502E-9
4004.33615021659  2.792354E-9
4007.13113493967  2.779168E-9
4009.92611966275  2.885476E-9
4012.72110438583  2.676482E-9
4015.51608910892  2.482351E-9
4018.311073832  2.421713E-9
4021.10605855508  2.472686E-9
4023.90104327816  2.460010E-9
4026.69602800124  2.492422E-9
4029.49101272432  2.528656E-9
4032.28599744741  2.584692E-9
4035.08098217049  2.636718E-9
4037.87596689357  2.581009E-9
4040.67095161665  2.480864E-9
4043.46593633973  2.453831E-9
4046.26092106281  2.465403E-9
4049.0559057859  2.535651E-9
4051.85089050898  2.621470E-9
4054.64587523206  2.684284E-9
4057.44085995514  2.659974E-9
4060.23584467822  2.698094E-9
4063.0308294013  2.792148E-9
4065.82581412439  2.865973E-9
4068.62079884747  2.823340E-9
4071.41578357055  2.730959E-9
4074.21076829363  2.659678E-9
4077.00575301671  2.555222E-9
4079.80073773979  2.513773E-9
4082.59572246288  2.604948E-9
4085.39070718596  2.772795E-9
4088.18569190904  2.947104E-9
4090.98067663212  3.033902E-9
4093.7756613552  2.959058E-9
4096.57064607828  2.651658E-9
4099.36563080137  2.200039E-9
4102.16061552445  1.759839E-9
4104.95560024753  1.491747E-9
4107.75058497061  1.488382E-9
4110.54556969369  1.701156E-9
4113.34055441677  2.028352E-9
4116.13553913986  2.164720E-9
4118.93052386294  2.180077E-9
4121.72550858602  2.180922E-9
4124.5204933091  2.227226E-9
4127.31547803218  2.360543E-9
4130.11046275526  2.426815E-9
4132.90544747835  2.382894E-9
4135.70043220143  2.373155E-9
4138.49541692451  2.284483E-9
4141.29040164759  2.308727E-9
4144.08538637067  2.272435E-9
4146.88037109376  2.269369E-9
4149.67535581684  2.287592E-9
4152.47034053992  2.266381E-9
4155.265325263  2.211268E-9
4158.06030998608  2.151249E-9
4160.85529470916  2.163923E-9
4163.65027943225  2.250815E-9
4166.44526415533  2.360441E-9
4169.24024887841  2.396958E-9
4172.03523360149  2.408280E-9
4174.83021832457  2.415088E-9
4177.62520304765  2.406060E-9
4180.42018777074  2.420750E-9
4183.21517249382  2.432694E-9
4186.0101572169  2.416096E-9
4188.80514193998  2.477841E-9
4191.60012666306  2.526022E-9
4194.39511138615  2.461808E-9
4197.19009610923  2.449275E-9
4199.98508083231  2.491151E-9
4202.78006555539  2.493316E-9
4205.57505027847  2.464119E-9
4208.37003500155  2.426667E-9
4211.16501972463  2.443516E-9
4213.96000444772  2.462788E-9
4216.7549891708  2.370201E-9
4219.54997389388  2.326482E-9
4222.34495861696  2.388511E-9
4225.13994334004  2.394650E-9
4227.93492806312  2.218360E-9
4230.72991278621  2.023081E-9
4233.52489750929  2.090645E-9
4236.31988223237  2.369787E-9
4239.11486695545  2.396638E-9
4241.90985167853  2.352482E-9
4244.70483640161  2.238827E-9
4247.4998211247  2.195625E-9
4250.29480584778  2.218332E-9
4253.08979057086  2.217859E-9
4255.88477529394  2.188002E-9
4258.67976001702  2.217175E-9
4261.4747447401  2.335828E-9
4264.26972946319  2.400892E-9
4267.06471418627  2.319987E-9
4269.85969890935  2.221603E-9
4272.65468363243  2.176133E-9
4275.44966835551  2.186305E-9
4278.2446530786  2.174258E-9
4281.03963780168  2.122102E-9
4283.83462252476  2.180377E-9
4286.62960724784  2.207910E-9
4289.42459197092  2.224219E-9
4292.219576694  2.246467E-9
4295.01456141709  2.228955E-9
4297.80954614017  2.130419E-9
4300.60453086325  2.047852E-9
4303.39951558633  2.103905E-9
4306.19450030941  2.221029E-9
4308.98948503249  2.142067E-9
4311.78446975558  2.040113E-9
4314.57945447866  2.103565E-9
4317.37443920174  2.094895E-9
4320.16942392482  2.161976E-9
4322.9644086479  2.131933E-9
4325.75939337098  2.132118E-9
4328.55437809407  2.247166E-9
4331.34936281715  2.315537E-9
4334.14434754023  2.140214E-9
4336.93933226331  1.801095E-9
4339.73431698639  1.492458E-9
4342.52930170947  1.238370E-9
4345.32428643256  1.162317E-9
4348.11927115564  1.253570E-9
4350.91425587872  1.446204E-9
4353.7092406018  1.628534E-9
4356.50422532488  1.791650E-9
4359.29921004796  1.888940E-9
4362.09419477105  1.918745E-9
4364.88917949413  1.900327E-9
4367.68416421721  1.900014E-9
4370.47914894029  1.936671E-9
4373.27413366337  2.017471E-9
4376.06911838645  2.048045E-9
4378.86410310954  2.046883E-9
4381.65908783262  2.011268E-9
4384.4540725557  2.024749E-9
4387.24905727878  2.074061E-9
4390.04404200186  2.043121E-9
4392.83902672494  1.886651E-9
4395.63401144803  1.855948E-9
4398.42899617111  1.964219E-9
4401.22398089419  2.028581E-9
4404.01896561727  1.996951E-9
4406.81395034035  1.939684E-9
4409.60893506343  1.972214E-9
4412.40391978652  1.943731E-9
4415.1989045096  1.943024E-9
4417.99388923268  1.931884E-9
4420.78887395576  1.883214E-9
4423.58385867884  1.846094E-9
4426.37884340192  1.854126E-9
4429.17382812501  1.864096E-9
4431.96881284809  1.847092E-9
4434.76379757117  1.820316E-9
4437.55878229425  1.876782E-9
4440.35376701733  1.940757E-9
4443.14875174042  1.924037E-9
4445.9437364635  2.042688E-9
4448.73872118658  2.037026E-9
4451.53370590966  1.940136E-9
4454.32869063274  1.843017E-9
4457.12367535582  1.835013E-9
4459.91866007891  1.918410E-9
4462.71364480199  1.896852E-9
4465.50862952507  1.884955E-9
4468.30361424815  1.872910E-9
4471.09859897123  1.836439E-9
4473.89358369431  1.750833E-9
4476.6885684174  1.695139E-9
4479.48355314048  1.778725E-9
4482.27853786356  1.835653E-9
4485.07352258664  1.843003E-9
4487.86850730972  1.881965E-9
4490.6634920328  1.923145E-9
4493.45847675589  1.901452E-9
4496.25346147897  1.921705E-9
4499.04844620205  1.948194E-9
4501.84343092513  1.978185E-9
4504.63841564821  1.929611E-9
4507.4334003713  1.931822E-9
4510.22838509438  1.886296E-9
4513.02336981746  1.816897E-9
4515.81835454054  1.729000E-9
4518.61333926362  1.662689E-9
4521.4083239867  1.703478E-9
4524.20330870979  1.782067E-9
4526.99829343287  1.824296E-9
4529.79327815595  1.853599E-9
4532.58826287903  1.788875E-9
4535.38324760211  1.764487E-9
4538.17823232519  1.831667E-9
4540.97321704827  1.905443E-9
4543.76820177136  1.905815E-9
4546.56318649444  1.773198E-9
4549.35817121752  1.821168E-9
4552.1531559406  1.766972E-9
4554.94814066368  1.730698E-9
4557.74312538677  1.772520E-9
4560.53811010985  1.785154E-9
4563.33309483293  1.714864E-9
4566.12807955601  1.612753E-9
4568.92306427909  1.553809E-9
4571.71804900217  1.545006E-9
4574.51303372525  1.588624E-9
4577.30801844834  1.616365E-9
4580.10300317142  1.576977E-9
4582.8979878945  1.619301E-9
4585.69297261758  1.652827E-9
4588.48795734066  1.637140E-9
4591.28294206375  1.581823E-9
4594.07792678683  1.578440E-9
4596.87291150991  1.529364E-9
4599.66789623299  1.540269E-9
4602.46288095607  1.599144E-9
4605.25786567915  1.584505E-9
4608.05285040224  1.573113E-9
4610.84783512532  1.530655E-9
4613.6428198484  1.519299E-9
4616.43780457148  1.620395E-9
4619.23278929456  1.651760E-9
4622.02777401764  1.615498E-9
4624.82275874073  1.660377E-9
4627.61774346381  1.675037E-9
4630.41272818689  1.644534E-9
4633.20771290997  1.537537E-9
4636.00269763305  1.506604E-9
4638.79768235613  1.544955E-9
4641.59266707922  1.587354E-9
4644.3876518023  1.601111E-9
4647.18263652538  1.509141E-9
4649.97762124846  1.522286E-9
4652.77260597154  1.561973E-9
4655.56759069462  1.621971E-9
4658.36257541771  1.697139E-9
4661.15756014079  1.659225E-9
4663.95254486387  1.620087E-9
4666.74752958695  1.596379E-9
4669.54251431003  1.513755E-9
4672.33749903312  1.435147E-9
4675.1324837562  1.510083E-9
4677.92746847928  1.496053E-9
4680.72245320236  1.492819E-9
4683.51743792544  1.496608E-9
4686.31242264852  1.541246E-9
4689.10740737161  1.564991E-9
4691.90239209469  1.526660E-9
4694.69737681777  1.528788E-9
4697.49236154085  1.531513E-9
4700.28734626393  1.439425E-9
4703.08233098701  1.456496E-9
4705.87731571009  1.441482E-9
4708.67230043318  1.450057E-9
4711.46728515626  1.474914E-9
4714.26226987934  1.458143E-9
4717.05725460242  1.405638E-9
4719.8522393255  1.386391E-9
4722.64722404858  1.407507E-9
4725.44220877167  1.441833E-9
4728.23719349475  1.560031E-9
4731.03217821783  1.432534E-9
4733.82716294091  1.419271E-9
4736.62214766399  1.416649E-9
4739.41713238708  1.429437E-9
4742.21211711016  1.508651E-9
4745.00710183324  1.524737E-9
4747.80208655632  1.518867E-9
4750.5970712794  1.467109E-9
4753.39205600248  1.434042E-9
4756.18704072557  1.430363E-9
4758.98202544865  1.449869E-9
4761.77701017173  1.487122E-9
4764.57199489481  1.562908E-9
4767.36697961789  1.500731E-9
4770.16196434097  1.437690E-9
4772.95694906406  1.453714E-9
4775.75193378714  1.511880E-9
4778.54691851022  1.519619E-9
4781.3419032333  1.548987E-9
4784.13688795638  1.464493E-9
4786.93187267946  1.380818E-9
4789.72685740255  1.385778E-9
4792.52184212563  1.371170E-9
4795.31682684871  1.350574E-9
4798.11181157179  1.365567E-9
4800.90679629487  1.384718E-9
4803.70178101795  1.360427E-9
4806.49676574104  1.385083E-9
4809.29175046412  1.460026E-9
4812.0867351872  1.514035E-9
4814.88171991028  1.528160E-9
4817.67670463336  1.512750E-9
4820.47168935644  1.473837E-9
4823.26667407953  1.370974E-9
4826.06165880261  1.285734E-9
4828.85664352569  1.303672E-9
4831.65162824877  1.331093E-9
4834.44661297185  1.356733E-9
4837.24159769494  1.310412E-9
4840.03658241802  1.310487E-9
4842.8315671411  1.369330E-9
4845.62655186418  1.396398E-9
4848.42153658726  1.366053E-9
4851.21652131034  1.342694E-9
4854.01150603343  1.341142E-9
4856.80649075651  1.316445E-9
4859.60147547959  1.248584E-9
4862.39646020267  1.136077E-9
4865.19144492575  9.878248E-10
4867.98642964883  9.497937E-10
4870.78141437192  9.717896E-10
4873.576399095  1.051975E-9
4876.37138381808  1.146634E-9
4879.16636854116  1.214762E-9
4881.96135326424  1.255817E-9
4884.75633798732  1.286652E-9
4887.55132271041  1.290096E-9
4890.34630743349  1.221620E-9
4893.14129215657  1.218036E-9
4895.93627687965  1.196446E-9
4898.73126160273  1.349209E-9
4901.52624632581  1.453216E-9
4904.3212310489  1.465486E-9
4907.11621577198  1.441358E-9
4909.91120049506  1.400501E-9
4912.70618521814  1.342188E-9
4915.50116994122  1.343793E-9
4918.2961546643  1.331093E-9
4921.09113938739  1.309278E-9
4923.88612411047  1.289884E-9
4926.68110883355  1.209810E-9
4929.47609355663  1.200800E-9
4932.27107827971  1.307675E-9
4935.0660630028  1.338038E-9
4937.86104772588  1.346037E-9
4940.65603244896  1.359451E-9
4943.45101717204  1.349971E-9
4946.24600189512  1.321064E-9
4949.0409866182  1.293313E-9
4951.83597134128  1.294103E-9
4954.63095606437  1.301731E-9
4957.42594078745  1.282864E-9
4960.22092551053  1.234840E-9
4963.01591023361  1.196924E-9
4965.81089495669  1.194991E-9
4968.60587967978  1.187032E-9
4971.40086440286  1.200123E-9
4974.19584912594  1.179334E-9
4976.99083384902  1.189052E-9
4979.7858185721  1.169126E-9
4982.58080329518  1.224246E-9
4985.37578801827  1.242142E-9
4988.17077274135  1.231916E-9
4990.96575746443  1.241507E-9
4993.76074218751  1.184737E-9
4996.55572691059  1.130909E-9
4999.35071163367  1.157209E-9
5002.14569635676  1.163698E-9
5004.94068107984  1.147405E-9
5007.73566580292  1.134134E-9
5010.530650526  1.149307E-9
5013.32563524908  1.148506E-9
5016.12061997216  1.125373E-9
5018.91560469525  1.144614E-9
5021.71058941833  1.089235E-9
5024.50557414141  1.077863E-9
5027.30055886449  1.083861E-9
5030.09554358757  1.126225E-9
5032.89052831065  1.128376E-9
5035.68551303374  1.139082E-9
5038.48049775682  1.174729E-9
5041.2754824799  1.187075E-9
5044.07046720298  1.199295E-9
5046.86545192606  1.173517E-9
5049.66043664914  1.141568E-9
5052.45542137223  1.138825E-9
5055.25040609531  1.149050E-9
5058.04539081839  1.201176E-9
5060.84037554147  1.195393E-9
5063.63536026455  1.162198E-9
5066.43034498764  1.148071E-9
5069.22532971072  1.159462E-9
5072.0203144338  1.186495E-9
5074.81529915688  1.205585E-9
5077.61028387996  1.217556E-9
5080.40526860304  1.203202E-9
5083.20025332612  1.172202E-9
5085.99523804921  1.135896E-9
5088.79022277229  1.108367E-9
5091.58520749537  1.116215E-9
5094.38019221845  1.159523E-9
5097.17517694153  1.190005E-9
5099.97016166462  1.177132E-9
5102.7651463877  1.135539E-9
5105.56013111078  1.116392E-9
5108.35511583386  1.145449E-9
5111.15010055694  1.162469E-9
5113.94508528002  1.137581E-9
5116.74007000311  1.111424E-9
5119.53505472619  1.132687E-9
5122.33003944927  1.147432E-9
5125.12502417235  1.129409E-9
5127.92000889543  1.111799E-9
5130.71499361851  1.111016E-9
5133.5099783416  1.112027E-9
5136.30496306468  1.116391E-9
5139.09994778776  1.111899E-9
5141.89493251084  1.100922E-9
5144.68991723392  1.093742E-9
5147.484901957  1.075262E-9
5150.27988668009  1.096080E-9
5153.07487140317  1.140358E-9
5155.86985612625  1.117641E-9
5158.66484084933  1.132050E-9
5161.45982557241  1.155948E-9
5164.25481029549  1.193430E-9
5167.04979501858  1.189798E-9
5169.84477974166  1.154793E-9
5172.63976446474  1.138980E-9
5175.43474918782  1.135837E-9
5178.2297339109  1.131586E-9
5181.02471863399  1.140857E-9
5183.81970335707  1.156934E-9
5186.61468808015  1.155044E-9
5189.40967280323  1.119261E-9
5192.20465752631  1.085673E-9
5194.99964224939  1.055556E-9
5197.79462697248  1.064381E-9
5200.58961169556  1.083744E-9
5203.38459641864  1.098761E-9
5206.17958114172  1.102338E-9
5208.9745658648  1.109529E-9
5211.76955058788  1.122732E-9
5214.56453531096  1.116862E-9
5217.35952003405  1.079997E-9
5220.15450475713  1.070211E-9
5222.94948948021  1.103122E-9
5225.74447420329  1.102795E-9
5228.53945892637  1.111647E-9
5231.33444364946  1.104358E-9
5234.12942837254  1.087381E-9
5236.92441309562  1.064077E-9
5239.7193978187  1.060702E-9
5242.51438254178  1.038635E-9
5245.30936726486  1.045554E-9
5248.10435198795  1.067506E-9
5250.89933671103  1.088906E-9
5253.69432143411  1.096920E-9
5256.48930615719  1.088878E-9
5259.28429088027  1.102935E-9
5262.07927560335  1.106782E-9
5264.87426032644  1.090169E-9
5267.66924504952  1.068336E-9
5270.4642297726  1.069466E-9
5273.25921449568  1.097655E-9
5276.05419921876  1.099550E-9
5278.84918394184  1.095189E-9
5281.64416866493  1.097483E-9
5284.43915338801  1.102078E-9
5287.23413811109  1.097860E-9
5290.02912283417  1.091411E-9
5292.82410755725  1.098015E-9
5295.61909228034  1.111619E-9
5298.41407700342  1.121167E-9
5301.2090617265  1.115987E-9
5304.00404644958  1.101450E-9
5306.79903117266  1.107468E-9
5309.59401589574  1.110673E-9
5312.38900061882  1.116221E-9
5315.18398534191  1.103275E-9
5317.97897006499  1.073368E-9
5320.77395478807  1.030347E-9
5323.56893951115  1.016425E-9
5326.36392423423  1.026145E-9
5329.15890895731  1.048674E-9
5331.9538936804  1.088670E-9
5334.74887840348  1.106832E-9
5337.54386312656  1.080060E-9
5340.33884784964  1.022691E-9
5343.13383257272  9.735713E-10
5345.92881729581  9.570957E-10
5348.72380201889  9.641715E-10
5351.51878674197  9.833636E-10
5354.31377146505  1.030175E-9
5357.10875618813  1.043786E-9
5359.90374091121  1.034597E-9
5362.69872563429  1.025873E-9
5365.49371035738  1.024144E-9
5368.28869508046  1.024905E-9
5371.08367980354  1.027054E-9
5373.87866452662  1.022404E-9
5376.6736492497  1.012395E-9
5379.46863397279  1.006066E-9
5382.26361869587  1.007439E-9
5385.05860341895  9.895520E-10
5387.85358814203  9.764550E-10
5390.64857286511  9.833764E-10
5393.44355758819  9.924039E-10
5396.23854231128  9.915578E-10
5399.03352703436  9.846408E-10
5401.82851175744  1.018681E-9
5404.62349648052  1.011057E-9
5407.4184812036  9.799622E-10
5410.21346592668  9.588471E-10
5413.00845064977  9.655794E-10
5415.80343537285  1.011525E-9
5418.59842009593  1.019243E-9
5421.39340481901  9.892899E-10
5424.18838954209  9.386957E-10
5426.98337426517  9.371182E-10
5429.77835898826  9.282373E-10
5432.57334371134  9.384767E-10
5435.36832843442  9.530703E-10
5438.1633131575  9.671052E-10
5440.95829788058  9.609139E-10
5443.75328260366  9.452880E-10
5446.54826732675  9.435833E-10
5449.34325204983  9.530057E-10
5452.13823677291  9.635752E-10
5454.93322149599  9.763834E-10
5457.72820621907  9.796962E-10
5460.52319094216  9.776021E-10
5463.31817566524  9.558996E-10
5466.11316038832  9.278572E-10
5468.9081451114  9.080580E-10
5471.70312983448  9.196915E-10
5474.49811455756  9.414168E-10
5477.29309928064  9.535215E-10
5480.08808400373  9.522045E-10
5482.88306872681  9.247910E-10
5485.67805344989  9.085531E-10
5488.47303817297  9.095843E-10
5491.26802289605  9.230499E-10
5494.06300761913  9.222608E-10
5496.85799234222  8.992532E-10
5499.6529770653  9.247503E-10
5502.44796178838  9.249400E-10
5505.24294651146  8.933841E-10
5508.03793123454  8.766637E-10
5510.83291595763  8.900493E-10
5513.62790068071  8.982952E-10
5516.42288540379  8.884071E-10
5519.21787012687  8.806839E-10
5522.01285484995  8.716291E-10
5524.80783957303  8.825284E-10
5527.60282429612  8.700070E-10
5530.3978090192  8.517177E-10
5533.19279374228  8.570703E-10
5535.98777846536  8.607321E-10
5538.78276318844  8.670480E-10
5541.57774791152  8.833062E-10
5544.3727326346  8.977097E-10
5547.16771735769  9.009257E-10
5549.96270208077  8.809178E-10
5552.75768680385  8.479982E-10
5555.55267152693  8.256344E-10
5558.34765625001  8.263826E-10
5561.1426409731  8.471086E-10
5563.93762569618  8.719961E-10
5566.73261041926  8.742919E-10
5569.52759514234  8.705583E-10
5572.32257986542  8.779694E-10
5575.1175645885  8.843612E-10
5577.91254931159  8.859254E-10
5580.70753403467  8.846385E-10
5583.50251875775  8.848889E-10
5586.29750348083  8.787291E-10
5589.09248820391  8.616769E-10
5591.88747292699  8.499626E-10
5594.68245765008  8.609290E-10
5597.47744237316  8.603334E-10
5600.27242709624  8.653661E-10
5603.06741181932  8.722504E-10
5605.8623965424  8.754366E-10
5608.65738126548  8.653758E-10
5611.45236598857  8.519970E-10
5614.24735071165  8.491912E-10
5617.04233543473  8.429673E-10
5619.83732015781  8.442666E-10
5622.63230488089  8.487792E-10
5625.42728960398  8.505603E-10
5628.22227432706  8.627201E-10
5631.01725905014  8.665673E-10
5633.81224377322  8.873390E-10
5636.6072284963  8.740948E-10
5639.40221321938  8.781227E-10
5642.19719794247  8.708688E-10
5644.99218266555  8.699551E-10
5647.78716738863  8.627538E-10
5650.58215211171  8.306657E-10
5653.37713683479  8.189900E-10
5656.17212155787  8.227052E-10
5658.96710628095  8.200750E-10
5661.76209100404  8.217361E-10
5664.55707572712  8.244835E-10
5667.3520604502  8.276325E-10
5670.14704517328  8.303476E-10
5672.94202989636  8.216023E-10
5675.73701461945  8.196711E-10
5678.53199934253  8.251358E-10
5681.32698406561  8.385045E-10
5684.12196878869  8.371326E-10
5686.91695351177  8.310944E-10
5689.71193823485  8.408894E-10
5692.50692295794  8.439338E-10
5695.30190768102  8.413210E-10
5698.0968924041  8.240349E-10
5700.89187712718  8.162631E-10
5703.68686185026  8.169177E-10
5706.48184657335  8.204504E-10
5709.27683129643  8.253692E-10
5712.07181601951  8.231855E-10
5714.86680074259  8.248509E-10
5717.66178546567  8.163597E-10
5720.45677018875  8.056956E-10
5723.25175491183  8.022480E-10
5726.04673963492  8.160008E-10
5728.841724358  8.243138E-10
5731.63670908108  8.342484E-10
5734.43169380416  8.396792E-10
5737.22667852724  8.376524E-10
5740.02166325032  8.372268E-10
5742.81664797341  8.134836E-10
5745.61163269649  8.071634E-10
5748.40661741957  8.063857E-10
5751.20160214265  8.043528E-10
5753.99658686573  8.115928E-10
5756.79157158882  8.250761E-10
5759.5865563119  8.446607E-10
5762.38154103498  8.591401E-10
5765.17652575806  8.449839E-10
5767.97151048114  8.126994E-10
5770.76649520422  7.903591E-10
5773.56147992731  7.710879E-10
5776.35646465039  7.649090E-10
5779.15144937347  7.543480E-10
5781.94643409655  7.606576E-10
5784.74141881963  7.629761E-10
5787.53640354271  7.639794E-10
5790.3313882658  7.589964E-10
5793.12637298888  7.577064E-10
5795.92135771196  7.554944E-10
5798.71634243504  7.549769E-10
5801.51132715812  7.511017E-10
5804.3063118812  7.610159E-10
5807.10129660429  7.776065E-10
5809.89628132737  7.832745E-10
5812.69126605045  7.861052E-10
5815.48625077353  7.671958E-10
5818.28123549661  7.479948E-10
5821.07622021969  7.557968E-10
5823.87120494277  7.478429E-10
5826.66618966586  7.428123E-10
5829.46117438894  7.407222E-10
5832.25615911202  7.385179E-10
5835.0511438351  7.319044E-10
5837.84612855818  7.412377E-10
5840.64111328127  7.436068E-10
5843.43609800435  7.344213E-10
5846.23108272743  7.164881E-10
5849.02606745051  7.030991E-10
5851.82105217359  6.834657E-10
5854.61603689667  6.509575E-10
5857.41102161976  6.549731E-10
5860.20600634284  6.914097E-10
5863.00099106592  7.154625E-10
5865.795975789  7.300773E-10
5868.59096051208  7.455809E-10
5871.38594523516  7.458617E-10
5874.18092995824  7.429201E-10
5876.97591468133  7.469588E-10
5879.77089940441  7.498163E-10
5882.56588412749  7.575676E-10
5885.36086885057  7.599746E-10
5888.15585357366  7.441177E-10
5890.95083829674  7.457945E-10
5893.74582301982  7.442021E-10
5896.5408077429  7.305879E-10
5899.33579246598  7.101118E-10
5902.13077718906  7.027641E-10
5904.92576191214  7.023274E-10
5907.72074663523  7.006045E-10
5910.51573135831  7.020334E-10
5913.31071608139  7.080355E-10
5916.10570080447  7.029765E-10
5918.90068552755  6.856787E-10
5921.69567025064  6.893099E-10
5924.49065497372  6.945218E-10
5927.2856396968  7.052665E-10
5930.08062441988  6.960997E-10
5932.87560914296  6.937667E-10
5935.67059386604  6.972017E-10
5938.46557858913  6.709592E-10
5941.26056331221  6.538167E-10
5944.05554803529  6.633156E-10
5946.85053275837  6.701844E-10
5949.64551748145  6.794045E-10
5952.44050220453  6.794010E-10
5955.23548692762  6.729203E-10
5958.0304716507  6.865830E-10
5960.82545637378  6.756858E-10
5963.62044109686  6.811571E-10
5966.41542581994  6.827462E-10
5969.21041054302  6.743037E-10
5972.00539526611  6.757005E-10
5974.80037998919  6.682751E-10
5977.59536471227  6.427205E-10
5980.39034943535  6.484744E-10
5983.18533415843  6.688815E-10
5985.98031888151  6.749193E-10
5988.7753036046  6.499658E-10
5991.57028832768  6.411601E-10
5994.36527305076  6.587647E-10
5997.16025777384  6.656868E-10
5999.95524249692  6.674115E-10
6002.75022722  6.539211E-10
6005.54521194309  6.367933E-10
6008.34019666617  6.223502E-10
6011.13518138925  6.132292E-10
6013.93016611233  6.217339E-10
6016.72515083541  6.233624E-10
6019.52013555849  6.246467E-10
6022.31512028158  6.203577E-10
6025.11010500466  6.248091E-10
6027.90508972774  6.418471E-10
6030.70007445082  6.431877E-10
6033.4950591739  6.471544E-10
6036.29004389699  6.518459E-10
6039.08502862007  6.403046E-10
6041.88001334315  6.394292E-10
6044.67499806623  6.285108E-10
6047.46998278931  6.248314E-10
6050.26496751239  6.361004E-10
6053.05995223547  6.377030E-10
6055.85493695856  6.284230E-10
6058.64992168164  6.135554E-10
6061.44490640472  6.197599E-10
6064.2398911278  6.318457E-10
6067.03487585089  6.291654E-10
6069.82986057397  6.135640E-10
6072.62484529705  6.172781E-10
6075.41983002013  6.370650E-10
6078.21481474321  6.363177E-10
6081.00979946629  6.213491E-10
6083.80478418937  6.115914E-10
6086.59976891246  6.243472E-10
6089.39475363554  6.346119E-10
6092.18973835862  6.276921E-10
6094.9847230817  6.276267E-10
6097.77970780478  6.172274E-10
6100.57469252787  6.056280E-10
6103.36967725095  6.234027E-10
6106.16466197403  6.443672E-10
6108.95964669711  6.217102E-10
6111.75463142019  6.145219E-10
6114.54961614327  6.270329E-10
6117.34460086636  6.079873E-10
6120.13958558944  5.907303E-10
6122.93457031252  5.972659E-10
6125.7295550356  6.067336E-10
6128.52453975868  6.162363E-10
6131.31952448176  6.107098E-10
6134.11450920485  6.057895E-10
6136.90949392793  6.061326E-10
6139.70447865101  6.017629E-10
6142.49946337409  5.990349E-10
6145.29444809717  6.049032E-10
6148.08943282025  6.021639E-10
6150.88441754333  5.841217E-10
6153.67940226642  5.725043E-10
6156.4743869895  5.834364E-10
6159.26937171258  6.001407E-10
6162.06435643566  6.028897E-10
6164.85934115874  5.966205E-10
6167.65432588182  5.972303E-10
6170.44931060491  5.950455E-10
6173.24429532799  5.905217E-10
6176.03928005107  5.860701E-10
6178.83426477415  5.895207E-10
6181.62924949723  5.871690E-10
6184.42423422032  5.816996E-10
6187.2192189434  5.776396E-10
6190.01420366648  5.785609E-10
6192.80918838956  5.709062E-10
6195.60417311264  5.579524E-10
6198.39915783572  5.616583E-10
6201.1941425588  5.563034E-10
6203.98912728189  5.567292E-10
6206.78411200497  5.683528E-10
6209.57909672805  5.674907E-10
6212.37408145113  5.627316E-10
6215.16906617421  5.586531E-10
6217.9640508973  5.711896E-10
6220.75903562038  5.716499E-10
6223.55402034346  5.638062E-10
6226.34900506654  5.505116E-10
6229.14398978962  5.412830E-10
6231.9389745127  5.493830E-10
6234.73395923579  5.545140E-10
6237.52894395887  5.415049E-10
6240.32392868195  5.437676E-10
6243.11891340503  5.369906E-10
6245.91389812811  5.395711E-10
6248.7088828512  5.390426E-10
6251.50386757428  5.383812E-10
6254.29885229736  5.368895E-10
6257.09383702044  5.313330E-10
6259.88882174352  5.328406E-10
6262.6838064666  5.387547E-10
6265.47879118968  5.277700E-10
6268.27377591277  5.346485E-10
6271.06876063585  5.361641E-10
6273.86374535893  5.366944E-10
6276.65873008201  5.382120E-10
6279.45371480509  5.348433E-10
6282.24869952818  5.368773E-10
6285.04368425126  5.394930E-10
6287.83866897434  5.331657E-10
6290.63365369742  5.257504E-10
6293.4286384205  5.258739E-10
6296.22362314358  5.274311E-10
6299.01860786667  5.292146E-10
6301.81359258975  5.324784E-10
6304.60857731283  5.388261E-10
6307.40356203591  5.321842E-10
6310.19854675899  5.139876E-10
6312.99353148207  5.056582E-10
6315.78851620515  5.038372E-10
6318.58350092824  5.079344E-10
6321.37848565132  5.034566E-10
6324.1734703744  4.944286E-10
6326.96845509748  4.925124E-10
6329.76343982056  4.971615E-10
6332.55842454364  4.972238E-10
6335.35340926673  4.920004E-10
6338.14839398981  4.859573E-10
6340.94337871289  4.812767E-10
6343.73836343597  4.822981E-10
6346.53334815905  4.805883E-10
6349.32833288214  4.793612E-10
6352.12331760522  4.863748E-10
6354.9183023283  4.836544E-10
6357.71328705138  4.829461E-10
6360.50827177446  4.862009E-10
6363.30325649754  4.864458E-10
6366.09824122063  4.846487E-10
6368.89322594371  4.824487E-10
6371.68821066679  4.897605E-10
6374.48319538987  5.002810E-10
6377.27818011295  5.006875E-10
6380.07316483603  4.919831E-10
6382.86814955911  4.865765E-10
6385.6631342822  4.769868E-10
6388.45811900528  4.743345E-10
6391.25310372836  4.785533E-10
6394.04808845144  4.902989E-10
6396.84307317453  5.093878E-10
6399.63805789761  5.327769E-10
6402.43304262069  5.296196E-10
6405.22802734377  5.167187E-10
