3300.  2.151802E-10
3302.79516061744  2.493984E-10
3305.59032123488  2.461168E-10
3308.38548185232  2.433912E-10
3311.18064246975  2.387534E-10
3313.97580308719  2.354524E-10
3316.77096370463  2.339358E-10
3319.56612432207  2.238479E-10
3322.36128493951  2.132694E-10
3325.15644555695  2.139199E-10
3327.95160617439  2.156416E-10
3330.74676679182  2.125245E-10
3333.54192740926  2.169372E-10
3336.3370880267  2.325024E-10
3339.13224864414  2.413521E-10
3341.92740926158  2.349962E-10
3344.72256987902  2.238184E-10
3347.51773049645  2.094458E-10
3350.31289111389  2.010151E-10
3353.10805173133  2.060593E-10
3355.90321234877  2.164188E-10
3358.69837296621  2.239244E-10
3361.49353358365  2.255007E-10
3364.28869420109  2.176835E-10
3367.08385481852  2.066716E-10
3369.87901543596  2.011921E-10
3372.6741760534  1.998336E-10
3375.46933667084  2.056681E-10
3378.26449728828  2.127626E-10
3381.05965790572  2.075878E-10
3383.85481852316  2.036548E-10
3386.64997914059  2.062431E-10
3389.44513975803  2.045611E-10
3392.24030037547  2.043155E-10
3395.03546099291  2.102978E-10
3397.83062161035  2.170425E-10
3400.62578222779  2.192937E-10
3403.42094284522  2.197211E-10
3406.21610346266  2.232650E-10
3409.0112640801  2.271805E-10
3411.80642469754  2.284170E-10
3414.60158531498  2.282172E-10
3417.39674593242  2.278214E-10
3420.19190654986  2.278512E-10
3422.98706716729  2.222259E-10
3425.78222778473  2.145271E-10
3428.57738840217  2.127264E-10
3431.37254901961  2.128756E-10
3434.16770963705  2.135978E-10
3436.96287025449  2.124495E-10
3439.75803087193  2.125288E-10
3442.55319148936  2.178372E-10
3445.3483521068  2.253780E-10
3448.14351272424  2.207620E-10
3450.93867334168  2.112792E-10
3453.73383395912  2.108919E-10
3456.52899457656  2.137636E-10
3459.32415519399  2.076748E-10
3462.11931581143  2.044362E-10
3464.91447642887  2.072746E-10
3467.70963704631  2.091669E-10
3470.50479766375  2.111241E-10
3473.29995828119  2.090724E-10
3476.09511889863  2.064536E-10
3478.89027951606  2.128019E-10
3481.6854401335  2.187243E-10
3484.48060075094  2.178699E-10
3487.27576136838  2.150920E-10
3490.07092198582  2.170541E-10
3492.86608260326  2.235472E-10
3495.6612432207  2.249325E-10
3498.45640383813  2.263408E-10
3501.25156445557  2.303848E-10
3504.04672507301  2.294823E-10
3506.84188569045  2.250829E-10
3509.63704630789  2.149363E-10
3512.43220692533  2.058976E-10
3515.22736754276  2.050784E-10
3518.0225281602  2.055510E-10
3520.81768877764  2.021643E-10
3523.61284939508  1.991173E-10
3526.40801001252  1.987421E-10
3529.20317062996  2.022134E-10
3531.99833124739  2.073707E-10
3534.79349186483  2.091728E-10
3537.58865248227  2.048328E-10
3540.38381309971  2.023729E-10
3543.17897371715  2.064557E-10
3545.97413433459  2.149321E-10
3548.76929495203  2.212288E-10
3551.56445556947  2.170177E-10
3554.3596161869  2.084986E-10
3557.15477680434  2.072436E-10
3559.94993742178  2.084555E-10
3562.74509803922  2.026331E-10
3565.54025865666  1.945241E-10
3568.3354192741  1.911752E-10
3571.13057989153  1.919340E-10
3573.92574050897  1.953007E-10
3576.72090112641  2.014164E-10
3579.51606174385  2.049882E-10
3582.31122236129  2.014768E-10
3585.10638297873  1.960307E-10
3587.90154359617  1.939538E-10
3590.6967042136  1.980145E-10
3593.49186483104  2.034433E-10
3596.28702544848  2.076999E-10
3599.08218606592  2.106344E-10
3601.87734668336  2.107175E-10
3604.6725073008  2.081892E-10
3607.46766791824  2.046420E-10
3610.26282853567  2.015600E-10
3613.05798915311  2.002258E-10
3615.85314977055  1.994618E-10
3618.64831038799  2.009282E-10
3621.44347100543  1.986284E-10
3624.23863162287  1.918614E-10
3627.0337922403  1.918306E-10
3629.82895285774  1.974109E-10
3632.62411347518  1.956700E-10
3635.41927409262  1.878958E-10
3638.21443471006  1.863259E-10
3641.0095953275  1.879872E-10
3643.80475594494  1.859655E-10
3646.59991656237  1.841333E-10
3649.39507717981  1.865950E-10
3652.19023779725  1.946237E-10
3654.98539841469  2.065137E-10
3657.78055903213  2.097335E-10
3660.57571964957  1.990642E-10
3663.37088026701  1.877546E-10
3666.16604088444  1.874752E-10
3668.96120150188  1.943731E-10
3671.75636211932  2.013077E-10
3674.55152273676  2.032520E-10
3677.3466833542  2.016861E-10
3680.14184397164  2.157945E-10
3682.93700458907  2.106603E-10
3685.73216520651  1.283099E-10
3688.52732582395  8.493790E-11
3691.32248644139  1.346274E-10
3694.11764705883  1.896331E-10
3696.91280767627  1.975052E-10
3699.70796829371  1.885491E-10
3702.50312891114  1.873140E-10
3705.29828952858  1.817984E-10
3708.09345014602  1.754755E-10
3710.88861076346  1.757503E-10
3713.6837713809  1.783847E-10
3716.47893199834  1.756164E-10
3719.27409261578  1.695820E-10
3722.06925323321  1.717613E-10
3724.86441385065  1.847663E-10
3727.65957446809  1.966590E-10
3730.45473508553  1.951633E-10
3733.24989570297  1.834844E-10
3736.04505632041  1.820066E-10
3738.84021693784  1.994561E-10
3741.63537755528  2.200819E-10
3744.43053817272  2.143264E-10
3747.22569879016  1.834486E-10
3750.0208594076  1.667683E-10
3752.81602002504  1.807054E-10
3755.61118064248  2.073396E-10
3758.40634125991  2.330146E-10
3761.20150187735  2.469022E-10
3763.99666249479  2.401695E-10
3766.79182311223  2.166396E-10
3769.58698372967  1.907381E-10
3772.38214434711  1.797618E-10
3775.17730496454  1.946596E-10
3777.97246558198  2.273983E-10
3780.76762619942  2.583098E-10
3783.56278681686  2.790463E-10
3786.3579474343  2.859681E-10
3789.15310805174  2.706803E-10
3791.94826866918  2.324403E-10
3794.74342928661  1.909513E-10
3797.53858990405  1.707347E-10
3800.33375052149  1.760860E-10
3803.12891113893  1.951091E-10
3805.92407175637  2.181799E-10
3808.71923237381  2.332218E-10
3811.51439299125  2.351366E-10
3814.30955360868  2.308368E-10
3817.10471422612  2.301246E-10
3819.89987484356  2.411658E-10
3822.695035461  2.585480E-10
3825.49019607844  2.612731E-10
3828.28535669588  2.357362E-10
3831.08051731332  1.924634E-10
3833.87567793075  1.563621E-10
3836.67083854819  1.446567E-10
3839.46599916563  1.597639E-10
3842.26115978307  1.876395E-10
3845.05632040051  2.074021E-10
3847.85148101795  2.210035E-10
3850.64664163538  2.336238E-10
3853.44180225282  2.394596E-10
3856.23696287026  2.395504E-10
3859.0321234877  2.401467E-10
3861.82728410514  2.417472E-10
3864.62244472258  2.411449E-10
3867.41760534002  2.424858E-10
3870.21276595745  2.504916E-10
3873.00792657489  2.602516E-10
3875.80308719233  2.685714E-10
3878.59824780977  2.639172E-10
3881.39340842721  2.392349E-10
3884.18856904465  2.009022E-10
3886.98372966209  1.647364E-10
3889.77889027952  1.476616E-10
3892.57405089696  1.568240E-10
3895.3692115144  1.797282E-10
3898.16437213184  2.031312E-10
3900.95953274928  2.217748E-10
3903.75469336672  2.364358E-10
3906.54985398415  2.506096E-10
3909.34501460159  2.625120E-10
3912.14017521903  2.612436E-10
3914.93533583647  2.479255E-10
3917.73049645391  2.370544E-10
3920.52565707135  2.317596E-10
3923.32081768879  2.259434E-10
3926.11597830622  2.199894E-10
3928.91113892366  2.188129E-10
3931.7062995411  2.236955E-10
3934.50146015854  2.303550E-10
3937.29662077598  2.393325E-10
3940.09178139342  2.541589E-10
3942.88694201086  2.672388E-10
3945.68210262829  2.676565E-10
3948.47726324573  2.641899E-10
3951.27242386317  2.711839E-10
3954.06758448061  2.815899E-10
3956.86274509805  2.787356E-10
3959.65790571549  2.528727E-10
3962.45306633292  2.129367E-10
3965.24822695036  1.767401E-10
3968.0433875678  1.554749E-10
3970.83854818524  1.521055E-10
3973.63370880268  1.673228E-10
3976.42886942012  1.934878E-10
3979.22403003756  2.167139E-10
3982.01919065499  2.363002E-10
3984.81435127243  2.520111E-10
3987.60951188987  2.633423E-10
3990.40467250731  2.725041E-10
3993.19983312475  2.746834E-10
3995.99499374219  2.721923E-10
3998.79015435963  2.732761E-10
4001.58531497706  2.795446E-10
4004.3804755945  2.867591E-10
4007.17563621194  2.896027E-10
4009.97079682938  2.861756E-10
4012.76595744682  2.762297E-10
4015.56111806426  2.618146E-10
4018.35627868169  2.509625E-10
4021.15143929913  2.502561E-10
4023.94659991657  2.574296E-10
4026.74176053401  2.607705E-10
4029.53692115145  2.640118E-10
4032.33208176889  2.796777E-10
4035.12724238633  2.977286E-10
4037.92240300376  2.973940E-10
4040.7175636212  2.868022E-10
4043.51272423864  2.862186E-10
4046.30788485608  2.961510E-10
4049.10304547352  3.036764E-10
4051.89820609096  3.023773E-10
4054.69336670839  2.970872E-10
4057.48852732583  2.883703E-10
4060.28368794327  2.778725E-10
4063.07884856071  2.734784E-10
4065.87400917815  2.763135E-10
4068.66916979559  2.774128E-10
4071.46433041303  2.724997E-10
4074.25949103046  2.724759E-10
4077.0546516479  2.852331E-10
4079.84981226534  3.029603E-10
4082.64497288278  3.180044E-10
4085.44013350022  3.319169E-10
4088.23529411766  3.392883E-10
4091.0304547351  3.299844E-10
4093.82561535253  2.933765E-10
4096.62077596997  2.382468E-10
4099.41593658741  1.961661E-10
4102.21109720485  1.796850E-10
4105.00625782229  1.798649E-10
4107.80141843973  1.924419E-10
4110.59657905717  2.147799E-10
4113.3917396746  2.338458E-10
4116.18690029204  2.425041E-10
4118.98206090948  2.509165E-10
4121.77722152692  2.597717E-10
4124.57238214436  2.625382E-10
4127.3675427618  2.597115E-10
4130.16270337923  2.568203E-10
4132.95786399667  2.553518E-10
4135.75302461411  2.502291E-10
4138.54818523155  2.451703E-10
4141.34334584899  2.494024E-10
4144.13850646643  2.575221E-10
4146.93366708387  2.588774E-10
4149.7288277013  2.577248E-10
4152.52398831874  2.627690E-10
4155.31914893618  2.769175E-10
4158.11430955362  2.917002E-10
4160.90947017106  2.959000E-10
4163.7046307885  2.916820E-10
4166.49979140593  2.858503E-10
4169.29495202337  2.773906E-10
4172.09011264081  2.710968E-10
4174.88527325825  2.749115E-10
4177.68043387569  2.807819E-10
4180.47559449313  2.805328E-10
4183.27075511056  2.788654E-10
4186.065915728  2.806574E-10
4188.86107634544  2.865930E-10
4191.65623696288  2.895676E-10
4194.45139758032  2.839808E-10
4197.24655819776  2.758973E-10
4200.0417188152  2.734372E-10
4202.83687943264  2.790624E-10
4205.63204005007  2.919009E-10
4208.42720066751  3.064810E-10
4211.22236128495  3.127070E-10
4214.01752190239  3.136290E-10
4216.81268251983  3.123976E-10
4219.60784313727  2.983372E-10
4222.40300375471  2.769333E-10
4225.19816437214  2.694654E-10
4227.99332498958  2.789263E-10
4230.78848560702  2.878918E-10
4233.58364622446  2.949729E-10
4236.3788068419  3.089658E-10
4239.17396745934  3.272543E-10
4241.96912807677  3.361585E-10
4244.76428869421  3.277966E-10
4247.55944931165  3.116811E-10
4250.35460992909  2.987809E-10
4253.14977054653  2.926444E-10
4255.94493116397  2.946873E-10
4258.74009178141  3.069599E-10
4261.53525239884  3.215663E-10
4264.33041301628  3.211689E-10
4267.12557363372  3.043942E-10
4269.92073425116  2.911579E-10
4272.7158948686  2.988186E-10
4275.51105548604  3.158563E-10
4278.30621610348  3.201059E-10
4281.10137672091  3.118912E-10
4283.89653733835  3.014261E-10
4286.69169795579  2.928679E-10
4289.48685857323  2.861494E-10
4292.28201919067  2.731707E-10
4295.07717980811  2.535249E-10
4297.87234042554  2.415455E-10
4300.66750104298  2.468456E-10
4303.46266166042  2.635143E-10
4306.25782227786  2.845970E-10
4309.0529828953  3.110283E-10
4311.84814351274  3.401463E-10
4314.64330413018  3.644079E-10
4317.43846474762  3.756029E-10
4320.23362536505  3.778693E-10
4323.02878598249  3.845184E-10
4325.82394659993  3.978966E-10
4328.61910721737  4.108393E-10
4331.41426783481  4.029668E-10
4334.20942845225  3.524535E-10
4337.00458906968  2.864967E-10
4339.79974968712  2.583712E-10
4342.59491030456  2.670662E-10
4345.390070922  2.885417E-10
4348.18523153944  3.148794E-10
4350.98039215688  3.430622E-10
4353.77555277432  3.670717E-10
4356.57071339175  3.835306E-10
4359.36587400919  3.920233E-10
4362.16103462663  3.928383E-10
4364.95619524407  3.837732E-10
4367.75135586151  3.688226E-10
4370.54651647895  3.592497E-10
4373.34167709638  3.576757E-10
4376.13683771382  3.554461E-10
4378.93199833126  3.399983E-10
4381.7271589487  3.192087E-10
4384.52231956614  3.146383E-10
4387.31748018358  3.255565E-10
4390.11264080101  3.379660E-10
4392.90780141845  3.520453E-10
4395.70296203589  3.631107E-10
4398.49812265333  3.598448E-10
4401.29328327077  3.436392E-10
4404.08844388821  3.346707E-10
4406.88360450565  3.445364E-10
4409.67876512308  3.605551E-10
4412.47392574052  3.652000E-10
4415.26908635796  3.642233E-10
4418.0642469754  3.713476E-10
4420.85940759284  3.807105E-10
4423.65456821028  3.855960E-10
4426.44972882772  3.884728E-10
4429.24488944515  3.865747E-10
4432.04005006259  3.807050E-10
4434.83521068003  3.823337E-10
4437.63037129747  3.870317E-10
4440.42553191491  3.782207E-10
4443.22069253235  3.694551E-10
4446.01585314979  3.752539E-10
4448.81101376722  3.776154E-10
4451.60617438466  3.593724E-10
4454.4013350021  3.344802E-10
4457.19649561954  3.238684E-10
4459.99165623698  3.282615E-10
4462.78681685442  3.361660E-10
4465.58197747186  3.425639E-10
4468.37713808929  3.586492E-10
4471.17229870673  3.881497E-10
4473.96745932417  4.150455E-10
4476.76261994161  4.264125E-10
4479.55778055905  4.276063E-10
4482.35294117649  4.279447E-10
4485.14810179392  4.223832E-10
4487.94326241136  4.080556E-10
4490.7384230288  3.971487E-10
4493.53358364624  4.033518E-10
4496.32874426368  4.275666E-10
4499.12390488112  4.568907E-10
4501.91906549856  4.780291E-10
4504.71422611599  4.811342E-10
4507.50938673343  4.688341E-10
4510.30454735087  4.543684E-10
4513.09970796831  4.429455E-10
4515.89486858575  4.330596E-10
4518.69002920319  4.225187E-10
4521.48518982063  4.036613E-10
4524.28035043806  3.807452E-10
4527.0755110555  3.699218E-10
4529.87067167294  3.726821E-10
4532.66583229038  3.870762E-10
4535.46099290782  4.107285E-10
4538.25615352526  4.273613E-10
4541.05131414269  4.299461E-10
4543.84647476013  4.283214E-10
4546.64163537757  4.262550E-10
4549.43679599501  4.181851E-10
4552.23195661245  4.093051E-10
4555.02711722989  4.177096E-10
4557.82227784733  4.371311E-10
4560.61743846476  4.502328E-10
4563.4125990822  4.580613E-10
4566.20775969964  4.604413E-10
4569.00292031708  4.563048E-10
4571.79808093452  4.464062E-10
4574.59324155196  4.362321E-10
4577.38840216939  4.366687E-10
4580.18356278683  4.439360E-10
4582.97872340427  4.554554E-10
4585.77388402171  4.677682E-10
4588.56904463915  4.678031E-10
4591.36420525659  4.510368E-10
4594.15936587403  4.292738E-10
4596.95452649146  4.147306E-10
4599.7496871089  4.120584E-10
4602.54484772634  4.262455E-10
4605.34000834378  4.515999E-10
4608.13516896122  4.724172E-10
4610.93032957866  4.824493E-10
4613.7254901961  4.892455E-10
4616.52065081353  4.981336E-10
4619.31581143097  5.058397E-10
4622.11097204841  5.073571E-10
4624.90613266585  5.058279E-10
4627.70129328329  5.074101E-10
4630.49645390073  5.024838E-10
4633.29161451816  4.821968E-10
4636.0867751356  4.551878E-10
4638.88193575304  4.349946E-10
4641.67709637048  4.232456E-10
4644.47225698792  4.170312E-10
4647.26741760536  4.268608E-10
4650.06257822279  4.510529E-10
4652.85773884023  4.747650E-10
4655.65289945767  4.876654E-10
4658.44806007511  4.835938E-10
4661.24322069255  4.607168E-10
4664.03838130999  4.364122E-10
4666.83354192743  4.314069E-10
4669.62870254486  4.529156E-10
4672.4238631623  4.805555E-10
4675.21902377974  4.953318E-10
4678.01418439718  4.969592E-10
4680.80934501462  4.986391E-10
4683.60450563206  5.017083E-10
4686.3996662495  4.943623E-10
4689.19482686693  4.832151E-10
4691.98998748437  4.781547E-10
4694.78514810181  4.746208E-10
4697.58030871925  4.656287E-10
4700.37546933669  4.540564E-10
4703.17062995413  4.497535E-10
4705.96579057157  4.601709E-10
4708.76095118901  4.762169E-10
4711.55611180644  4.896363E-10
4714.35127242388  5.183429E-10
4717.14643304132  5.626818E-10
4719.94159365876  5.876473E-10
4722.7367542762  5.753527E-10
4725.53191489364  5.436558E-10
4728.32707551107  5.202312E-10
4731.12223612851  5.176358E-10
4733.91739674595  5.180515E-10
4736.71255736339  5.034003E-10
4739.50771798083  4.832457E-10
4742.30287859827  4.775951E-10
4745.0980392157  4.944874E-10
4747.89319983314  5.207230E-10
4750.68836045058  5.347599E-10
4753.48352106802  5.331925E-10
4756.27868168546  5.303243E-10
4759.0738423029  5.301447E-10
4761.86900292034  5.205314E-10
4764.66416353778  5.057690E-10
4767.45932415521  5.034992E-10
4770.25448477265  5.171585E-10
4773.04964539009  5.373125E-10
4775.84480600753  5.521115E-10
4778.63996662497  5.441693E-10
4781.4351272424  5.155509E-10
4784.23028785984  4.962482E-10
4787.02544847728  4.979183E-10
4789.82060909472  5.132669E-10
4792.61576971216  5.322307E-10
4795.4109303296  5.404800E-10
4798.20609094704  5.415156E-10
4801.00125156447  5.440759E-10
4803.79641218191  5.445570E-10
4806.59157279935  5.429990E-10
4809.38673341679  5.459492E-10
4812.18189403423  5.573992E-10
4814.97705465167  5.773264E-10
4817.77221526911  5.909054E-10
4820.56737588654  5.835167E-10
4823.36253650398  5.622563E-10
4826.15769712142  5.432216E-10
4828.95285773886  5.327528E-10
4831.7480183563  5.303418E-10
4834.54317897374  5.357402E-10
4837.33833959118  5.433663E-10
4840.13350020861  5.503470E-10
4842.92866082605  5.596831E-10
4845.72382144349  5.613194E-10
4848.51898206093  5.494428E-10
4851.31414267837  5.292683E-10
4854.10930329581  4.980217E-10
4856.90446391324  4.547480E-10
4859.69962453068  4.142859E-10
4862.49478514812  3.970052E-10
4865.28994576556  4.075104E-10
4868.085106383  4.286562E-10
4870.88026700044  4.442063E-10
4873.67542761788  4.584192E-10
4876.47058823531  4.648089E-10
4879.26574885275  4.559257E-10
4882.06090947019  4.437317E-10
4884.85607008763  4.440341E-10
4887.65123070507  4.649998E-10
4890.44639132251  5.048060E-10
4893.24155193995  5.479336E-10
4896.03671255738  5.734968E-10
4898.83187317482  5.763841E-10
4901.62703379226  5.673913E-10
4904.4221944097  5.582416E-10
4907.21735502714  5.575782E-10
4910.01251564458  5.632130E-10
4912.80767626202  5.607166E-10
4915.60283687945  5.472151E-10
4918.39799749689  5.316366E-10
4921.19315811433  5.320526E-10
4923.98831873177  5.580276E-10
4926.78347934921  5.903704E-10
4929.57863996665  6.031380E-10
4932.37380058408  5.868314E-10
4935.16896120152  5.611427E-10
4937.96412181896  5.598428E-10
4940.7592824364  5.916185E-10
4943.55444305384  6.327682E-10
4946.34960367128  6.543874E-10
4949.14476428872  6.508744E-10
4951.93992490615  6.290462E-10
4954.73508552359  5.961454E-10
4957.53024614103  5.686810E-10
4960.32540675847  5.630830E-10
4963.12056737591  5.670919E-10
4965.91572799335  5.667777E-10
4968.71088861078  5.731484E-10
4971.50604922822  5.844538E-10
4974.30120984566  5.794021E-10
4977.0963704631  5.523691E-10
4979.89153108054  5.296726E-10
4982.68669169798  5.269436E-10
4985.48185231542  5.351365E-10
4988.27701293285  5.441463E-10
4991.07217355029  5.484462E-10
4993.86733416773  5.429245E-10
4996.66249478517  5.267815E-10
4999.45765540261  5.072080E-10
5002.25281602005  4.967234E-10
5005.04797663749  4.956908E-10
5007.84313725492  4.887260E-10
5010.63829787236  4.719585E-10
5013.4334584898  4.652440E-10
5016.22861910724  4.820733E-10
5019.02377972468  5.044436E-10
5021.81894034212  5.200891E-10
5024.61410095956  5.375742E-10
5027.40926157699  5.565231E-10
5030.20442219443  5.632322E-10
5032.99958281187  5.444132E-10
5035.79474342931  5.101479E-10
5038.58990404675  4.972094E-10
5041.38506466419  5.201468E-10
5044.18022528162  5.450377E-10
5046.97538589906  5.527038E-10
5049.7705465165  5.643058E-10
5052.56570713394  5.885201E-10
5055.36086775138  6.065036E-10
5058.15602836882  5.995627E-10
5060.95118898626  5.713309E-10
5063.74634960369  5.436074E-10
5066.54151022113  5.368874E-10
5069.33667083857  5.426716E-10
5072.13183145601  5.384747E-10
5074.92699207345  5.190587E-10
5077.72215269089  5.019941E-10
5080.51731330833  5.044602E-10
5083.31247392576  5.273649E-10
5086.1076345432  5.584819E-10
5088.90279516064  5.777823E-10
5091.69795577808  5.774914E-10
5094.49311639552  5.647449E-10
5097.28827701296  5.489658E-10
5100.08343763039  5.345352E-10
5102.87859824783  5.209287E-10
5105.67375886527  5.141061E-10
5108.46891948271  5.252676E-10
5111.26408010015  5.522758E-10
5114.05924071759  5.688437E-10
5116.85440133503  5.591864E-10
5119.64956195246  5.317831E-10
5122.4447225699  5.060966E-10
5125.23988318734  4.969282E-10
5128.03504380478  5.042525E-10
5130.83020442222  5.163600E-10
5133.62536503966  5.209259E-10
5136.4205256571  5.177723E-10
5139.21568627453  5.116757E-10
5142.01084689197  5.015544E-10
5144.80600750941  4.954849E-10
5147.60116812685  5.084795E-10
5150.39632874429  5.354500E-10
5153.19148936173  5.541672E-10
5155.98664997916  5.489589E-10
5158.7818105966  5.215896E-10
5161.57697121404  4.803581E-10
5164.37213183148  4.376602E-10
5167.16729244892  4.212691E-10
5169.96245306636  4.397182E-10
5172.7576136838  4.666539E-10
5175.55277430123  4.767814E-10
5178.34793491867  4.760209E-10
5181.14309553611  4.879035E-10
5183.93825615355  5.080971E-10
5186.73341677099  5.151175E-10
5189.52857738843  5.081972E-10
5192.32373800586  5.050514E-10
5195.1188986233  5.098030E-10
5197.91405924074  5.032184E-10
5200.70921985818  4.796760E-10
5203.50438047562  4.648838E-10
5206.29954109306  4.850622E-10
5209.0947017105  5.297437E-10
5211.88986232793  5.638962E-10
5214.68502294537  5.680090E-10
5217.48018356281  5.479564E-10
5220.27534418025  5.268056E-10
5223.07050479769  5.289040E-10
5225.86566541513  5.562785E-10
5228.66082603257  5.881312E-10
5231.45598665001  6.052536E-10
5234.25114726744  6.078437E-10
5237.04630788488  5.936129E-10
5239.84146850232  5.633981E-10
5242.63662911976  5.264800E-10
5245.4317897372  5.043222E-10
5248.22695035464  5.141970E-10
5251.02211097208  5.441285E-10
5253.81727158951  5.624754E-10
5256.61243220695  5.427205E-10
5259.40759282439  4.987257E-10
5262.20275344183  4.705641E-10
5264.99791405927  4.778842E-10
5267.79307467671  5.126439E-10
5270.58823529414  5.561629E-10
5273.38339591158  5.932724E-10
5276.17855652902  6.132752E-10
5278.97371714646  6.194959E-10
5281.7688777639  6.279716E-10
5284.56403838134  6.342549E-10
5287.35919899877  6.239876E-10
5290.15435961621  6.021093E-10
5292.94952023365  5.907089E-10
5295.74468085109  6.123811E-10
5298.53984146853  6.612869E-10
5301.33500208597  7.104282E-10
5304.1301627034  7.388217E-10
5306.92532332084  7.377476E-10
5309.72048393828  7.125082E-10
5312.51564455572  6.803578E-10
5315.31080517316  6.497493E-10
5318.1059657906  6.118228E-10
5320.90112640804  5.728361E-10
5323.69628702547  5.661958E-10
5326.49144764291  6.038445E-10
5329.28660826035  6.438712E-10
5332.08176887779  6.469661E-10
5334.87692949523  6.254726E-10
5337.67209011267  6.159309E-10
5340.46725073011  6.335021E-10
5343.26241134754  6.722791E-10
5346.05757196498  7.297747E-10
5348.85273258242  7.895347E-10
5351.64789319986  8.130160E-10
5354.4430538173  7.871833E-10
5357.23821443474  7.430502E-10
5360.03337505218  7.083046E-10
5362.82853566961  6.910178E-10
5365.62369628705  7.039165E-10
5368.41885690449  7.378910E-10
5371.21401752193  7.509908E-10
5374.00917813937  7.243568E-10
5376.80433875681  6.859442E-10
5379.59949937424  6.597223E-10
5382.39465999168  6.451578E-10
5385.18982060912  6.354038E-10
5387.98498122656  6.291584E-10
5390.780141844  6.317108E-10
5393.57530246144  6.398869E-10
5396.37046307888  6.381917E-10
5399.16562369631  6.279065E-10
5401.96078431375  6.402022E-10
5404.75594493119  6.793224E-10
5407.55110554863  7.134324E-10
5410.34626616607  7.212312E-10
5413.14142678351  7.128544E-10
5415.93658740095  7.021862E-10
5418.73174801838  6.891189E-10
5421.52690863582  6.671450E-10
5424.32206925326  6.471760E-10
5427.1172298707  6.546521E-10
5429.91239048814  6.946315E-10
5432.70755110558  7.355962E-10
5435.50271172301  7.388733E-10
5438.29787234045  7.107475E-10
5441.09303295789  6.877682E-10
5443.88819357533  6.776906E-10
5446.68335419277  6.703417E-10
5449.47851481021  6.758413E-10
5452.27367542764  6.873536E-10
5455.06883604509  6.886537E-10
5457.86399666252  6.891014E-10
5460.65915727996  6.840756E-10
5463.4543178974  6.663398E-10
5466.24947851484  6.521712E-10
5469.04463913228  6.581313E-10
5471.83979974971  6.782443E-10
5474.63496036715  6.997768E-10
5477.43012098459  7.089002E-10
5480.22528160203  7.002068E-10
5483.02044221947  6.892897E-10
5485.81560283691  6.902374E-10
5488.61076345435  6.948967E-10
5491.40592407179  6.904106E-10
5494.20108468922  6.719808E-10
5496.99624530666  6.534994E-10
5499.7914059241  6.524383E-10
5502.58656654154  6.664644E-10
5505.38172715898  6.883946E-10
5508.17688777642  7.179926E-10
5510.97204839385  7.405050E-10
5513.76720901129  7.419033E-10
5516.56236962873  7.303328E-10
5519.35753024617  7.200933E-10
5522.15269086361  7.181656E-10
5524.94785148105  7.288813E-10
5527.74301209849  7.448377E-10
5530.53817271592  7.537697E-10
5533.33333333336  7.601127E-10
5536.1284939508  7.683640E-10
5538.92365456824  7.752177E-10
5541.71881518568  7.735549E-10
5544.51397580312  7.673435E-10
5547.30913642055  7.649561E-10
5550.10429703799  7.614901E-10
5552.89945765543  7.526013E-10
5555.69461827287  7.482616E-10
5558.48977889031  7.600803E-10
5561.28493950775  7.799401E-10
5564.08010012519  7.891482E-10
5566.87526074262  7.794279E-10
5569.67042136006  7.531367E-10
5572.4655819775  7.209323E-10
5575.26074259494  6.967673E-10
5578.05590321238  6.947391E-10
5580.85106382982  7.140266E-10
5583.64622444725  7.317899E-10
5586.44138506469  7.360093E-10
5589.23654568213  7.388264E-10
5592.03170629957  7.573441E-10
5594.82686691701  7.823370E-10
5597.62202753445  7.865158E-10
5600.41718815189  7.677630E-10
5603.21234876932  7.459431E-10
5606.00750938676  7.374708E-10
5608.8026700042  7.352578E-10
5611.59783062164  7.329027E-10
5614.39299123908  7.435274E-10
5617.18815185652  7.644395E-10
5619.98331247396  7.687222E-10
5622.7784730914  7.527819E-10
5625.57363370883  7.350242E-10
5628.36879432627  7.289194E-10
5631.16395494371  7.393406E-10
5633.95911556115  7.540699E-10
5636.75427617859  7.529593E-10
5639.54943679603  7.303160E-10
5642.34459741346  7.003659E-10
5645.1397580309  6.874403E-10
5647.93491864834  6.954713E-10
5650.73007926578  7.063515E-10
5653.52523988322  7.135473E-10
5656.32040050066  7.304929E-10
5659.11556111809  7.608108E-10
5661.91072173553  7.797203E-10
5664.70588235297  7.742985E-10
5667.50104297041  7.587260E-10
5670.29620358785  7.494725E-10
5673.09136420529  7.532849E-10
5675.88652482272  7.615010E-10
5678.68168544016  7.555646E-10
5681.4768460576  7.331581E-10
5684.27200667504  7.123542E-10
5687.06716729248  7.010096E-10
5689.86232790992  6.970155E-10
5692.65748852736  7.017054E-10
5695.4526491448  7.271553E-10
5698.24780976223  7.655606E-10
5701.04297037967  7.964476E-10
5703.83813099711  8.118980E-10
5706.63329161455  8.116612E-10
5709.42845223199  7.991077E-10
5712.22361284943  7.872656E-10
5715.01877346686  7.850276E-10
5717.8139340843  7.867270E-10
5720.60909470174  7.839211E-10
5723.40425531918  7.797676E-10
5726.19941593662  7.808387E-10
5728.99457655406  7.805158E-10
5731.7897371715  7.755587E-10
5734.58489778893  7.757213E-10
5737.38005840637  7.804561E-10
5740.17521902381  7.891668E-10
5742.97037964125  8.058589E-10
5745.76554025869  8.257040E-10
5748.56070087613  8.367482E-10
5751.35586149356  8.343957E-10
5754.151022111  8.212343E-10
5756.94618272844  7.981233E-10
5759.74134334588  7.614744E-10
5762.53650396332  7.301885E-10
5765.33166458076  7.344955E-10
5768.1268251982  7.669194E-10
5770.92198581563  7.976532E-10
5773.71714643307  8.185925E-10
5776.51230705051  8.362765E-10
5779.30746766795  8.517719E-10
5782.10262828539  8.572801E-10
5784.89778890283  8.515156E-10
5787.69294952027  8.450187E-10
5790.4881101377  8.377312E-10
5793.28327075514  8.354894E-10
5796.07843137258  8.517832E-10
5798.87359199002  8.770947E-10
5801.66875260746  8.898570E-10
5804.4639132249  8.892057E-10
5807.25907384234  8.834508E-10
5810.05423445977  8.731021E-10
5812.84939507721  8.632748E-10
5815.64455569465  8.668259E-10
5818.43971631209  8.792269E-10
5821.23487692953  8.743571E-10
5824.03003754697  8.433266E-10
5826.82519816441  8.017449E-10
5829.62035878184  7.684480E-10
5832.41551939928  7.536398E-10
5835.21068001672  7.621039E-10
5838.00584063416  7.772076E-10
5840.8010012516  7.881625E-10
5843.59616186904  8.035541E-10
5846.39132248647  8.198517E-10
5849.18648310391  8.168379E-10
5851.98164372135  7.921492E-10
5854.77680433879  7.627324E-10
5857.57196495623  7.326872E-10
5860.36712557367  6.821329E-10
5863.16228619111  6.125603E-10
5865.95744680854  5.728903E-10
5868.75260742598  5.926561E-10
5871.54776804342  6.498549E-10
5874.34292866086  7.155220E-10
5877.1380892783  7.608388E-10
5879.93324989574  7.806153E-10
5882.72841051317  7.859296E-10
5885.52357113061  7.835806E-10
5888.31873174805  7.813108E-10
5891.11389236549  7.866297E-10
5893.90905298293  7.969384E-10
5896.70421360037  8.037061E-10
5899.49937421781  8.077808E-10
5902.29453483524  8.086524E-10
5905.08969545268  8.106047E-10
5907.88485607012  8.147996E-10
5910.68001668756  8.205281E-10
5913.475177305  8.346143E-10
5916.27033792244  8.576432E-10
5919.06549853988  8.738860E-10
5921.86065915731  8.688784E-10
5924.65581977475  8.524478E-10
5927.45098039219  8.491143E-10
5930.24614100963  8.583652E-10
5933.04130162707  8.680159E-10
5935.83646224451  8.795200E-10
5938.63162286194  8.894916E-10
5941.42678347938  8.755798E-10
5944.22194409682  8.426546E-10
5947.01710471426  8.234983E-10
5949.8122653317  8.232010E-10
5952.60742594914  8.258395E-10
5955.40258656658  8.369396E-10
5958.19774718401  8.555670E-10
5960.99290780145  8.667548E-10
5963.78806841889  8.582350E-10
5966.58322903633  8.357620E-10
5969.37838965377  8.098431E-10
5972.17355027121  7.839187E-10
5974.96871088864  7.738161E-10
5977.76387150608  7.781323E-10
5980.55903212352  7.739238E-10
5983.35419274096  7.636210E-10
5986.1493533584  7.695750E-10
5988.94451397584  8.060093E-10
5991.73967459328  8.384120E-10
5994.53483521071  8.272563E-10
5997.32999582815  8.320868E-10
6000.12515644559  8.226543E-10
6002.92031706303  7.965433E-10
6005.71547768047  7.857368E-10
6008.51063829791  7.803133E-10
6011.30579891535  7.818056E-10
6014.10095953278  7.900834E-10
6016.89612015022  8.026474E-10
6019.69128076766  8.167480E-10
6022.4864413851  8.294487E-10
6025.28160200254  8.391967E-10
6028.07676261998  8.464741E-10
6030.87192323742  8.522054E-10
6033.66708385485  8.584394E-10
6036.46224447229  8.655767E-10
6039.25740508973  8.703469E-10
6042.05256570717  8.707039E-10
6044.84772632461  8.663872E-10
6047.64288694205  8.574272E-10
6050.43804755949  8.458036E-10
6053.23320817692  8.359379E-10
6056.02836879436  8.335794E-10
6058.8235294118  8.409627E-10
6061.61869002924  8.542670E-10
6064.41385064668  8.649008E-10
6067.20901126412  8.654751E-10
6070.00417188155  8.581723E-10
6072.79933249899  8.493073E-10
6075.59449311643  8.418110E-10
6078.38965373387  8.365248E-10
6081.18481435131  8.318899E-10
6083.97997496875  8.259591E-10
6086.77513558618  8.213666E-10
6089.57029620362  8.212579E-10
6092.36545682106  8.223054E-10
6095.1606174385  8.206542E-10
6097.95577805594  8.181864E-10
6100.75093867338  8.171790E-10
6103.54609929082  8.178118E-10
6106.34125990825  8.195739E-10
6109.13642052569  8.195598E-10
6111.93158114313  8.154998E-10
6114.72674176057  8.087375E-10
6117.52190237801  8.009122E-10
6120.31706299545  7.935421E-10
6123.11222361289  7.872317E-10
6125.90738423032  7.789316E-10
6128.70254484776  7.685989E-10
6131.4977054652  7.631921E-10
6134.29286608264  7.662497E-10
6137.08802670008  7.752378E-10
6139.88318731752  7.860276E-10
6142.67834793496  7.929060E-10
6145.47350855239  7.911802E-10
6148.26866916983  7.788769E-10
6151.06382978727  7.592078E-10
6153.85899040471  7.387867E-10
6156.65415102215  7.230997E-10
6159.44931163959  7.155925E-10
6162.24447225702  7.167518E-10
6165.03963287446  7.260008E-10
6167.8347934919  7.390948E-10
6170.62995410934  7.495288E-10
6173.42511472678  7.545591E-10
6176.22027534422  7.536539E-10
6179.01543596166  7.474950E-10
6181.81059657909  7.379510E-10
6184.60575719653  7.291298E-10
6187.40091781397  7.250583E-10
6190.19607843141  7.273166E-10
6192.99123904885  7.357009E-10
6195.78639966629  7.452729E-10
6198.58156028373  7.508594E-10
6201.37672090116  7.490712E-10
6204.1718815186  7.371786E-10
6206.96704213604  7.179197E-10
6209.76220275348  6.973345E-10
6212.55736337092  6.824807E-10
6215.35252398836  6.767752E-10
6218.1476846058  6.762439E-10
6220.94284522323  6.761015E-10
6223.73800584067  6.746134E-10
6226.53316645811  6.732379E-10
6229.32832707555  6.719386E-10
6232.12348769299  6.684607E-10
6234.91864831042  6.645731E-10
6237.71380892786  6.622566E-10
6240.5089695453  6.604388E-10
6243.30413016274  6.580761E-10
6246.09929078018  6.543718E-10
6248.89445139762  6.507644E-10
6251.68961201506  6.503941E-10
6254.48477263249  6.553056E-10
6257.27993324994  6.666111E-10
6260.07509386737  6.824117E-10
6262.87025448481  6.991432E-10
6265.66541510225  7.126468E-10
6268.46057571969  7.190179E-10
6271.25573633713  7.219611E-10
6274.05089695457  7.278636E-10
6276.846057572  7.374394E-10
6279.64121818944  7.488907E-10
6282.43637880688  7.572800E-10
6285.23153942432  7.579275E-10
6288.02670004176  7.515484E-10
6290.8218606592  7.411673E-10
6293.61702127663  7.319127E-10
6296.41218189407  7.280417E-10
6299.20734251151  7.322339E-10
6302.00250312895  7.445620E-10
6304.79766374639  7.560940E-10
6307.59282436383  7.597160E-10
6310.38798498126  7.581500E-10
6313.1831455987  7.560204E-10
6315.97830621614  7.581633E-10
6318.77346683358  7.656181E-10
6321.56862745102  7.732090E-10
6324.36378806846  7.778906E-10
6327.1589486859  7.802356E-10
6329.95410930333  7.810920E-10
6332.74926992077  7.817892E-10
6335.54443053821  7.823946E-10
6338.33959115565  7.808235E-10
6341.13475177309  7.766165E-10
6343.92991239053  7.723283E-10
6346.72507300797  7.685560E-10
6349.5202336254  7.636090E-10
6352.31539424284  7.566742E-10
6355.11055486028  7.468765E-10
6357.90571547772  7.406546E-10
6360.70087609516  7.488813E-10
6363.4960367126  7.687191E-10
6366.29119733003  7.900791E-10
6369.08635794747  8.082625E-10
6371.88151856491  8.218295E-10
6374.67667918235  8.310641E-10
6377.47183979979  8.349070E-10
6380.26700041723  8.312206E-10
6383.06216103467  8.210322E-10
6385.8573216521  8.083358E-10
6388.65248226954  7.981182E-10
6391.44764288698  7.958062E-10
6394.24280350442  8.022990E-10
6397.03796412186  8.116364E-10
6399.8331247393  8.189107E-10
6402.62828535674  8.216064E-10
6405.42344597418  8.185650E-10
6408.21860659161  8.122218E-10
6411.01376720905  8.057560E-10
6413.80892782649  8.027464E-10
6416.60408844393  8.049695E-10
6419.39924906137  8.104902E-10
6422.19440967881  8.171258E-10
6424.98957029624  8.230380E-10
6427.78473091368  8.276729E-10
6430.57989153112  8.317994E-10
6433.37505214856  8.351992E-10
6436.170212766  8.372096E-10
6438.96537338344  8.374206E-10
6441.76053400088  8.366446E-10
6444.55569461831  8.369063E-10
6447.35085523575  8.370102E-10
6450.14601585319  8.364023E-10
6452.94117647063  8.393496E-10
6455.73633708807  8.439973E-10
6458.53149770551  8.435567E-10
6461.32665832294  8.395971E-10
6464.12181894038  8.374015E-10
6466.91697955782  8.374544E-10
6469.71214017526  8.382366E-10
6472.5073007927  8.379059E-10
6475.30246141014  8.341786E-10
6478.09762202757  8.257479E-10
6480.89278264501  8.127700E-10
6483.68794326245  7.950914E-10
6486.48310387989  7.732017E-10
6489.27826449733  7.513233E-10
6492.07342511477  7.344153E-10
6494.8685857322  7.275697E-10
6497.66374634964  7.334631E-10
6500.45890696708  7.493417E-10
6503.25406758452  7.709376E-10
6506.04922820196  7.905715E-10
6508.8443888194  8.026252E-10
6511.63954943684  8.088184E-10
6514.43471005428  8.120856E-10
6517.22987067171  8.167318E-10
6520.02503128915  8.245643E-10
6522.82019190659  8.308080E-10
6525.61535252403  8.339890E-10
6528.41051314147  8.390237E-10
6531.20567375891  8.471675E-10
6534.00083437635  8.549391E-10
6536.79599499378  8.604465E-10
6539.59115561122  8.626909E-10
6542.38631622866  8.603085E-10
6545.1814768461  8.530809E-10
6547.97663746354  8.422578E-10
6550.77179808098  8.288170E-10
6553.56695869841  8.081816E-10
6556.36211931585  7.761755E-10
6559.15727993329  7.397888E-10
6561.95244055073  7.085818E-10
6564.74760116817  6.914213E-10
6567.54276178561  6.956689E-10
6570.33792240305  7.151984E-10
6573.13308302048  7.388239E-10
6575.92824363792  7.632599E-10
6578.72340425536  7.870284E-10
6581.5185648728  8.071538E-10
6584.31372549024  8.221313E-10
6587.10888610768  8.276649E-10
6589.90404672512  8.220042E-10
6592.69920734255  8.167153E-10
6595.49436795999  8.199218E-10
6598.28952857743  8.251765E-10
6601.08468919487  8.279795E-10
6603.87984981231  8.292564E-10
6606.67501042975  8.293141E-10
6609.47017104719  8.297455E-10
6612.26533166462  8.329851E-10
6615.06049228206  8.420050E-10
6617.8556528995  8.555088E-10
6620.65081351694  8.643178E-10
6623.44597413438  8.632164E-10
6626.24113475182  8.552222E-10
6629.03629536925  8.455802E-10
6631.83145598669  8.403815E-10
6634.62661660413  8.410045E-10
6637.42177722157  8.441206E-10
6640.21693783901  8.462646E-10
6643.01209845645  8.437162E-10
6645.80725907389  8.378773E-10
6648.60241969132  8.338650E-10
6651.39758030876  8.319739E-10
6654.1927409262  8.302010E-10
6656.98790154364  8.271009E-10
6659.78306216108  8.215005E-10
6662.57822277852  8.166561E-10
6665.37338339595  8.168685E-10
6668.16854401339  8.214775E-10
6670.96370463083  8.279691E-10
6673.75886524827  8.331403E-10
6676.55402586571  8.349795E-10
6679.34918648315  8.369812E-10
6682.14434710059  8.421655E-10
6684.93950771802  8.477435E-10
6687.73466833546  8.511494E-10
6690.5298289529  8.521306E-10
6693.32498957034  8.497551E-10
6696.12015018778  8.449798E-10
6698.91531080522  8.395892E-10
6701.71047142266  8.329819E-10
6704.50563204009  8.255543E-10
6707.30079265753  8.192103E-10
6710.09595327497  8.144683E-10
6712.89111389241  8.098481E-10
6715.68627450985  8.062848E-10
6718.48143512729  8.098731E-10
6721.27659574472  8.217527E-10
6724.07175636216  8.357362E-10
6726.8669169796  8.463874E-10
6729.66207759704  8.495870E-10
6732.45723821448  8.441977E-10
6735.25239883192  8.321234E-10
6738.04755944936  8.184801E-10
6740.84272006679  8.105387E-10
6743.63788068423  8.080130E-10
6746.43304130167  8.059369E-10
6749.22820191911  8.050840E-10
6752.02336253655  8.084811E-10
6754.81852315399  8.175914E-10
6757.61368377142  8.319739E-10
6760.40884438886  8.432278E-10
6763.2040050063  8.439336E-10
6765.99916562374  8.398575E-10
6768.79432624118  8.383357E-10
6771.58948685862  8.424970E-10
6774.38464747606  8.525426E-10
6777.17980809349  8.608551E-10
6779.97496871093  8.615851E-10
6782.77012932837  8.569762E-10
6785.56528994581  8.496381E-10
6788.36045056325  8.427437E-10
6791.15561118069  8.393414E-10
6793.95077179813  8.394465E-10
6796.74593241556  8.421483E-10
6799.541093033  8.454905E-10
6802.33625365044  8.482363E-10
6805.13141426788  8.516579E-10
6807.92657488532  8.564396E-10
6810.72173550276  8.619390E-10
6813.5168961202  8.670023E-10
6816.31205673763  8.687799E-10
6819.10721735507  8.664631E-10
6821.90237797251  8.640487E-10
6824.69753858995  8.632330E-10
6827.49269920739  8.608574E-10
6830.28785982483  8.565518E-10
6833.08302044227  8.541487E-10
6835.8781810597  8.536671E-10
6838.67334167714  8.514670E-10
6841.46850229458  8.487335E-10
6844.26366291202  8.485602E-10
6847.05882352946  8.495815E-10
6849.8539841469  8.506011E-10
6852.64914476433  8.516355E-10
6855.44430538177  8.527532E-10
6858.23946599921  8.566749E-10
6861.03462661665  8.645978E-10
6863.82978723409  8.745164E-10
6866.62494785153  8.831788E-10
6869.42010846896  8.812360E-10
6872.2152690864  8.639865E-10
6875.01042970384  8.474347E-10
6877.80559032128  8.454791E-10
6880.60075093872  8.525580E-10
6883.39591155616  8.632478E-10
6886.1910721736  8.760004E-10
6888.98623279103  8.880899E-10
6891.78139340847  8.966829E-10
6894.57655402591  8.998383E-10
6897.37171464335  9.026657E-10
6900.16687526079  9.092036E-10
6902.96203587823  9.124843E-10
6905.75719649567  9.080281E-10
6908.5523571131  8.994904E-10
6911.34751773054  8.895334E-10
6914.14267834798  8.813817E-10
6916.93783896542  8.771168E-10
6919.73299958286  8.718608E-10
6922.5281602003  8.631151E-10
6925.32332081774  8.556357E-10
6928.11848143517  8.520248E-10
6930.91364205261  8.515282E-10
6933.70880267005  8.528548E-10
6936.50396328749  8.537177E-10
6939.29912390493  8.506385E-10
6942.09428452237  8.406307E-10
6944.88944513981  8.275837E-10
6947.68460575724  8.182900E-10
6950.47976637468  8.154682E-10
6953.27492699212  8.199207E-10
6956.07008760956  8.287928E-10
6958.865248227  8.376386E-10
6961.66040884444  8.448642E-10
6964.45556946187  8.491609E-10
6967.25073007931  8.494447E-10
6970.04589069675  8.467378E-10
6972.84105131419  8.417502E-10
6975.63621193163  8.347747E-10
6978.43137254907  8.279114E-10
6981.22653316651  8.231367E-10
6984.02169378394  8.238611E-10
6986.81685440138  8.314085E-10
6989.61201501882  8.385862E-10
6992.40717563626  8.401681E-10
6995.2023362537  8.388947E-10
6997.99749687114  8.372463E-10
7000.79265748858  8.343941E-10
7003.58781810601  8.319849E-10
7006.38297872345  8.341501E-10
7009.17813934089  8.383653E-10
7011.97329995833  8.391905E-10
7014.76846057577  8.364272E-10
7017.56362119321  8.315840E-10
7020.35878181065  8.278638E-10
7023.15394242808  8.287839E-10
7025.94910304552  8.335240E-10
7028.74426366296  8.402827E-10
7031.5394242804  8.478349E-10
7034.33458489784  8.544772E-10
7037.12974551527  8.608901E-10
7039.92490613271  8.694853E-10
7042.72006675015  8.780988E-10
7045.51522736759  8.821757E-10
7048.31038798503  8.812525E-10
7051.10554860247  8.759026E-10
7053.90070921991  8.668364E-10
7056.69586983734  8.556287E-10
7059.49103045478  8.427180E-10
7062.28619107222  8.296906E-10
7065.08135168966  8.194303E-10
7067.8765123071  8.136648E-10
7070.67167292454  8.153023E-10
7073.46683354198  8.253608E-10
7076.26199415941  8.372415E-10
7079.05715477685  8.442448E-10
7081.85231539429  8.414551E-10
7084.64747601173  8.258815E-10
7087.44263662917  8.040779E-10
7090.23779724661  7.850018E-10
7093.03295786405  7.735805E-10
7095.82811848148  7.704329E-10
7098.62327909892  7.706927E-10
7101.41843971636  7.710305E-10
7104.2136003338  7.717681E-10
7107.00876095124  7.725185E-10
7109.80392156868  7.717832E-10
7112.59908218611  7.690046E-10
7115.39424280355  7.649716E-10
7118.18940342099  7.598686E-10
7120.98456403843  7.538084E-10
7123.77972465587  7.482759E-10
7126.57488527331  7.443290E-10
7129.37004589075  7.412722E-10
7132.16520650818  7.377153E-10
7134.96036712562  7.346960E-10
7137.75552774306  7.357603E-10
7140.5506883605  7.400296E-10
7143.34584897794  7.432423E-10
7146.14100959538  7.461546E-10
7148.93617021282  7.511539E-10
7151.73133083025  7.576078E-10
7154.52649144769  7.651207E-10
7157.32165206513  7.719429E-10
7160.11681268257  7.758028E-10
7162.91197330001  7.780446E-10
7165.70713391745  7.800786E-10
7168.50229453488  7.819784E-10
7171.29745515232  7.835639E-10
7174.09261576976  7.831460E-10
7176.8877763872  7.799623E-10
7179.68293700464  7.760054E-10
7182.47809762208  7.723880E-10
7185.27325823952  7.677607E-10
7188.06841885695  7.620219E-10
7190.86357947439  7.583223E-10
7193.65874009183  7.581024E-10
7196.45390070927  7.582455E-10
7199.24906132671  7.571237E-10
7202.04422194415  7.568923E-10
7204.83938256159  7.584884E-10
7207.63454317902  7.606343E-10
7210.42970379646  7.641799E-10
7213.2248644139  7.738091E-10
7216.02002503134  7.896092E-10
7218.81518564878  8.049780E-10
7221.61034626622  8.172120E-10
7224.40550688365  8.272659E-10
7227.20066750109  8.362511E-10
7229.99582811853  8.462295E-10
7232.79098873597  8.542138E-10
7235.58614935341  8.531381E-10
7238.38130997085  8.437699E-10
7241.17647058829  8.326235E-10
7243.97163120572  8.237017E-10
7246.76679182316  8.193459E-10
7249.5619524406  8.176428E-10
7252.35711305804  8.149617E-10
7255.15227367548  8.142206E-10
7257.94743429292  8.187028E-10
7260.74259491035  8.237369E-10
7263.53775552779  8.248788E-10
7266.33291614523  8.248327E-10
7269.12807676267  8.262866E-10
7271.92323738011  8.269118E-10
7274.71839799755  8.247460E-10
7277.51355861498  8.217281E-10
7280.30871923242  8.185390E-10
7283.10387984986  8.132682E-10
7285.8990404673  8.071159E-10
7288.69420108474  8.018005E-10
7291.48936170218  7.975725E-10
7294.28452231962  8.003720E-10
7297.07968293705  8.128178E-10
7299.87484355449  8.260788E-10
7302.67000417193  8.337324E-10
7305.46516478937  8.334232E-10
7308.26032540681  8.266319E-10
7311.05548602425  8.232087E-10
7313.85064664169  8.251225E-10
7316.64580725913  8.243682E-10
7319.44096787656  8.213299E-10
7322.236128494  8.220187E-10
7325.03128911144  8.265282E-10
7327.82644972888  8.315724E-10
7330.62161034632  8.361985E-10
7333.41677096376  8.412651E-10
7336.2119315812  8.478098E-10
7339.00709219863  8.562941E-10
7341.80225281607  8.636257E-10
7344.59741343351  8.655620E-10
7347.39257405095  8.618322E-10
7350.18773466839  8.541669E-10
7352.98289528583  8.446331E-10
7355.77805590326  8.358198E-10
7358.5732165207  8.316134E-10
7361.36837713814  8.351872E-10
7364.16353775558  8.426755E-10
7366.95869837302  8.487092E-10
7369.75385899046  8.586370E-10
7372.54901960789  8.773952E-10
7375.34418022533  8.941453E-10
7378.13934084277  9.006721E-10
7380.93450146021  8.998129E-10
7383.72966207765  8.918590E-10
7386.52482269509  8.798418E-10
7389.31998331253  8.701637E-10
7392.11514392996  8.646914E-10
7394.9103045474  8.636906E-10
7397.70546516484  8.683960E-10
7400.50062578228  8.784551E-10
7403.29578639972  8.905928E-10
7406.09094701716  8.998959E-10
7408.8861076346  9.010720E-10
7411.68126825204  8.927460E-10
7414.47642886947  8.771197E-10
7417.27158948691  8.603616E-10
7420.06675010435  8.521150E-10
7422.86191072179  8.554233E-10
7425.65707133923  8.677609E-10
7428.45223195667  8.834424E-10
7431.2473925741  8.950613E-10
7434.04255319154  9.005550E-10
7436.83771380898  9.004875E-10
7439.63287442642  8.963386E-10
7442.42803504386  8.914025E-10
7445.2231956613  8.902021E-10
7448.01835627874  8.956681E-10
7450.81351689617  9.028612E-10
7453.60867751361  9.053610E-10
7456.40383813105  9.020122E-10
7459.19899874849  8.937860E-10
7461.99415936593  8.845991E-10
7464.78931998337  8.791379E-10
7467.5844806008  8.782481E-10
7470.37964121824  8.803072E-10
7473.17480183568  8.844150E-10
7475.96996245312  8.903157E-10
7478.76512307056  8.946671E-10
7481.560283688  8.942548E-10
7484.35544430543  8.910717E-10
7487.15060492287  8.873683E-10
7489.94576554031  8.830291E-10
7492.74092615775  8.798566E-10
7495.53608677519  8.811405E-10
7498.33124739263  8.872078E-10
7501.12640801007  8.965543E-10
7503.9215686275  9.060234E-10
7506.71672924494  9.099020E-10
7509.51188986238  9.083115E-10
7512.30705047982  9.070883E-10
7515.10221109726  9.092341E-10
7517.8973717147  9.157989E-10
7520.69253233213  9.235239E-10
7523.48769294957  9.262964E-10
7526.28285356701  9.257185E-10
7529.07801418445  9.261242E-10
7531.87317480189  9.267802E-10
7534.66833541933  9.273747E-10
7537.46349603677  9.296885E-10
7540.25865665421  9.336960E-10
7543.05381727164  9.367865E-10
7545.84897788908  9.362384E-10
7548.64413850652  9.306408E-10
7551.43929912396  9.214117E-10
7554.2344597414  9.152553E-10
7557.02962035884  9.167059E-10
7559.82478097627  9.237290E-10
7562.61994159371  9.325571E-10
7565.41510221115  9.374375E-10
7568.21026282859  9.348875E-10
7571.00542344603  9.272011E-10
7573.80058406347  9.182121E-10
7576.59574468091  9.146868E-10
7579.39090529835  9.200165E-10
7582.18606591578  9.268642E-10
7584.98122653322  9.317754E-10
7587.77638715066  9.415371E-10
7590.5715477681  9.587708E-10
7593.36670838554  9.854947E-10
7596.16186900298  1.012995E-9
7598.95702962041  1.016881E-9
7601.75219023785  9.885539E-10
7604.54735085529  9.289921E-10
7607.34251147273  8.584184E-10
7610.13767209017  8.158499E-10
7612.93283270761  8.045632E-10
7615.72799332504  8.076132E-10
7618.52315394248  8.279354E-10
7621.31831455992  8.589839E-10
7624.11347517736  8.862999E-10
7626.9086357948  9.012011E-10
7629.70379641224  9.026592E-10
7632.49895702968  9.008928E-10
7635.29411764712  9.010892E-10
7638.08927826455  9.025348E-10
7640.88443888199  9.048466E-10
7643.67959949943  9.063950E-10
7646.47476011687  9.045403E-10
7649.26992073431  8.974502E-10
7652.06508135175  8.871435E-10
7654.86024196918  8.766653E-10
7657.65540258662  8.644593E-10
7660.45056320406  8.497419E-10
7663.2457238215  8.397619E-10
7666.04088443894  8.409669E-10
7668.83604505638  8.544665E-10
7671.63120567381  8.783048E-10
7674.42636629125  9.021092E-10
7677.22152690869  9.175170E-10
7680.01668752613  9.264817E-10
7682.81184814357  9.311289E-10
7685.60700876101  9.322139E-10
7688.40216937844  9.315290E-10
7691.19732999588  9.295992E-10
7693.99249061332  9.258383E-10
7696.78765123076  9.210190E-10
7699.5828118482  9.160822E-10
7702.37797246564  9.110035E-10
7705.17313308308  9.069263E-10
7707.96829370052  9.032936E-10
7710.76345431795  8.980131E-10
7713.55861493539  8.919629E-10
7716.35377555283  8.869222E-10
7719.14893617027  8.844530E-10
7721.94409678771  8.868100E-10
7724.73925740515  8.943642E-10
7727.53441802258  9.050445E-10
7730.32957864002  9.167608E-10
7733.12473925746  9.278150E-10
7735.9198998749  9.366183E-10
7738.71506049234  9.401708E-10
7741.51022110978  9.358190E-10
7744.30538172722  9.253409E-10
7747.10054234465  9.122358E-10
7749.89570296209  9.009227E-10
7752.69086357953  8.954986E-10
7755.48602419697  8.981307E-10
7758.28118481441  9.095923E-10
7761.07634543185  9.249815E-10
7763.87150604929  9.383264E-10
7766.66666666672  9.488673E-10
7769.46182728416  9.577651E-10
7772.2569879016  9.654030E-10
7775.05214851904  9.686468E-10
7777.84730913648  9.635447E-10
7780.64246975392  9.519073E-10
7783.43763037136  9.390291E-10
7786.23279098879  9.291972E-10
7789.02795160623  9.246044E-10
7791.82311222367  9.246098E-10
7794.61827284111  9.276239E-10
7797.41343345855  9.317058E-10
7800.20859407599  9.347915E-10
7803.00375469342  9.366193E-10
7805.79891531086  9.372607E-10
7808.5940759283  9.367044E-10
7811.38923654574  9.352044E-10
7814.18439716318  9.361937E-10
7816.97955778062  9.453500E-10
7819.77471839806  9.591863E-10
7822.5698790155  9.685631E-10
7825.36503963293  9.679221E-10
7828.16020025037  9.546212E-10
7830.95536086781  9.331875E-10
7833.75052148525  9.127835E-10
7836.54568210269  9.015522E-10
7839.34084272012  9.028201E-10
7842.13600333756  9.114989E-10
7844.931163955  9.207713E-10
7847.72632457244  9.246054E-10
7850.52148518988  9.205561E-10
7853.31664580732  9.120370E-10
7856.11180642476  9.026840E-10
7858.90696704219  8.986131E-10
7861.70212765963  9.035473E-10
7864.49728827707  9.110061E-10
7867.29244889451  9.136436E-10
7870.08760951195  9.098280E-10
7872.88277012939  9.016946E-10
7875.67793074683  8.916795E-10
7878.47309136426  8.799800E-10
7881.2682519817  8.680628E-10
7884.06341259914  8.592522E-10
7886.85857321658  8.560219E-10
7889.65373383402  8.563888E-10
7892.44889445146  8.527802E-10
7895.2440550689  8.431951E-10
7898.03921568633  8.333439E-10
7900.83437630377  8.261318E-10
7903.62953692121  8.228861E-10
7906.42469753865  8.228948E-10
7909.21985815609  8.209927E-10
7912.01501877353  8.156298E-10
7914.81017939096  8.093785E-10
7917.6053400084  8.046789E-10
7920.40050062584  8.035058E-10
7923.19566124328  8.070063E-10
7925.99082186072  8.146689E-10
7928.78598247816  8.210225E-10
7931.58114309559  8.210418E-10
7934.37630371303  8.163915E-10
7937.17146433047  8.105469E-10
7939.96662494791  8.033649E-10
7942.76178556535  7.921416E-10
7945.55694618279  7.830925E-10
7948.35210680023  7.853841E-10
7951.14726741766  7.949409E-10
7953.9424280351  8.045831E-10
7956.73758865254  8.101261E-10
7959.53274926998  8.097021E-10
7962.32790988742  8.097485E-10
7965.12307050486  8.154200E-10
7967.9182311223  8.238943E-10
7970.71339173973  8.325799E-10
7973.50855235717  8.415976E-10
7976.30371297461  8.503743E-10
7979.09887359205  8.553270E-10
7981.89403420949  8.544525E-10
7984.68919482693  8.503684E-10
7987.48435544436  8.462667E-10
7990.2795160618  8.452959E-10
7993.07467667924  8.469264E-10
7995.86983729668  8.450033E-10
7998.66499791412  8.389150E-10
8001.46015853156  8.364174E-10
8004.255319149  8.408885E-10
8007.05047976643  8.483674E-10
8009.84564038387  8.573030E-10
8012.64080100131  8.700370E-10
8015.43596161875  8.818911E-10
8018.23112223619  8.833567E-10
8021.02628285363  8.739997E-10
8023.82144347107  8.593934E-10
8026.6166040885  8.454061E-10
8029.41176470594  8.375808E-10
8032.20692532338  8.399260E-10
8035.00208594082  8.530512E-10
8037.79724655826  8.650034E-10
8040.5924071757  8.635122E-10
8043.38756779314  8.523690E-10
8046.18272841057  8.390575E-10
8048.97788902801  8.308764E-10
8051.77304964545  8.335829E-10
8054.56821026289  8.449811E-10
8057.36337088033  8.598671E-10
8060.15853149777  8.697474E-10
8062.9536921152  8.682273E-10
8065.74885273264  8.569457E-10
8068.54401335008  8.397296E-10
8071.33917396752  8.217513E-10
8074.13433458496  8.080352E-10
8076.9294952024  8.028150E-10
8079.72465581983  8.065351E-10
8082.51981643727  8.130431E-10
8085.31497705471  8.165705E-10
8088.11013767215  8.132333E-10
8090.90529828959  8.034287E-10
8093.70045890703  7.928507E-10
8096.49561952446  7.852273E-10
8099.2907801419  7.823429E-10
8102.08594075934  7.845823E-10
8104.88110137678  7.896014E-10
8107.67626199422  7.919352E-10
8110.47142261166  7.864265E-10
8113.2665832291  7.768732E-10
8116.06174384654  7.699553E-10
8118.85690446398  7.688769E-10
8121.65206508141  7.762507E-10
8124.44722569885  7.881336E-10
8127.24238631629  7.972779E-10
8130.03754693373  8.026638E-10
8132.83270755117  8.057364E-10
8135.62786816861  8.064781E-10
8138.42302878605  8.047223E-10
8141.21818940348  8.026178E-10
8144.01335002092  8.031550E-10
8146.80851063836  8.052679E-10
8149.6036712558  8.071835E-10
8152.39883187324  8.116807E-10
8155.19399249068  8.194567E-10
8157.98915310811  8.243006E-10
8160.78431372555  8.225461E-10
8163.57947434299  8.155027E-10
8166.37463496043  8.055310E-10
8169.16979557787  8.002954E-10
8171.96495619531  8.038170E-10
8174.76011681274  8.076796E-10
8177.55527743018  8.063005E-10
8180.35043804762  8.019548E-10
8183.14559866506  7.967036E-10
8185.9407592825  7.938840E-10
8188.73591989994  7.949901E-10
8191.53108051738  7.973783E-10
8194.32624113481  7.975248E-10
8197.12140175225  7.912307E-10
8199.91656236969  7.804981E-10
8202.71172298713  7.729610E-10
8205.50688360457  7.717904E-10
8208.30204422201  7.766994E-10
8211.09720483945  7.875287E-10
8213.89236545688  8.032021E-10
8216.68752607432  8.220064E-10
8219.48268669176  8.433194E-10
8222.2778473092  8.596280E-10
8225.07300792664  8.576632E-10
8227.86816854408  8.425847E-10
8230.66332916151  8.261792E-10
8233.45848977895  8.119361E-10
8236.25365039639  8.082852E-10
8239.04881101383  8.146310E-10
8241.84397163127  8.236276E-10
8244.63913224871  8.339974E-10
8247.43429286614  8.418347E-10
8250.22945348358  8.418107E-10
8253.02461410102  8.345444E-10
8255.81977471846  8.282746E-10
8258.6149353359  8.286530E-10
8261.41009595334  8.364499E-10
8264.20525657078  8.513966E-10
8267.00041718821  8.654205E-10
8269.79557780565  8.703030E-10
8272.59073842309  8.651059E-10
8275.38589904053  8.517945E-10
8278.18105965797  8.358205E-10
8280.97622027541  8.236666E-10
8283.77138089285  8.211862E-10
8286.56654151029  8.274609E-10
8289.36170212772  8.321769E-10
8292.15686274516  8.310045E-10
8294.9520233626  8.276306E-10
8297.74718398004  8.217261E-10
8300.54234459748  8.111405E-10
8303.33750521492  7.994548E-10
8306.13266583235  7.922832E-10
8308.92782644979  7.914457E-10
8311.72298706723  7.950381E-10
8314.51814768467  8.001109E-10
8317.31330830211  8.051246E-10
8320.10846891955  8.068561E-10
8322.90362953698  8.025505E-10
8325.69879015442  7.969009E-10
8328.49395077186  7.944776E-10
8331.2891113893  7.933561E-10
8334.08427200674  7.916667E-10
8336.87943262418  7.930804E-10
8339.67459324162  8.008493E-10
8342.46975385905  8.081217E-10
8345.26491447649  8.080167E-10
8348.06007509393  8.036152E-10
8350.85523571137  7.992049E-10
8353.65039632881  7.985001E-10
8356.44555694625  8.033745E-10
8359.24071756369  8.086816E-10
8362.03587818112  8.104983E-10
8364.83103879856  8.106162E-10
8367.626199416  8.109395E-10
8370.42136003344  8.133004E-10
8373.21652065088  8.175036E-10
8376.01168126832  8.191005E-10
8378.80684188576  8.157562E-10
8381.60200250319  8.077017E-10
8384.39716312063  7.975614E-10
8387.19232373807  7.922116E-10
8389.98748435551  7.948588E-10
8392.78264497295  8.047054E-10
8395.57780559039  8.177009E-10
8398.37296620782  8.254491E-10
8401.16812682526  8.268967E-10
8403.9632874427  8.274866E-10
8406.75844806014  8.292384E-10
8409.55360867758  8.326148E-10
8412.34876929502  8.371895E-10
8415.14392991246  8.408915E-10
8417.93909052989  8.403039E-10
8420.73425114733  8.331732E-10
8423.52941176477  8.239577E-10
8426.32457238221  8.177253E-10
8429.11973299965  8.140095E-10
8431.91489361709  8.119895E-10
8434.71005423453  8.098894E-10
8437.50521485196  8.059505E-10
8440.3003754694  8.067357E-10
8443.09553608684  8.178058E-10
8445.89069670428  8.316654E-10
8448.68585732172  8.403812E-10
8451.48101793916  8.425619E-10
8454.27617855659  8.388392E-10
8457.07133917403  8.337440E-10
8459.86649979147  8.310961E-10
8462.66166040891  8.307432E-10
8465.45682102635  8.326259E-10
8468.25198164379  8.352825E-10
8471.04714226122  8.372769E-10
8473.84230287866  8.422668E-10
8476.6374634961  8.507997E-10
8479.43262411354  8.552183E-10
8482.22778473098  8.523995E-10
8485.02294534842  8.460473E-10
8487.81810596586  8.358306E-10
8490.61326658329  8.188177E-10
8493.40842720073  7.947498E-10
8496.20358781817  7.634484E-10
8498.99874843561  7.343777E-10
8501.79390905305  7.242039E-10
8504.58906967049  7.357647E-10
8507.38423028793  7.629624E-10
8510.17939090537  7.910291E-10
8512.9745515228  8.012554E-10
8515.76971214024  7.974659E-10
8518.56487275768  7.935752E-10
8521.36003337512  7.929243E-10
8524.15519399256  7.946406E-10
8526.95035461  7.942048E-10
8529.74551522744  7.864082E-10
8532.54067584487  7.668886E-10
8535.33583646231  7.329085E-10
8538.13099707975  6.856444E-10
8540.92615769719  6.318903E-10
8543.72131831463  5.957254E-10
8546.51647893207  5.957043E-10
8549.3116395495  6.273299E-10
8552.10680016694  6.804251E-10
8554.90196078438  7.333584E-10
8557.69712140182  7.696810E-10
8560.49228201926  7.939585E-10
8563.2874426367  8.114553E-10
8566.08260325413  8.267845E-10
8568.87776387157  8.408981E-10
8571.67292448901  8.480305E-10
8574.46808510645  8.478132E-10
8577.26324572389  8.427784E-10
8580.05840634133  8.355256E-10
8582.85356695876  8.316313E-10
8585.6487275762  8.319886E-10
8588.44388819364  8.316643E-10
8591.23904881108  8.301976E-10
8594.03420942852  8.312764E-10
8596.82937004596  8.345261E-10
8599.62453066339  8.368189E-10
8602.41969128083  8.372529E-10
8605.21485189828  8.366058E-10
8608.01001251571  8.352175E-10
8610.80517313315  8.329305E-10
8613.60033375059  8.317756E-10
8616.39549436803  8.344541E-10
8619.19065498546  8.408635E-10
8621.98581560291  8.500270E-10
8624.78097622034  8.590785E-10
8627.57613683778  8.637585E-10
8630.37129745522  8.632584E-10
8633.16645807266  8.607889E-10
8635.9616186901  8.602534E-10
8638.75677930754  8.630988E-10
8641.55193992497  8.666382E-10
8644.34710054241  8.633239E-10
8647.14226115985  8.467994E-10
8649.93742177729  8.183915E-10
8652.73258239473  7.850811E-10
8655.52774301217  7.515000E-10
8658.32290362961  7.122412E-10
8661.11806424704  6.684204E-10
8663.91322486448  6.407105E-10
8666.70838548192  6.414232E-10
8669.50354609936  6.668027E-10
8672.2987067168  7.072199E-10
8675.09386733424  7.447027E-10
8677.88902795168  7.700067E-10
8680.68418856911  7.862505E-10
8683.47934918655  7.963766E-10
8686.27450980399  8.019200E-10
8689.06967042143  8.051303E-10
8691.86483103887  8.116961E-10
8694.65999165631  8.225931E-10
8697.45515227374  8.316390E-10
8700.25031289118  8.359825E-10
8703.04547350862  8.371537E-10
8705.84063412606  8.371974E-10
8708.6357947435  8.393981E-10
8711.43095536094  8.457733E-10
8714.22611597837  8.539245E-10
8717.02127659581  8.618760E-10
8719.81643721325  8.691586E-10
8722.61159783069  8.729329E-10
8725.40675844813  8.707254E-10
8728.20191906557  8.625983E-10
8730.99707968301  8.499602E-10
8733.79224030045  8.361639E-10
8736.58740091788  8.250367E-10
8739.38256153532  8.213761E-10
8742.17772215276  8.268295E-10
8744.9728827702  8.325934E-10
8747.76804338764  8.318066E-10
8750.56320400508  8.277968E-10
8753.35836462251  8.245356E-10
8756.15352523995  8.255714E-10
8758.94868585739  8.325352E-10
8761.74384647483  8.413690E-10
8764.53900709227  8.496053E-10
8767.33416770971  8.586322E-10
8770.12932832714  8.669731E-10
8772.92448894458  8.704432E-10
8775.71964956202  8.705033E-10
8778.51481017946  8.733419E-10
8781.3099707969  8.796838E-10
8784.10513141434  8.872665E-10
8786.90029203178  8.930143E-10
8789.69545264921  8.900107E-10
8792.49061326665  8.794182E-10
8795.28577388409  8.707218E-10
8798.08093450153  8.643784E-10
8800.87609511897  8.554382E-10
8803.67125573641  8.473944E-10
8806.46641635385  8.459086E-10
8809.26157697128  8.528419E-10
8812.05673758872  8.689507E-10
8814.85189820616  8.842403E-10
8817.6470588236  8.860754E-10
8820.44221944104  8.793461E-10
8823.23738005848  8.736576E-10
8826.03254067591  8.721240E-10
8828.82770129335  8.755071E-10
8831.62286191079  8.796597E-10
8834.41802252823  8.800154E-10
8837.21318314567  8.727557E-10
8840.00834376311  8.566538E-10
8842.80350438054  8.441571E-10
8845.59866499798  8.457114E-10
8848.39382561542  8.546335E-10
8851.18898623286  8.625802E-10
8853.9841468503  8.678300E-10
8856.77930746774  8.708302E-10
8859.57446808518  8.714896E-10
8862.36962870261  8.706100E-10
8865.16478932005  8.704533E-10
8867.95994993749  8.710606E-10
8870.75511055493  8.737585E-10
8873.55027117237  8.793119E-10
8876.34543178981  8.824955E-10
8879.14059240724  8.831199E-10
8881.93575302469  8.872442E-10
8884.73091364212  8.960593E-10
8887.52607425956  9.083680E-10
8890.321234877  9.183083E-10
8893.11639549444  9.164661E-10
8895.91155611188  9.084339E-10
8898.70671672932  9.068419E-10
8901.50187734676  9.104920E-10
8904.29703796419  9.126645E-10
8907.09219858163  9.134093E-10
8909.88735919907  9.149421E-10
8912.68251981651  9.127749E-10
8915.47768043395  9.012356E-10
8918.27284105139  8.869814E-10
8921.06800166883  8.798171E-10
8923.86316228626  8.784629E-10
8926.6583229037  8.784093E-10
8929.45348352114  8.792036E-10
8932.24864413858  8.796640E-10
8935.04380475602  8.794800E-10
8937.83896537346  8.826292E-10
8940.63412599089  8.859055E-10
8943.42928660833  8.817497E-10
8946.22444722577  8.736951E-10
8949.01960784321  8.690862E-10
8951.81476846065  8.728752E-10
8954.60992907809  8.847201E-10
8957.40508969552  8.953844E-10
8960.20025031296  8.996887E-10
8962.9954109304  8.981317E-10
8965.79057154784  8.898638E-10
8968.58573216528  8.766471E-10
8971.38089278272  8.633512E-10
8974.17605340015  8.552720E-10
8976.97121401759  8.538505E-10
8979.76637463503  8.563684E-10
8982.56153525247  8.594372E-10
8985.35669586991  8.588899E-10
8988.15185648735  8.536062E-10
8990.94701710479  8.451835E-10
8993.74217772222  8.379880E-10
8996.53733833966  8.379244E-10
8999.3324989571  8.374559E-10
9002.12765957454  8.285121E-10
9004.92282019198  8.167322E-10
9007.71798080942  8.064895E-10
9010.51314142686  8.001526E-10
9013.30830204429  7.986156E-10
9016.10346266173  8.001549E-10
9018.89862327917  8.035787E-10
9021.69378389661  8.028485E-10
9024.48894451405  7.959954E-10
9027.28410513149  7.917896E-10
9030.07926574893  7.956639E-10
9032.87442636636  8.081711E-10
9035.6695869838  8.296450E-10
9038.46474760124  8.577241E-10
9041.25990821868  8.877508E-10
9044.05506883612  9.099046E-10
9046.85022945356  9.164309E-10
9049.645390071  9.112818E-10
9052.44055068843  9.015846E-10
9055.23571130587  8.922814E-10
9058.03087192331  8.869289E-10
9060.82603254075  8.859654E-10
9063.62119315819  8.876297E-10
9066.41635377563  8.897578E-10
9069.21151439306  8.896908E-10
9072.0066750105  8.851084E-10
9074.80183562794  8.762031E-10
9077.59699624538  8.647325E-10
9080.39215686282  8.527011E-10
9083.18731748026  8.412548E-10
9085.9824780977  8.308552E-10
9088.77763871513  8.237712E-10
9091.57279933257  8.245404E-10
9094.36795995001  8.360264E-10
9097.16312056745  8.524560E-10
9099.95828118489  8.645227E-10
9102.75344180233  8.672432E-10
9105.54860241976  8.578147E-10
9108.3437630372  8.419196E-10
9111.13892365464  8.310583E-10
9113.93408427208  8.277937E-10
9116.72924488952  8.285669E-10
9119.52440550696  8.314223E-10
9122.31956612439  8.366339E-10
9125.11472674183  8.445601E-10
9127.90988735927  8.516950E-10
9130.70504797671  8.488122E-10
9133.50020859415  8.311469E-10
9136.29536921159  8.086985E-10
9139.09052982903  7.917997E-10
9141.88569044647  7.838942E-10
9144.68085106391  7.840038E-10
9147.47601168134  7.805321E-10
9150.27117229878  7.681584E-10
9153.06633291622  7.552479E-10
9155.86149353366  7.483315E-10
9158.6566541511  7.524226E-10
9161.45181476854  7.617471E-10
9164.24697538597  7.589200E-10
9167.04213600341  7.429476E-10
9169.83729662085  7.232934E-10
9172.63245723829  7.070746E-10
9175.42761785573  7.013074E-10
9178.22277847317  7.073138E-10
9181.0179390906  7.240648E-10
9183.81309970804  7.427263E-10
9186.60826032548  7.486601E-10
9189.40342094292  7.441532E-10
9192.19858156036  7.401909E-10
9194.9937421778  7.383872E-10
9197.78890279524  7.354078E-10
9200.58406341267  7.313032E-10
9203.37922403011  7.288449E-10
9206.17438464755  7.246821E-10
9208.96954526499  7.141293E-10
9211.76470588243  7.026039E-10
9214.55986649987  6.965946E-10
9217.3550271173  6.984632E-10
9220.15018773474  7.086304E-10
9222.94534835218  7.174749E-10
9225.74050896962  7.170584E-10
9228.53566958706  7.141208E-10
9231.3308302045  7.148973E-10
9234.12599082194  7.231907E-10
9236.92115143937  7.407606E-10
9239.71631205681  7.519099E-10
9242.51147267425  7.455234E-10
9245.30663329169  7.341158E-10
9248.10179390913  7.264883E-10
9250.89695452657  7.250867E-10
9253.69211514401  7.326187E-10
9256.48727576144  7.392232E-10
9259.28243637888  7.393331E-10
9262.07759699632  7.434149E-10
9264.87275761376  7.546024E-10
9267.6679182312  7.660066E-10
9270.46307884864  7.728908E-10
9273.25823946607  7.736272E-10
9276.05340008351  7.703717E-10
9278.84856070095  7.637221E-10
9281.64372131839  7.511793E-10
9284.43888193583  7.348467E-10
9287.23404255327  7.222679E-10
9290.0292031707  7.192811E-10
9292.82436378814  7.247968E-10
9295.61952440558  7.347983E-10
9298.41468502302  7.413238E-10
9301.20984564046  7.359925E-10
9304.0050062579  7.260975E-10
9306.80016687534  7.241091E-10
9309.59532749277  7.277072E-10
9312.39048811021  7.297211E-10
9315.18564872765  7.247094E-10
9317.98080934509  7.093670E-10
9320.77596996253  6.953277E-10
9323.57113057997  6.933238E-10
9326.36629119741  6.985950E-10
9329.16145181485  7.097307E-10
9331.95661243228  7.211968E-10
9334.75177304972  7.241163E-10
9337.54693366716  7.206187E-10
9340.3420942846  7.071389E-10
9343.13725490204  6.871392E-10
9345.93241551948  6.755803E-10
9348.72757613691  6.762499E-10
9351.52273675435  6.846418E-10
9354.31789737179  6.852645E-10
9357.11305798923  6.683906E-10
9359.90821860667  6.538812E-10
9362.70337922411  6.534837E-10
9365.49853984154  6.550478E-10
9368.29370045898  6.529308E-10
9371.08886107642  6.493120E-10
9373.88402169386  6.472429E-10
9376.6791823113  6.528582E-10
9379.47434292874  6.606389E-10
9382.26950354618  6.562215E-10
9385.06466416361  6.464125E-10
9387.85982478105  6.501442E-10
9390.65498539849  6.659500E-10
9393.45014601593  6.843874E-10
9396.24530663337  7.020487E-10
9399.04046725081  7.115006E-10
9401.83562786825  7.099373E-10
9404.63078848568  7.001512E-10
9407.42594910312  6.864087E-10
9410.22110972056  6.755866E-10
9413.016270338  6.713048E-10
9415.81143095544  6.750197E-10
9418.60659157288  6.827424E-10
9421.40175219032  6.886191E-10
9424.19691280776  6.901522E-10
9426.99207342519  6.826367E-10
9429.78723404263  6.711832E-10
9432.58239466007  6.674354E-10
9435.37755527751  6.676127E-10
9438.17271589495  6.628419E-10
9440.96787651239  6.504942E-10
9443.76303712982  6.359982E-10
9446.55819774726  6.388581E-10
9449.3533583647  6.629458E-10
9452.14851898214  6.830005E-10
9454.94367959958  6.871378E-10
9457.73884021702  6.829399E-10
9460.53400083445  6.768276E-10
9463.32916145189  6.746952E-10
9466.12432206933  6.767353E-10
9468.91948268677  6.825880E-10
9471.71464330421  6.927287E-10
9474.50980392165  6.985947E-10
9477.30496453909  6.980286E-10
9480.10012515652  6.906385E-10
9482.89528577396  6.799799E-10
9485.6904463914  6.872389E-10
9488.48560700884  7.113429E-10
9491.28076762628  7.339919E-10
9494.07592824372  7.476559E-10
9496.87108886116  7.306787E-10
9499.66624947859  6.963089E-10
9502.46141009603  6.908928E-10
9505.25657071347  7.092965E-10
9508.05173133091  7.331265E-10
9510.84689194835  7.509439E-10
9513.64205256579  7.489543E-10
9516.43721318322  7.360373E-10
9519.23237380066  7.220062E-10
9522.0275344181  7.085446E-10
9524.82269503554  7.040334E-10
9527.61785565298  7.058732E-10
9530.41301627042  7.069296E-10
9533.20817688785  7.084384E-10
9536.00333750529  7.118143E-10
9538.79849812273  7.104278E-10
9541.59365874017  7.030443E-10
9544.38881935761  6.981377E-10
9547.18397997505  6.980204E-10
9549.97914059249  6.972192E-10
9552.77430120993  6.957688E-10
9555.56946182736  7.002881E-10
9558.3646224448  7.113918E-10
9561.15978306224  7.241720E-10
9563.95494367968  7.327673E-10
9566.75010429712  7.247306E-10
9569.54526491456  7.052248E-10
9572.34042553199  7.035340E-10
9575.13558614943  7.217518E-10
9577.93074676687  7.376152E-10
9580.72590738431  7.457219E-10
9583.52106800175  7.492403E-10
9586.31622861919  7.486062E-10
9589.11138923662  7.464053E-10
9591.90654985406  7.408022E-10
9594.7017104715  7.297727E-10
9597.49687108894  7.182430E-10
9600.29203170638  7.106504E-10
9603.08719232382  7.098152E-10
9605.88235294126  7.176985E-10
9608.67751355869  7.303664E-10
9611.47267417613  7.429484E-10
9614.26783479357  7.525581E-10
9617.06299541101  7.569245E-10
9619.85815602845  7.535197E-10
9622.65331664589  7.422479E-10
9625.44847726333  7.348414E-10
9628.24363788076  7.390567E-10
9631.0387984982  7.462123E-10
9633.83395911564  7.501983E-10
9636.62911973308  7.421849E-10
9639.42428035052  7.176670E-10
9642.21944096796  6.988294E-10
9645.0146015854  6.965623E-10
9647.80976220284  6.966550E-10
9650.60492282027  6.986274E-10
9653.40008343771  7.096490E-10
9656.19524405515  7.234136E-10
9658.99040467259  7.311950E-10
9661.78556529003  7.337631E-10
9664.58072590747  7.348244E-10
9667.3758865249  7.347387E-10
9670.17104714234  7.368307E-10
9672.96620775978  7.415424E-10
9675.76136837722  7.417447E-10
9678.55652899466  7.393623E-10
9681.3516896121  7.432118E-10
9684.14685022953  7.484379E-10
9686.94201084697  7.450375E-10
9689.73717146441  7.353437E-10
9692.53233208185  7.260403E-10
9695.32749269929  7.206372E-10
9698.12265331673  7.202779E-10
9700.91781393417  7.226189E-10
9703.7129745516  7.267806E-10
9706.50813516904  7.338548E-10
9709.30329578648  7.412602E-10
9712.09845640392  7.477362E-10
9714.89361702136  7.567783E-10
9717.6887776388  7.671195E-10
9720.48393825624  7.727937E-10
9723.27909887367  7.708723E-10
9726.07425949111  7.619422E-10
9728.86942010855  7.502330E-10
9731.66458072599  7.405314E-10
9734.45974134343  7.352981E-10
9737.25490196087  7.332134E-10
9740.05006257831  7.311093E-10
9742.84522319574  7.297422E-10
9745.64038381318  7.304182E-10
9748.43554443062  7.350874E-10
9751.23070504806  7.467245E-10
9754.0258656655  7.593444E-10
9756.82102628294  7.628649E-10
9759.61618690037  7.550379E-10
9762.41134751781  7.379194E-10
9765.20650813525  7.199673E-10
9768.00166875269  7.137066E-10
9770.79682937013  7.213248E-10
9773.59198998757  7.382297E-10
9776.38715060501  7.543196E-10
9779.18231122244  7.549333E-10
9781.97747183988  7.442036E-10
9784.77263245732  7.372489E-10
9787.56779307476  7.371093E-10
9790.3629536922  7.440162E-10
9793.15811430964  7.553728E-10
9795.95327492708  7.621241E-10
9798.74843554451  7.649678E-10
9801.54359616195  7.723030E-10
9804.33875677939  7.810056E-10
9807.13391739683  7.835508E-10
9809.92907801427  7.815957E-10
9812.72423863171  7.788192E-10
9815.51939924914  7.772958E-10
9818.31455986658  7.794855E-10
9821.10972048402  7.843239E-10
9823.90488110146  7.875537E-10
9826.7000417189  7.845833E-10
9829.49520233634  7.756055E-10
9832.29036295377  7.693815E-10
9835.08552357121  7.717646E-10
9837.88068418865  7.811422E-10
9840.67584480609  7.929790E-10
9843.47100542353  7.982676E-10
9846.26616604097  7.952954E-10
9849.06132665841  7.944747E-10
9851.85648727584  7.988986E-10
9854.65164789328  8.023081E-10
9857.44680851072  8.041274E-10
9860.24196912816  8.078594E-10
9863.0371297456  8.120263E-10
9865.83229036304  8.140847E-10
9868.62745098047  8.141399E-10
9871.42261159791  8.122485E-10
9874.21777221535  8.095463E-10
9877.01293283279  8.068926E-10
9879.80809345023  8.044834E-10
9882.60325406767  8.036155E-10
9885.3984146851  8.037362E-10
9888.19357530254  8.027748E-10
9890.98873591998  8.013500E-10
9893.78389653742  8.008864E-10
9896.57905715486  7.981587E-10
9899.3742177723  7.910976E-10
9902.16937838974  7.855252E-10
9904.96453900718  7.858392E-10
9907.75969962461  7.905671E-10
9910.55486024205  7.971486E-10
9913.35002085949  8.020049E-10
9916.14518147693  8.034997E-10
9918.94034209437  8.043309E-10
9921.73550271181  8.055683E-10
9924.53066332925  8.028957E-10
9927.32582394668  7.946220E-10
9930.12098456412  7.859697E-10
9932.91614518156  7.808180E-10
9935.711305799  7.819314E-10
9938.50646641644  7.898858E-10
9941.30162703388  7.977032E-10
9944.09678765132  8.016132E-10
9946.89194826875  8.030653E-10
9949.68710888619  8.020600E-10
9952.48226950363  8.004770E-10
9955.27743012107  8.000486E-10
9958.07259073851  8.008833E-10
9960.86775135595  8.038200E-10
9963.66291197338  8.073249E-10
9966.45807259082  8.078985E-10
9969.25323320826  8.048515E-10
9972.0483938257  8.014137E-10
9974.84355444314  8.004344E-10
9977.63871506058  8.001611E-10
9980.43387567801  7.969883E-10
9983.22903629545  7.909677E-10
9986.02419691289  7.856771E-10
9988.81935753033  7.827877E-10
9991.61451814777  7.819735E-10
9994.40967876521  8.078306E-10
9997.20483938265  8.644238E-10
10000.0000000001  7.867687E-10
