3300.  5.271341E-10
3302.79773411106  5.952275E-10
3305.59546822213  5.623337E-10
3308.39320233319  5.445558E-10
3311.19093644426  5.362353E-10
3313.98867055532  5.362543E-10
3316.78640466639  5.303634E-10
3319.58413877745  5.261044E-10
3322.38187288851  5.227231E-10
3325.17960699958  5.071952E-10
3327.97734111064  5.074918E-10
3330.77507522171  5.314659E-10
3333.57280933277  5.443133E-10
3336.37054344384  5.296998E-10
3339.1682775549  5.150506E-10
3341.96601166596  5.111389E-10
3344.76374577703  5.115048E-10
3347.56147988809  5.041744E-10
3350.35921399916  5.034911E-10
3353.15694811022  5.015531E-10
3355.95468222128  5.000936E-10
3358.75241633235  5.018371E-10
3361.55015044341  5.114040E-10
3364.34788455448  5.192743E-10
3367.14561866554  5.151374E-10
3369.94335277661  5.118789E-10
3372.74108688767  5.118934E-10
3375.53882099873  5.060223E-10
3378.3365551098  5.006728E-10
3381.13428922086  5.020048E-10
3383.93202333193  5.061454E-10
3386.72975744299  5.174740E-10
3389.52749155405  5.201142E-10
3392.32522566512  5.222330E-10
3395.12295977618  5.364348E-10
3397.92069388725  5.346142E-10
3400.71842799831  5.184242E-10
3403.51616210938  5.231551E-10
3406.31389622044  5.343240E-10
3409.1116303315  5.301599E-10
3411.90936444257  5.246822E-10
3414.70709855363  5.297558E-10
3417.5048326647  5.432706E-10
3420.30256677576  5.543951E-10
3423.10030088682  5.490040E-10
3425.89803499789  5.371342E-10
3428.69576910895  5.463263E-10
3431.49350322002  5.583219E-10
3434.29123733108  5.467555E-10
3437.08897144215  5.261406E-10
3439.88670555321  5.289839E-10
3442.68443966427  5.356718E-10
3445.48217377534  5.194921E-10
3448.2799078864  5.024086E-10
3451.07764199747  5.174193E-10
3453.87537610853  5.361503E-10
3456.6731102196  5.420224E-10
3459.47084433066  5.502136E-10
3462.26857844172  5.409738E-10
3465.06631255279  5.331485E-10
3467.86404666385  5.290770E-10
3470.66178077492  5.110629E-10
3473.45951488598  5.014262E-10
3476.25724899705  5.044430E-10
3479.05498310811  5.100834E-10
3481.85271721917  5.096364E-10
3484.65045133024  4.960482E-10
3487.4481854413  4.828704E-10
3490.24591955237  4.878519E-10
3493.04365366343  4.889631E-10
3495.8413877745  4.998852E-10
3498.63912188556  5.150534E-10
3501.43685599662  5.268156E-10
3504.23459010769  5.338911E-10
3507.03232421875  5.310601E-10
3509.83005832982  5.272071E-10
3512.62779244088  5.384503E-10
3515.42552655194  5.435661E-10
3518.22326066301  5.505399E-10
3521.02099477407  5.377874E-10
3523.81872888514  5.096296E-10
3526.6164629962  4.978769E-10
3529.41419710726  4.904425E-10
3532.21193121833  4.957936E-10
3535.00966532939  5.016187E-10
3537.80739944046  4.986319E-10
3540.60513355152  4.951118E-10
3543.40286766259  5.119540E-10
3546.20060177365  5.135992E-10
3548.99833588471  4.945089E-10
3551.79606999578  4.698262E-10
3554.59380410684  4.754132E-10
3557.39153821791  4.979895E-10
3560.18927232897  5.144934E-10
3562.98700644003  5.251072E-10
3565.7847405511  5.256952E-10
3568.58247466216  5.019318E-10
3571.38020877323  4.799591E-10
3574.17794288429  4.919956E-10
3576.97567699536  5.157204E-10
3579.77341110642  5.248952E-10
3582.57114521748  5.257590E-10
3585.36887932855  5.317772E-10
3588.16661343961  5.366019E-10
3590.96434755068  5.352468E-10
3593.76208166174  5.276506E-10
3596.55981577281  5.386335E-10
3599.35754988387  5.532249E-10
3602.15528399493  5.534700E-10
3604.953018106  5.475781E-10
3607.75075221706  5.234708E-10
3610.54848632813  4.975706E-10
3613.34622043919  4.935882E-10
3616.14395455025  5.039960E-10
3618.94168866132  5.170061E-10
3621.73942277238  5.220565E-10
3624.53715688345  5.196442E-10
3627.33489099451  5.115464E-10
3630.13262510558  4.955250E-10
3632.93035921664  4.714519E-10
3635.7280933277  4.537184E-10
3638.52582743877  4.612727E-10
3641.32356154983  4.791693E-10
3644.1212956609  4.789451E-10
3646.91902977196  4.723778E-10
3649.71676388303  4.716514E-10
3652.51449799409  4.897512E-10
3655.31223210515  5.097205E-10
3658.10996621622  5.086194E-10
3660.90770032728  5.121562E-10
3663.70543443835  5.245099E-10
3666.50316854941  5.237651E-10
3669.30090266047  5.116301E-10
3672.09863677154  5.119898E-10
3674.8963708826  5.165328E-10
3677.69410499367  5.216137E-10
3680.49183910473  5.669105E-10
3683.28957321579  4.531283E-10
3686.08730732686  3.229242E-10
3688.88504143792  4.530603E-10
3691.68277554899  5.172177E-10
3694.48050966005  5.156432E-10
3697.27824377112  4.854118E-10
3700.07597788218  4.807894E-10
3702.87371199324  4.771499E-10
3705.67144610431  4.768453E-10
3708.46918021537  4.719448E-10
3711.26691432644  4.672290E-10
3714.0646484375  5.007792E-10
3716.86238254857  5.225184E-10
3719.66011665963  4.780236E-10
3722.45785077069  4.414512E-10
3725.25558488176  4.616387E-10
3728.05331899282  4.945217E-10
3730.85105310389  4.962973E-10
3733.64878721495  4.729631E-10
3736.44652132602  4.850654E-10
3739.24425543708  5.706174E-10
3742.04198954814  6.556780E-10
3744.83972365921  6.256885E-10
3747.63745777027  5.253148E-10
3750.43519188134  5.011004E-10
3753.2329259924  5.875982E-10
3756.03066010346  7.226915E-10
3758.82839421453  8.499460E-10
3761.62612832559  8.682943E-10
3764.42386243666  7.563052E-10
3767.22159654772  6.079519E-10
3770.01933065879  5.038617E-10
3772.81706476985  5.122876E-10
3775.61479888091  6.391918E-10
3778.41253299198  8.163616E-10
3781.21026710304  9.766473E-10
3784.00800121411  1.064058E-9
3786.80573532517  1.056900E-9
3789.60346943623  9.240060E-10
3792.4012035473  7.183156E-10
3795.19893765836  5.523960E-10
3797.99667176943  5.058291E-10
3800.79440588049  5.687075E-10
3803.59213999156  7.036346E-10
3806.38987410262  8.829384E-10
3809.18760821368  1.050394E-9
3811.98534232475  1.159294E-9
3814.78307643581  1.222089E-9
3817.58081054688  1.241873E-9
3820.37854465794  1.227265E-9
3823.17627876901  1.155472E-9
3825.97401288007  1.008639E-9
3828.77174699113  8.183177E-10
3831.5694811022  6.527175E-10
3834.36721521326  5.557688E-10
3837.16494932433  5.448894E-10
3839.96268343539  6.373049E-10
3842.76041754645  8.065295E-10
3845.55815165752  9.951069E-10
3848.35588576858  1.160480E-9
3851.15361987965  1.273482E-9
3853.95135399071  1.333403E-9
3856.74908810178  1.367886E-9
3859.54682221284  1.395077E-9
3862.3445563239  1.382538E-9
3865.14229043497  1.337457E-9
3867.94002454603  1.320284E-9
3870.7377586571  1.309793E-9
3873.53549276816  1.277723E-9
3876.33322687922  1.216018E-9
3879.13096099029  1.087001E-9
3881.92869510135  9.127058E-10
3884.72642921242  7.123754E-10
3887.52416332348  5.501918E-10
3890.32189743455  5.197496E-10
3893.11963154561  6.173806E-10
3895.91736565667  7.677996E-10
3898.71509976774  9.231344E-10
3901.5128338788  1.072828E-9
3904.31056798987  1.202970E-9
3907.10830210093  1.305186E-9
3909.906036212  1.421927E-9
3912.70377032306  1.470487E-9
3915.50150443412  1.440828E-9
3918.29923854519  1.457455E-9
3921.09697265625  1.507894E-9
3923.89470676732  1.522744E-9
3926.69244087838  1.466958E-9
3929.49017498944  1.353508E-9
3932.28790910051  1.269827E-9
3935.08564321157  1.296391E-9
3937.88337732264  1.396235E-9
3940.6811114337  1.463912E-9
3943.47884554477  1.441485E-9
3946.27657965583  1.382219E-9
3949.07431376689  1.338959E-9
3951.87204787796  1.309977E-9
3954.66978198902  1.258582E-9
3957.46751610009  1.151276E-9
3960.26525021115  9.967590E-10
3963.06298432222  8.129390E-10
3965.86071843328  6.333714E-10
3968.65845254434  5.179303E-10
3971.45618665541  5.060980E-10
3974.25392076647  5.913698E-10
3977.05165487754  7.478930E-10
3979.8493889886  9.187750E-10
3982.64712309967  1.040579E-9
3985.44485721073  1.128753E-9
3988.24259132179  1.224152E-9
3991.04032543286  1.335668E-9
3993.83805954392  1.426713E-9
3996.63579365499  1.444948E-9
3999.43352776605  1.400444E-9
4002.23126187712  1.353471E-9
4005.02899598818  1.350518E-9
4007.82673009924  1.359631E-9
4010.62446421031  1.357913E-9
4013.42219832137  1.385680E-9
4016.21993243244  1.413589E-9
4019.0176665435  1.421262E-9
4021.81540065456  1.448422E-9
4024.61313476563  1.474358E-9
4027.41086887669  1.453710E-9
4030.20860298776  1.419401E-9
4033.00633709882  1.439453E-9
4035.80407120989  1.485472E-9
4038.60180532095  1.510699E-9
4041.39953943201  1.527147E-9
4044.19727354308  1.529759E-9
4046.99500765414  1.519932E-9
4049.79274176521  1.508471E-9
4052.59047587627  1.507089E-9
4055.38820998733  1.507132E-9
4058.1859440984  1.484569E-9
4060.98367820946  1.457836E-9
4063.78141232053  1.445920E-9
4066.57914643159  1.422631E-9
4069.37688054266  1.386666E-9
4072.17461465372  1.348775E-9
4074.97234876478  1.336492E-9
4077.77008287585  1.351344E-9
4080.56781698691  1.361146E-9
4083.36555109798  1.324273E-9
4086.16328520904  1.250411E-9
4088.9610193201  1.145124E-9
4091.75875343117  1.017202E-9
4094.55648754223  8.544112E-10
4097.3542216533  6.554199E-10
4100.15195576436  5.148615E-10
4102.94968987542  4.942639E-10
4105.74742398649  5.737514E-10
4108.54515809755  7.136117E-10
4111.34289220862  8.582285E-10
4114.14062631968  9.698407E-10
4116.93836043075  1.060754E-9
4119.73609454181  1.141360E-9
4122.53382865288  1.191392E-9
4125.33156276394  1.200375E-9
4128.129296875  1.204285E-9
4130.92703098607  1.224925E-9
4133.72476509713  1.256265E-9
4136.5224992082  1.285427E-9
4139.32023331926  1.316463E-9
4142.11796743032  1.357696E-9
4144.91570154139  1.388162E-9
4147.71343565245  1.410202E-9
4150.51116976352  1.405397E-9
4153.30890387458  1.389693E-9
4156.10663798565  1.386894E-9
4158.90437209671  1.386330E-9
4161.70210620777  1.385329E-9
4164.49984031884  1.376253E-9
4167.2975744299  1.358558E-9
4170.09530854097  1.331219E-9
4172.89304265203  1.306079E-9
4175.6907767631  1.306029E-9
4178.48851087416  1.334167E-9
4181.28624498522  1.338263E-9
4184.08397909629  1.322288E-9
4186.88171320735  1.339888E-9
4189.67944731842  1.363900E-9
4192.47718142948  1.356732E-9
4195.27491554054  1.335682E-9
4198.07264965161  1.310999E-9
4200.87038376267  1.297294E-9
4203.66811787374  1.307409E-9
4206.4658519848  1.329048E-9
4209.26358609586  1.348244E-9
4212.06132020693  1.369007E-9
4214.85905431799  1.361273E-9
4217.65678842906  1.321521E-9
4220.45452254012  1.297970E-9
4223.25225665119  1.281118E-9
4226.04999076225  1.257633E-9
4228.84772487331  1.266181E-9
4231.64545898438  1.321373E-9
4234.44319309544  1.369273E-9
4237.24092720651  1.367896E-9
4240.03866131757  1.353149E-9
4242.83639542864  1.325054E-9
4245.6341295397  1.274643E-9
4248.43186365076  1.217549E-9
4251.22959776183  1.185554E-9
4254.02733187289  1.200696E-9
4256.82506598396  1.229705E-9
4259.62280009502  1.247117E-9
4262.42053420608  1.264915E-9
4265.21826831715  1.288377E-9
4268.01600242821  1.292178E-9
4270.81373653928  1.265659E-9
4273.61147065034  1.238003E-9
4276.40920476141  1.228092E-9
4279.20693887247  1.226193E-9
4282.00467298353  1.222509E-9
4284.8024070946  1.212769E-9
4287.60014120566  1.194384E-9
4290.39787531673  1.172594E-9
4293.19560942779  1.176778E-9
4295.99334353886  1.195748E-9
4298.79107764992  1.174478E-9
4301.58881176098  1.118810E-9
4304.38654587205  1.090962E-9
4307.18427998311  1.090354E-9
4309.98201409418  1.077430E-9
4312.77974820524  1.048852E-9
4315.5774823163  1.037735E-9
4318.37521642737  1.040728E-9
4321.17295053843  1.023419E-9
4323.9706846495  9.973040E-10
4326.76841876056  9.537789E-10
4329.56615287163  8.851725E-10
4332.36388698269  7.910657E-10
4335.16162109375  6.456166E-10
4337.95935520482  4.982803E-10
4340.75708931588  4.357817E-10
4343.55482342695  4.622749E-10
4346.35255753801  5.466695E-10
4349.15029164908  6.560724E-10
4351.94802576014  7.600843E-10
4354.7457598712  8.434409E-10
4357.54349398227  9.220051E-10
4360.34122809333  9.976837E-10
4363.1389622044  1.049289E-9
4365.93669631546  1.076260E-9
4368.73443042652  1.093001E-9
4371.53216453759  1.108452E-9
4374.32989864865  1.126649E-9
4377.12763275972  1.155022E-9
4379.92536687078  1.163299E-9
4382.72310098184  1.143811E-9
4385.52083509291  1.127243E-9
4388.31856920397  1.119839E-9
4391.11630331504  1.141182E-9
4393.9140374261  1.176984E-9
4396.71177153717  1.176902E-9
4399.50950564823  1.135124E-9
4402.30723975929  1.104603E-9
4405.10497387036  1.105901E-9
4407.90270798142  1.118590E-9
4410.70044209249  1.112598E-9
4413.49817620355  1.093303E-9
4416.29591031461  1.082329E-9
4419.09364442568  1.087219E-9
4421.89137853674  1.091992E-9
4424.68911264781  1.072352E-9
4427.48684675887  1.049313E-9
4430.28458086994  1.060531E-9
4433.082314981  1.083497E-9
4435.88004909207  1.085799E-9
4438.67778320313  1.073799E-9
4441.47551731419  1.058794E-9
4444.27325142526  1.055898E-9
4447.07098553632  1.060558E-9
4449.86871964739  1.050476E-9
4452.66645375845  1.041075E-9
4455.46418786951  1.043773E-9
4458.26192198058  1.041515E-9
4461.05965609164  1.030051E-9
4463.85739020271  1.016831E-9
4466.65512431377  1.021394E-9
4469.45285842484  1.025445E-9
4472.2505925359  1.040092E-9
4475.04832664696  1.053813E-9
4477.84606075803  1.036769E-9
4480.64379486909  1.002016E-9
4483.44152898016  9.894618E-10
4486.23926309122  9.909878E-10
4489.03699720229  1.006909E-9
4491.83473131335  1.031506E-9
4494.63246542441  1.038103E-9
4497.43019953548  1.030376E-9
4500.22793364654  1.026979E-9
4503.02566775761  1.031591E-9
4505.82340186867  1.045762E-9
4508.62113597973  1.055473E-9
4511.4188700908  1.056550E-9
4514.21660420186  1.050392E-9
4517.01433831293  1.040876E-9
4519.81207242399  1.035940E-9
4522.60980653506  1.023360E-9
4525.40754064612  1.014299E-9
4528.20527475719  1.025624E-9
4531.00300886825  1.026711E-9
4533.80074297931  1.014361E-9
4536.59847709038  1.026171E-9
4539.39621120144  1.054637E-9
4542.19394531251  1.076176E-9
4544.99167942357  1.090658E-9
4547.78941353463  1.085731E-9
4550.5871476457  1.062294E-9
4553.38488175676  1.054040E-9
4556.18261586783  1.051294E-9
4558.98034997889  1.036828E-9
4561.77808408995  1.026472E-9
4564.57581820102  1.024646E-9
4567.37355231208  1.022822E-9
4570.17128642315  1.005180E-9
4572.96902053421  9.850938E-10
4575.76675464528  9.957944E-10
4578.56448875634  1.012052E-9
4581.3622228674  1.005605E-9
4584.15995697847  9.726865E-10
4586.95769108953  9.581622E-10
4589.7554252006  9.653065E-10
4592.55315931166  9.617530E-10
4595.35089342273  9.577706E-10
4598.14862753379  9.851032E-10
4600.94636164485  1.012373E-9
4603.74409575592  9.961445E-10
4606.54182986698  9.678798E-10
4609.33956397805  9.522941E-10
4612.13729808911  9.641097E-10
4614.93503220017  9.772718E-10
4617.73276631124  9.515212E-10
4620.5305004223  9.299728E-10
4623.32823453337  9.463040E-10
4626.12596864443  9.588550E-10
4628.9237027555  9.613990E-10
4631.72143686656  9.778585E-10
4634.51917097762  9.983971E-10
4637.31690508869  1.009471E-9
4640.11463919975  9.988864E-10
4642.91237331082  9.805921E-10
4645.71010742188  9.633914E-10
4648.50784153295  9.449100E-10
4651.30557564401  9.190396E-10
4654.10330975507  9.107242E-10
4656.90104386614  9.157279E-10
4659.6987779772  9.196204E-10
4662.49651208827  9.372849E-10
4665.29424619933  9.668398E-10
4668.09198031039  9.852669E-10
4670.88971442146  9.802303E-10
4673.68744853252  9.729310E-10
4676.48518264359  9.726410E-10
4679.28291675465  9.682048E-10
4682.08065086572  9.606880E-10
4684.87838497678  9.666625E-10
4687.67611908784  9.746456E-10
4690.47385319891  9.614940E-10
4693.27158730997  9.371930E-10
4696.06932142104  9.275967E-10
4698.8670555321  9.331717E-10
4701.66478964316  9.437522E-10
4704.46252375423  9.504963E-10
4707.26025786529  9.597473E-10
4710.05799197636  9.558331E-10
4712.85572608742  9.324976E-10
4715.65346019849  9.228975E-10
4718.45119430955  9.346167E-10
4721.24892842061  9.436028E-10
4724.04666253168  9.322485E-10
4726.84439664274  9.036212E-10
4729.64213075381  8.750125E-10
4732.43986486487  8.675639E-10
4735.23759897594  8.877432E-10
4738.035333087  9.083962E-10
4740.83306719806  9.127528E-10
4743.63080130913  9.230037E-10
4746.42853542019  9.424500E-10
4749.22626953126  9.435427E-10
4752.02400364232  9.371531E-10
4754.82173775338  9.359341E-10
4757.61947186445  9.394685E-10
4760.41720597551  9.437733E-10
4763.21494008658  9.342241E-10
4766.01267419764  9.057357E-10
4768.8104083087  8.869445E-10
4771.60814241977  9.009676E-10
4774.40587653083  9.211304E-10
4777.2036106419  9.231808E-10
4780.00134475296  9.108923E-10
4782.79907886403  8.972784E-10
4785.59681297509  8.959663E-10
4788.39454708615  9.025732E-10
4791.19228119722  9.003149E-10
4793.99001530828  8.931881E-10
4796.78774941935  8.870669E-10
4799.58548353041  8.867415E-10
4802.38321764148  8.948710E-10
4805.18095175254  8.994037E-10
4807.9786858636  8.883435E-10
4810.77641997467  8.812553E-10
4813.57415408573  8.893065E-10
4816.3718881968  8.899070E-10
4819.16962230786  8.733259E-10
4821.96735641893  8.460809E-10
4824.76509052999  8.237863E-10
4827.56282464105  8.111985E-10
4830.36055875212  8.115618E-10
4833.15829286318  8.122016E-10
4835.95602697425  7.963548E-10
4838.75376108531  7.706479E-10
4841.55149519637  7.406294E-10
4844.34922930744  7.113625E-10
4847.1469634185  6.779926E-10
4849.94469752957  6.307704E-10
4852.74243164063  5.727675E-10
4855.5401657517  5.050023E-10
4858.33789986276  4.314879E-10
4861.13563397382  3.757918E-10
4863.93336808489  3.768308E-10
4866.73110219595  4.313756E-10
4869.52883630702  5.000637E-10
4872.32657041808  5.586256E-10
4875.12430452914  6.153760E-10
4877.92203864021  6.692769E-10
4880.71977275127  7.139076E-10
4883.51750686234  7.458431E-10
4886.3152409734  7.642664E-10
4889.11297508446  7.751836E-10
4891.91070919553  7.804073E-10
4894.70844330659  7.831960E-10
4897.50617741766  8.005034E-10
4900.30391152872  8.244779E-10
4903.10164563979  8.363190E-10
4905.89937975085  8.381699E-10
4908.69711386191  8.423986E-10
4911.49484797298  8.423699E-10
4914.29258208404  8.337145E-10
4917.09031619511  8.380701E-10
4919.88805030617  8.481714E-10
4922.68578441724  8.497631E-10
4925.4835185283  8.480427E-10
4928.28125263936  8.536272E-10
4931.07898675043  8.671494E-10
4933.87672086149  8.727611E-10
4936.67445497256  8.637412E-10
4939.47218908362  8.591303E-10
4942.26992319469  8.676221E-10
4945.06765730575  8.708853E-10
4947.86539141681  8.625706E-10
4950.66312552788  8.614552E-10
4953.46085963894  8.621497E-10
4956.25859375001  8.597006E-10
4959.05632786107  8.533262E-10
4961.85406197214  8.523073E-10
4964.6517960832  8.563875E-10
4967.44953019426  8.557471E-10
4970.24726430533  8.589775E-10
4973.04499841639  8.634692E-10
4975.84273252746  8.661303E-10
4978.64046663852  8.630130E-10
4981.43820074958  8.496477E-10
4984.23593486065  8.307026E-10
4987.03366897171  8.232866E-10
4989.83140308278  8.287289E-10
4992.62913719384  8.346135E-10
4995.42687130491  8.355870E-10
4998.22460541597  8.320109E-10
5001.02233952703  8.300030E-10
5003.8200736381  8.251585E-10
5006.61780774916  8.097532E-10
5009.41554186023  7.961398E-10
5012.21327597129  7.920972E-10
5015.01101008236  8.068347E-10
5017.80874419342  8.230066E-10
5020.60647830448  8.242717E-10
5023.40421241555  8.193789E-10
5026.20194652661  8.189982E-10
5028.99968063768  8.242148E-10
5031.79741474874  8.313004E-10
5034.5951488598  8.294769E-10
5037.39288297087  8.157055E-10
5040.19061708193  8.035048E-10
5042.988351193  7.972091E-10
5045.78608530406  7.919726E-10
5048.58381941513  7.936019E-10
5051.38155352619  7.954541E-10
5054.17928763725  7.897921E-10
5056.97702174832  7.912949E-10
5059.77475585938  8.034696E-10
5062.57248997045  8.116599E-10
5065.37022408151  8.135885E-10
5068.16795819258  8.100588E-10
5070.96569230364  7.998879E-10
5073.7634264147  7.965669E-10
5076.56116052577  7.992950E-10
5079.35889463683  7.975760E-10
5082.1566287479  7.904029E-10
5084.95436285896  7.869909E-10
5087.75209697002  7.937733E-10
5090.54983108109  8.050060E-10
5093.34756519215  8.141949E-10
5096.14529930322  8.149426E-10
5098.94303341428  8.131423E-10
5101.74076752535  8.153258E-10
5104.53850163641  8.062008E-10
5107.33623574747  7.867595E-10
5110.13396985854  7.720568E-10
5112.9317039696  7.702209E-10
5115.72943808067  7.710446E-10
5118.52717219173  7.684444E-10
5121.32490630279  7.678782E-10
5124.12264041386  7.677669E-10
5126.92037452492  7.654496E-10
5129.71810863599  7.650927E-10
5132.51584274705  7.644050E-10
5135.31357685812  7.641760E-10
5138.11131096918  7.633779E-10
5140.90904508024  7.574326E-10
5143.70677919131  7.610271E-10
5146.50451330237  7.680385E-10
5149.30224741344  7.665619E-10
5152.0999815245  7.658890E-10
5154.89771563557  7.683243E-10
5157.69544974663  7.639607E-10
5160.49318385769  7.569124E-10
5163.29091796876  7.572181E-10
5166.08865207982  7.596294E-10
5168.88638619089  7.533512E-10
5171.68412030195  7.395287E-10
5174.48185441301  7.309677E-10
5177.27958852408  7.236312E-10
5180.07732263514  7.122010E-10
5182.87505674621  7.095199E-10
5185.67279085727  7.126592E-10
5188.47052496834  7.130028E-10
5191.2682590794  7.098762E-10
5194.06599319046  7.026275E-10
5196.86372730153  6.922797E-10
5199.66146141259  6.787173E-10
5202.45919552366  6.703749E-10
5205.25692963472  6.789864E-10
5208.05466374579  6.915542E-10
5210.85239785685  6.946561E-10
5213.65013196791  6.964701E-10
5216.44786607898  7.053187E-10
5219.24560019004  7.151812E-10
5222.04333430111  7.109672E-10
5224.84106841217  6.931535E-10
5227.63880252323  6.804831E-10
5230.4365366343  6.783569E-10
5233.23427074536  6.704671E-10
5236.03200485643  6.643645E-10
5238.82973896749  6.795722E-10
5241.62747307855  6.979440E-10
5244.42520718962  7.013132E-10
5247.22294130068  6.971687E-10
5250.02067541175  6.916619E-10
5252.81840952281  6.864777E-10
5255.61614363388  6.843818E-10
5258.41387774494  6.853264E-10
5261.211611856  6.826396E-10
5264.00934596707  6.782881E-10
5266.80708007813  6.768360E-10
5269.6048141892  6.777585E-10
5272.40254830026  6.786640E-10
5275.20028241133  6.851680E-10
5277.99801652239  6.857360E-10
5280.79575063345  6.731874E-10
5283.59348474452  6.699010E-10
5286.39121885558  6.782904E-10
5289.18895296665  6.864991E-10
5291.98668707771  6.910921E-10
5294.78442118878  6.946621E-10
5297.58215529984  7.016625E-10
5300.3798894109  7.060701E-10
5303.17762352197  7.011178E-10
5305.97535763303  6.852224E-10
5308.7730917441  6.638534E-10
5311.57082585516  6.502939E-10
5314.36855996623  6.507823E-10
5317.16629407729  6.583451E-10
5319.96402818835  6.673316E-10
5322.76176229942  6.752631E-10
5325.55949641048  6.761497E-10
5328.35723052154  6.628335E-10
5331.15496463261  6.401829E-10
5333.95269874367  6.333597E-10
5336.75043285474  6.399571E-10
5339.5481669658  6.584789E-10
5342.34590107687  6.817189E-10
5345.14363518793  6.863906E-10
5347.94136929899  6.778275E-10
5350.73910341006  6.788621E-10
5353.53683752112  6.855467E-10
5356.33457163219  6.789476E-10
5359.13230574325  6.698167E-10
5361.93003985432  6.682526E-10
5364.72777396538  6.618913E-10
5367.52550807645  6.524057E-10
5370.32324218751  6.505833E-10
5373.12097629857  6.502953E-10
5375.91871040964  6.491693E-10
5378.7164445207  6.509488E-10
5381.51417863176  6.590156E-10
5384.31191274283  6.627725E-10
5387.10964685389  6.559676E-10
5389.90738096496  6.471182E-10
5392.70511507602  6.468484E-10
5395.50284918709  6.481383E-10
5398.30058329815  6.405134E-10
5401.09831740921  6.319912E-10
5403.89605152028  6.294297E-10
5406.69378563134  6.331244E-10
5409.49151974241  6.424714E-10
5412.28925385347  6.471327E-10
5415.08698796454  6.484737E-10
5417.8847220756  6.499033E-10
5420.68245618666  6.445061E-10
5423.48019029773  6.318039E-10
5426.27792440879  6.211042E-10
5429.07565851986  6.208021E-10
5431.87339263092  6.239857E-10
5434.67112674199  6.266481E-10
5437.46886085305  6.266536E-10
5440.26659496411  6.334158E-10
5443.06432907518  6.401965E-10
5445.86206318624  6.411707E-10
5448.65979729731  6.419839E-10
5451.45753140837  6.390393E-10
5454.25526551944  6.320794E-10
5457.0529996305  6.351610E-10
5459.85073374156  6.459294E-10
5462.64846785263  6.506497E-10
5465.44620196369  6.467281E-10
5468.24393607476  6.417506E-10
5471.04167018582  6.412843E-10
5473.83940429688  6.413339E-10
5476.63713840795  6.401957E-10
5479.43487251901  6.444969E-10
5482.23260663008  6.494639E-10
5485.03034074114  6.466444E-10
5487.82807485221  6.407394E-10
5490.62580896327  6.441989E-10
5493.42354307433  6.546724E-10
5496.2212771854  6.536917E-10
5499.01901129646  6.444505E-10
5501.81674540753  6.447908E-10
5504.61447951859  6.536922E-10
5507.41221362966  6.521291E-10
5510.20994774072  6.439239E-10
5513.00768185178  6.461566E-10
5515.80541596285  6.496320E-10
5518.60315007391  6.421974E-10
5521.40088418498  6.342358E-10
5524.19861829604  6.278939E-10
5526.9963524071  6.210457E-10
5529.79408651817  6.143706E-10
5532.59182062923  6.116592E-10
5535.3895547403  6.072809E-10
5538.18728885136  5.982395E-10
5540.98502296243  5.934198E-10
5543.78275707349  5.904415E-10
5546.58049118455  5.884933E-10
5549.37822529562  5.890454E-10
5552.17595940668  5.920597E-10
5554.97369351775  5.934929E-10
5557.77142762881  5.957166E-10
5560.56916173987  5.997365E-10
5563.36689585094  6.054013E-10
5566.164629962  6.102752E-10
5568.96236407307  6.147012E-10
5571.76009818413  6.170837E-10
5574.55783229519  6.122921E-10
5577.35556640626  6.090247E-10
5580.15330051732  6.057276E-10
5582.95103462839  5.996000E-10
5585.74876873945  5.918332E-10
5588.54650285052  5.828885E-10
5591.34423696158  5.771080E-10
5594.14197107264  5.779441E-10
5596.93970518371  5.865613E-10
5599.73743929477  5.934659E-10
5602.53517340584  5.950572E-10
5605.3329075169  6.007265E-10
5608.13064162797  6.075664E-10
5610.92837573903  6.046348E-10
5613.72610985009  5.969141E-10
5616.52384396116  5.940829E-10
5619.32157807222  5.929732E-10
5622.11931218329  5.907495E-10
5624.91704629435  5.909305E-10
5627.71478040542  5.911393E-10
5630.51251451648  5.974627E-10
5633.31024862754  6.010629E-10
5636.10798273861  5.933133E-10
5638.90571684967  5.820933E-10
5641.70345096074  5.784951E-10
5644.5011850718  5.801222E-10
5647.29891918286  5.805515E-10
5650.09665329393  5.740258E-10
5652.89438740499  5.665579E-10
5655.69212151606  5.685152E-10
5658.48985562712  5.797104E-10
5661.28758973818  5.876408E-10
5664.08532384925  5.843264E-10
5666.88305796031  5.757954E-10
5669.68079207138  5.716501E-10
5672.47852618244  5.707935E-10
5675.27626029351  5.698451E-10
5678.07399440457  5.638441E-10
5680.87172851563  5.552539E-10
5683.6694626267  5.475129E-10
5686.46719673776  5.426999E-10
5689.26493084883  5.482471E-10
5692.06266495989  5.549189E-10
5694.86039907096  5.602523E-10
5697.65813318202  5.599725E-10
5700.45586729308  5.533319E-10
5703.25360140415  5.492184E-10
5706.05133551521  5.501828E-10
5708.84906962628  5.537894E-10
5711.64680373734  5.514932E-10
5714.4445378484  5.483579E-10
5717.24227195947  5.541703E-10
5720.04000607053  5.607360E-10
5722.8377401816  5.598678E-10
5725.63547429266  5.547511E-10
5728.43320840373  5.468932E-10
5731.23094251479  5.354415E-10
5734.02867662585  5.307910E-10
5736.82641073692  5.369099E-10
5739.62414484798  5.467633E-10
5742.42187895905  5.504752E-10
5745.21961307011  5.469418E-10
5748.01734718118  5.436702E-10
5750.81508129224  5.453694E-10
5753.6128154033  5.471230E-10
5756.41054951437  5.469436E-10
5759.20828362543  5.430633E-10
5762.0060177365  5.287303E-10
5764.80375184756  5.065866E-10
5767.60148595862  5.067932E-10
5770.39922006969  5.285157E-10
5773.19695418075  5.448375E-10
5775.99468829182  5.506917E-10
5778.79242240288  5.523707E-10
5781.59015651395  5.528993E-10
5784.38789062501  5.501153E-10
5787.18562473607  5.505676E-10
5789.98335884714  5.566985E-10
5792.7810929582  5.546272E-10
5795.57882706927  5.431181E-10
5798.37656118033  5.362197E-10
5801.17429529139  5.394261E-10
5803.97202940246  5.420939E-10
5806.76976351352  5.376936E-10
5809.56749762459  5.321028E-10
5812.36523173565  5.301637E-10
5815.16296584672  5.290492E-10
5817.96069995778  5.258925E-10
5820.75843406884  5.248165E-10
5823.55616817991  5.272217E-10
5826.35390229097  5.259607E-10
5829.15163640204  5.194799E-10
5831.9493705131  5.171402E-10
5834.74710462417  5.159693E-10
5837.54483873523  5.139446E-10
5840.34257284629  5.174745E-10
5843.14030695736  5.230241E-10
5845.93804106842  5.264990E-10
5848.73577517949  5.275817E-10
5851.53350929055  5.308325E-10
5854.33124340161  5.306576E-10
5857.12897751268  5.231791E-10
5859.92671162374  5.168428E-10
5862.72444573481  5.189014E-10
5865.52217984587  5.229258E-10
5868.31991395694  5.238971E-10
5871.117648068  5.272644E-10
5873.91538217906  5.280968E-10
5876.71311629013  5.218406E-10
5879.51085040119  5.157146E-10
5882.30858451226  5.117637E-10
5885.10631862332  5.107881E-10
5887.90405273439  5.090781E-10
5890.70178684545  5.033595E-10
5893.49952095651  4.979894E-10
5896.29725506758  4.933616E-10
5899.09498917864  4.877015E-10
5901.89272328971  4.838042E-10
5904.69045740077  4.868622E-10
5907.48819151183  4.897168E-10
5910.2859256229  4.903221E-10
5913.08365973396  4.897298E-10
5915.88139384503  4.938122E-10
5918.67912795609  5.026309E-10
5921.47686206716  5.054461E-10
5924.27459617822  4.989694E-10
5927.07233028928  4.885894E-10
5929.87006440035  4.832760E-10
5932.66779851141  4.785568E-10
5935.46553262248  4.729579E-10
5938.26326673354  4.776007E-10
5941.0610008446  4.811324E-10
5943.85873495567  4.785092E-10
5946.65646906673  4.706847E-10
5949.4542031778  4.554961E-10
5952.25193728886  4.489226E-10
5955.04967139993  4.613866E-10
5957.84740551099  4.754354E-10
5960.64513962205  4.814241E-10
5963.44287373312  4.818414E-10
5966.24060784418  4.737243E-10
5969.03834195525  4.642215E-10
5971.83607606631  4.645651E-10
5974.63381017738  4.708583E-10
5977.43154428844  4.730637E-10
5980.2292783995  4.774917E-10
5983.02701251057  4.807745E-10
5985.82474662163  4.747877E-10
5988.6224807327  4.703140E-10
5991.42021484376  4.692297E-10
5994.21794895483  4.697102E-10
5997.01568306589  4.726370E-10
5999.81341717695  4.746795E-10
6002.61115128802  4.767950E-10
6005.40888539908  4.776136E-10
6008.20661951015  4.715944E-10
6011.00435362121  4.604553E-10
6013.80208773228  4.543781E-10
6016.59982184334  4.520551E-10
6019.3975559544  4.559562E-10
6022.19529006547  4.622880E-10
6024.99302417653  4.683224E-10
6027.7907582876  4.711028E-10
6030.58849239866  4.696716E-10
6033.38622650972  4.697391E-10
6036.18396062079  4.678478E-10
6038.98169473185  4.577171E-10
6041.77942884292  4.551213E-10
6044.57716295398  4.600967E-10
6047.37489706505  4.615872E-10
6050.17263117611  4.613743E-10
6052.97036528717  4.592257E-10
6055.76809939824  4.587298E-10
6058.5658335093  4.562948E-10
6061.36356762037  4.520037E-10
6064.16130173143  4.523835E-10
6066.95903584249  4.519771E-10
6069.75676995356  4.496296E-10
6072.55450406462  4.498674E-10
6075.35223817569  4.558736E-10
6078.14997228675  4.552143E-10
6080.94770639782  4.483907E-10
6083.74544050888  4.480021E-10
6086.54317461994  4.499296E-10
6089.34090873101  4.518047E-10
6092.13864284207  4.593766E-10
6094.93637695314  4.589730E-10
6097.7341110642  4.524756E-10
6100.53184517526  4.518735E-10
6103.32957928633  4.519685E-10
6106.12731339739  4.461255E-10
6108.92504750846  4.355514E-10
6111.72278161952  4.259562E-10
6114.52051573059  4.239167E-10
6117.31824984165  4.277804E-10
6120.11598395271  4.334408E-10
6122.91371806378  4.392657E-10
6125.71145217484  4.405547E-10
6128.50918628591  4.348215E-10
6131.30692039697  4.283382E-10
6134.10465450804  4.264192E-10
6136.9023886191  4.274905E-10
6139.70012273016  4.252785E-10
6142.49785684123  4.217247E-10
6145.29559095229  4.215140E-10
6148.09332506336  4.250039E-10
6150.89105917442  4.273362E-10
6153.68879328548  4.258854E-10
6156.48652739655  4.209795E-10
6159.28426150761  4.169847E-10
6162.08199561868  4.113819E-10
6164.87972972974  4.073241E-10
6167.67746384081  4.150182E-10
6170.47519795187  4.251850E-10
6173.27293206293  4.250090E-10
6176.070666174  4.206205E-10
6178.86840028506  4.165322E-10
6181.66613439613  4.150154E-10
6184.46386850719  4.168105E-10
6187.26160261826  4.168004E-10
6190.05933672932  4.160764E-10
6192.85707084038  4.164802E-10
6195.65480495145  4.169804E-10
6198.45253906251  4.152471E-10
6201.25027317358  4.109689E-10
6204.04800728464  4.090915E-10
6206.8457413957  4.105851E-10
6209.64347550677  4.058988E-10
6212.44120961783  3.998156E-10
6215.2389437289  3.998931E-10
6218.03667783996  4.032543E-10
6220.83441195103  4.034763E-10
6223.63214606209  3.990019E-10
6226.42988017315  3.987043E-10
6229.22761428422  4.026284E-10
6232.02534839528  4.034678E-10
6234.82308250635  3.992646E-10
6237.62081661741  3.968302E-10
6240.41855072847  3.953272E-10
6243.21628483954  3.901471E-10
6246.0140189506  3.855830E-10
6248.81175306167  3.866193E-10
6251.60948717273  3.895105E-10
6254.4072212838  3.931074E-10
6257.20495539486  3.924785E-10
6260.00268950592  3.912570E-10
6262.80042361699  3.900448E-10
6265.59815772805  3.899976E-10
6268.39589183912  3.921163E-10
6271.19362595018  3.936166E-10
6273.99136006124  3.945787E-10
6276.78909417231  3.966078E-10
6279.58682828337  3.930706E-10
6282.38456239444  3.846032E-10
6285.1822965055  3.805087E-10
6287.98003061657  3.817598E-10
6290.77776472763  3.803000E-10
6293.57549883869  3.754610E-10
6296.37323294976  3.665803E-10
6299.17096706082  3.503635E-10
6301.96870117189  3.345279E-10
6304.76643528295  3.318231E-10
6307.56416939402  3.447327E-10
6310.36190350508  3.587527E-10
6313.15963761614  3.625321E-10
6315.95737172721  3.625018E-10
6318.75510583827  3.628522E-10
6321.55283994934  3.624336E-10
6324.3505740604  3.634416E-10
6327.14830817146  3.651386E-10
6329.94604228253  3.633642E-10
6332.74377639359  3.611460E-10
6335.54151050466  3.598758E-10
6338.33924461572  3.565249E-10
6341.13697872678  3.514699E-10
6343.93471283785  3.474603E-10
6346.73244694892  3.443045E-10
6349.53018105998  3.456204E-10
6352.32791517104  3.497393E-10
6355.12564928211  3.519180E-10
6357.92338339317  3.525210E-10
6360.72111750423  3.530857E-10
6363.5188516153  3.500931E-10
6366.31658572636  3.473637E-10
6369.11431983743  3.487555E-10
6371.91205394849  3.522080E-10
6374.70978805956  3.550595E-10
6377.50752217062  3.571606E-10
6380.30525628168  3.544291E-10
6383.10299039275  3.488807E-10
6385.90072450381  3.446565E-10
6388.69845861488  3.429668E-10
6391.49619272594  3.468139E-10
6394.29392683701  3.569769E-10
6397.09166094807  3.672022E-10
6399.88939505913  3.775496E-10
6402.6871291702  3.800412E-10
6405.48486328126  3.628397E-10
