3300.  2.417983E-11
3302.78869344002  2.816456E-11
3305.57738688005  3.210110E-11
3308.36608032007  3.068942E-11
3311.1547737601  2.809602E-11
3313.94346720012  2.844425E-11
3316.73216064015  2.988129E-11
3319.52085408017  2.735569E-11
3322.3095475202  2.852598E-11
3325.09824096022  2.818368E-11
3327.88693440025  2.835129E-11
3330.67562784027  2.604203E-11
3333.4643212803  2.309255E-11
3336.25301472032  2.604540E-11
3339.04170816035  2.923721E-11
3341.83040160037  2.965624E-11
3344.6190950404  2.461402E-11
3347.40778848042  2.142978E-11
3350.19648192044  2.206376E-11
3352.98517536047  2.126518E-11
3355.77386880049  2.482549E-11
3358.56256224052  2.647226E-11
3361.35125568054  2.641334E-11
3364.13994912057  2.631587E-11
3366.92864256059  2.364955E-11
3369.71733600062  2.146513E-11
3372.50602944064  2.097550E-11
3375.29472288067  2.196848E-11
3378.08341632069  2.048259E-11
3380.87210976072  1.941234E-11
3383.66080320074  1.880993E-11
3386.44949664077  2.103302E-11
3389.23819008079  2.425639E-11
3392.02688352081  2.468193E-11
3394.81557696084  2.399752E-11
3397.60427040086  2.408650E-11
3400.39296384089  2.583947E-11
3403.18165728091  2.710330E-11
3405.97035072094  2.896872E-11
3408.75904416096  3.336516E-11
3411.54773760099  3.460753E-11
3414.33643104101  3.221456E-11
3417.12512448104  3.102903E-11
3419.91381792106  2.629555E-11
3422.70251136109  2.572918E-11
3425.49120480111  2.619313E-11
3428.27989824114  2.974081E-11
3431.06859168116  3.148343E-11
3433.85728512119  3.143380E-11
3436.64597856121  3.125717E-11
3439.43467200123  3.091335E-11
3442.22336544126  3.066620E-11
3445.01205888128  2.664323E-11
3447.80075232131  2.213467E-11
3450.58944576133  2.044135E-11
3453.37813920136  2.155290E-11
3456.16683264138  2.610031E-11
3458.95552608141  2.899701E-11
3461.74421952143  2.798787E-11
3464.53291296146  2.776230E-11
3467.32160640148  2.516434E-11
3470.11029984151  2.457389E-11
3472.89899328153  2.759792E-11
3475.68768672156  2.944957E-11
3478.47638016158  2.994384E-11
3481.26507360161  2.651562E-11
3484.05376704163  2.468087E-11
3486.84246048166  2.871668E-11
3489.63115392168  3.142979E-11
3492.4198473617  3.248611E-11
3495.20854080173  2.913847E-11
3497.99723424175  2.588315E-11
3500.78592768178  2.753874E-11
3503.5746211218  2.983948E-11
3506.36331456183  3.423680E-11
3509.15200800185  3.787208E-11
3511.94070144188  3.713092E-11
3514.7293948819  3.369958E-11
3517.51808832193  3.072513E-11
3520.30678176195  2.968651E-11
3523.09547520198  3.214710E-11
3525.884168642  3.077080E-11
3528.67286208203  2.812626E-11
3531.46155552205  2.645587E-11
3534.25024896207  3.077284E-11
3537.0389424021  3.765786E-11
3539.82763584212  4.392144E-11
3542.61632928215  4.783742E-11
3545.40502272217  4.708526E-11
3548.1937161622  4.530758E-11
3550.98240960222  4.451295E-11
3553.77110304225  4.218881E-11
3556.55979648227  3.653654E-11
3559.3484899223  3.334749E-11
3562.13718336232  3.273559E-11
3564.92587680235  3.216852E-11
3567.71457024237  2.880691E-11
3570.5032636824  2.516975E-11
3573.29195712242  2.342931E-11
3576.08065056244  2.294420E-11
3578.86934400247  2.417669E-11
3581.65803744249  2.202128E-11
3584.44673088252  1.773876E-11
3587.23542432254  1.776183E-11
3590.02411776257  2.000112E-11
3592.81281120259  2.336040E-11
3595.60150464262  2.764285E-11
3598.39019808264  3.470341E-11
3601.17889152267  4.080638E-11
3603.96758496269  4.063764E-11
3606.75627840272  3.582433E-11
3609.54497184274  3.177733E-11
3612.33366528277  2.963914E-11
3615.12235872279  3.244715E-11
3617.91105216282  3.801469E-11
3620.69974560284  3.727021E-11
3623.48843904287  3.864233E-11
3626.27713248289  4.614805E-11
3629.06582592291  5.256532E-11
3631.85451936294  5.096120E-11
3634.64321280296  4.412504E-11
3637.43190624299  4.413229E-11
3640.22059968301  5.119091E-11
3643.00929312304  5.595326E-11
3645.79798656306  5.361532E-11
3648.58668000309  4.709281E-11
3651.37537344311  4.316351E-11
3654.16406688314  4.877112E-11
3656.95276032316  5.932594E-11
3659.74145376319  6.825440E-11
3662.53014720321  7.216731E-11
3665.31884064324  6.998731E-11
3668.10753408326  6.852777E-11
3670.89622752328  6.859214E-11
3673.68492096331  6.673180E-11
3676.47361440333  6.372423E-11
3679.26230784336  6.413888E-11
3682.05100128338  6.878934E-11
3684.83969472341  6.658541E-11
3687.62838816343  2.864081E-11
3690.41708160346  4.171485E-12
3693.20577504348  1.716782E-11
3695.99446848351  5.502775E-11
3698.78316192353  6.568859E-11
3701.57185536356  6.170394E-11
3704.36054880358  5.448784E-11
3707.14924224361  4.528269E-11
3709.93793568363  4.357726E-11
3712.72662912366  5.016204E-11
3715.51532256368  5.310669E-11
3718.3040160037  4.702853E-11
3721.09270944373  3.605617E-11
3723.88140288375  3.360838E-11
3726.67009632378  3.919155E-11
3729.4587897638  3.837212E-11
3732.24748320383  3.202878E-11
3735.03617664385  2.516479E-11
3737.82487008388  2.510496E-11
3740.6135635239  3.107777E-11
3743.40225696393  3.351779E-11
3746.19095040395  2.923337E-11
3748.97964384398  2.697052E-11
3751.768337284  3.173817E-11
3754.55703072403  3.923620E-11
3757.34572416405  4.264157E-11
3760.13441760408  4.253272E-11
3762.9231110441  4.466352E-11
3765.71180448413  4.566125E-11
3768.50049792415  4.931204E-11
3771.28919136417  5.386808E-11
3774.0778848042  5.621871E-11
3776.86657824422  6.179193E-11
3779.65527168425  6.881325E-11
3782.44396512427  7.317091E-11
3785.2326585643  6.853028E-11
3788.02135200432  5.787413E-11
3790.81004544435  5.072353E-11
3793.59873888437  4.511611E-11
3796.3874323244  3.850209E-11
3799.17612576442  3.582289E-11
3801.96481920445  3.892850E-11
3804.75351264447  4.452705E-11
3807.5422060845  4.694568E-11
3810.33089952452  4.639165E-11
3813.11959296454  4.458747E-11
3815.90828640457  3.830027E-11
3818.69697984459  3.209788E-11
3821.48567328462  2.786566E-11
3824.27436672464  2.757760E-11
3827.06306016467  2.998533E-11
3829.85175360469  3.099503E-11
3832.64044704472  2.682809E-11
3835.42914048474  1.879660E-11
3838.21783392477  1.813524E-11
3841.00652736479  2.710992E-11
3843.79522080482  3.385678E-11
3846.58391424484  3.695450E-11
3849.37260768487  3.835742E-11
3852.16130112489  3.651864E-11
3854.94999456491  3.453625E-11
3857.73868800494  3.321483E-11
3860.52738144496  3.492864E-11
3863.31607488499  3.809631E-11
3866.10476832501  3.968416E-11
3868.89346176504  4.078428E-11
3871.68215520506  4.113499E-11
3874.47084864509  4.335464E-11
3877.25954208511  4.757254E-11
3880.04823552514  5.007695E-11
3882.83692896516  4.885199E-11
3885.62562240519  4.588815E-11
3888.41431584521  4.466274E-11
3891.20300928524  4.557828E-11
3893.99170272526  4.761414E-11
3896.78039616529  4.977348E-11
3899.56908960531  5.172178E-11
3902.35778304533  5.555885E-11
3905.14647648536  5.865412E-11
3907.93516992538  6.272179E-11
3910.72386336541  6.575856E-11
3913.51255680543  6.372031E-11
3916.30125024546  5.839008E-11
3919.08994368548  5.084892E-11
3921.87863712551  4.386908E-11
3924.66733056553  3.736056E-11
3927.45602400556  2.942934E-11
3930.24471744558  2.220128E-11
3933.03341088561  1.902199E-11
3935.82210432563  2.308617E-11
3938.61079776566  3.096875E-11
3941.39949120568  3.769043E-11
3944.18818464571  4.561157E-11
3946.97687808573  5.599790E-11
3949.76557152576  6.535449E-11
3952.55426496578  7.065402E-11
3955.3429584058  7.013506E-11
3958.13165184583  6.341641E-11
3960.92034528585  5.033130E-11
3963.70903872588  3.527120E-11
3966.4977321659  2.721150E-11
3969.28642560593  2.654154E-11
3972.07511904595  3.262774E-11
3974.86381248598  4.481426E-11
3977.652505926  5.832208E-11
3980.44119936603  7.144033E-11
3983.22989280605  8.773680E-11
3986.01858624608  1.028628E-10
3988.8072796861  1.075595E-10
3991.59597312613  1.081921E-10
3994.38466656615  1.131348E-10
3997.17336000617  1.225936E-10
3999.9620534462  1.294210E-10
4002.75074688622  1.287407E-10
4005.53944032625  1.296736E-10
4008.32813376627  1.404224E-10
4011.1168272063  1.528516E-10
4013.90552064632  1.600820E-10
4016.69421408635  1.613037E-10
4019.48290752637  1.514841E-10
4022.2716009664  1.434911E-10
4025.06029440642  1.392873E-10
4027.84898784645  1.314908E-10
4030.63768128647  1.225960E-10
4033.4263747265  1.273266E-10
4036.21506816652  1.387878E-10
4039.00376160654  1.388774E-10
4041.79245504657  1.270588E-10
4044.58114848659  1.214902E-10
4047.36984192662  1.302653E-10
4050.15853536664  1.379757E-10
4052.94722880667  1.351721E-10
4055.73592224669  1.289154E-10
4058.52461568672  1.219678E-10
4061.31330912674  1.150664E-10
4064.10200256677  1.178218E-10
4066.89069600679  1.277400E-10
4069.67938944682  1.308105E-10
4072.46808288684  1.311871E-10
4075.25677632687  1.336447E-10
4078.04546976689  1.474922E-10
4080.83416320692  1.668338E-10
4083.62285664694  1.791809E-10
4086.41155008696  1.909845E-10
4089.20024352699  2.012801E-10
4091.98893696702  1.981150E-10
4094.77763040704  1.773700E-10
4097.56632384706  1.470180E-10
4100.35501728709  1.262532E-10
4103.14371072711  1.215556E-10
4105.93240416714  1.197721E-10
4108.72109760716  1.179582E-10
4111.50979104719  1.216179E-10
4114.29848448721  1.290038E-10
4117.08717792724  1.342854E-10
4119.87587136726  1.368526E-10
4122.66456480729  1.402750E-10
4125.45325824731  1.399443E-10
4128.24195168734  1.325203E-10
4131.03064512736  1.258916E-10
4133.81933856739  1.264415E-10
4136.60803200741  1.293750E-10
4139.39672544744  1.230479E-10
4142.18541888746  1.161087E-10
4144.97411232748  1.196957E-10
4147.76280576751  1.222156E-10
4150.55149920753  1.236150E-10
4153.34019264756  1.301884E-10
4156.12888608758  1.398870E-10
4158.91757952761  1.479427E-10
4161.70627296763  1.483728E-10
4164.49496640766  1.411988E-10
4167.28365984768  1.333158E-10
4170.07235328771  1.277534E-10
4172.86104672773  1.251089E-10
4175.64974016775  1.287032E-10
4178.43843360778  1.385980E-10
4181.22712704781  1.493612E-10
4184.01582048783  1.557347E-10
4186.80451392786  1.555985E-10
4189.59320736788  1.522455E-10
4192.3819008079  1.443295E-10
4195.17059424793  1.322956E-10
4197.95928768795  1.271015E-10
4200.74798112798  1.327043E-10
4203.536674568  1.475715E-10
4206.32536800803  1.603545E-10
4209.11406144805  1.613660E-10
4211.90275488808  1.559987E-10
4214.6914483281  1.612781E-10
4217.48014176813  1.707815E-10
4220.26883520815  1.555561E-10
4223.05752864818  1.231607E-10
4225.8462220882  1.136901E-10
4228.63491552823  1.348942E-10
4231.42360896825  1.582282E-10
4234.21230240827  1.736783E-10
4237.0009958483  1.912177E-10
4239.78968928832  2.110294E-10
4242.57838272835  2.175783E-10
4245.36707616837  2.035389E-10
4248.1557696084  1.815772E-10
4250.94446304842  1.686200E-10
4253.73315648845  1.728788E-10
4256.52184992847  1.823778E-10
4259.3105433685  1.914447E-10
4262.09923680852  2.047309E-10
4264.88793024855  2.048075E-10
4267.67662368857  1.774826E-10
4270.4653171286  1.525791E-10
4273.25401056862  1.581608E-10
4276.04270400864  1.803190E-10
4278.83139744867  1.922608E-10
4281.62009088869  1.926026E-10
4284.40878432872  1.842375E-10
4287.19747776874  1.699009E-10
4289.98617120877  1.680067E-10
4292.77486464879  1.785457E-10
4295.56355808882  1.789183E-10
4298.35225152884  1.625758E-10
4301.14094496887  1.479286E-10
4303.92963840889  1.446527E-10
4306.71833184892  1.550377E-10
4309.50702528894  1.870330E-10
4312.29571872897  2.337447E-10
4315.08441216899  2.743701E-10
4317.87310560902  2.857964E-10
4320.66179904904  2.686604E-10
4323.45049248906  2.518553E-10
4326.23918592909  2.667667E-10
4329.02787936911  3.008763E-10
4331.81657280914  3.234198E-10
4334.60526624916  3.007806E-10
4337.39395968919  2.484240E-10
4340.18265312921  2.262436E-10
4342.97134656924  2.341458E-10
4345.76004000926  2.438905E-10
4348.54873344929  2.435963E-10
4351.33742688931  2.411598E-10
4354.12612032934  2.532566E-10
4356.91481376936  2.719672E-10
4359.70350720939  2.868940E-10
4362.49220064941  2.956679E-10
4365.28089408944  2.946138E-10
4368.06958752946  2.853197E-10
4370.85828096948  2.699351E-10
4373.64697440951  2.590534E-10
4376.43566784953  2.585425E-10
4379.22436128956  2.377665E-10
4382.01305472958  2.011331E-10
4384.80174816961  1.967866E-10
4387.59044160963  2.230195E-10
4390.37913504966  2.477735E-10
4393.16782848968  2.632248E-10
4395.95652192971  2.709968E-10
4398.74521536973  2.648466E-10
4401.53390880976  2.409580E-10
4404.32260224978  2.241509E-10
4407.11129568981  2.385218E-10
4409.89998912983  2.617605E-10
4412.68868256986  2.664569E-10
4415.47737600988  2.722690E-10
4418.2660694499  2.864874E-10
4421.05476288993  2.897475E-10
4423.84345632995  2.868974E-10
4426.63214976998  2.872836E-10
4429.42084321  2.856122E-10
4432.20953665003  2.804777E-10
4434.99823009005  2.853620E-10
4437.78692353008  3.007570E-10
4440.5756169701  3.100628E-10
4443.36431041013  3.212927E-10
4446.15300385015  3.346164E-10
4448.94169729018  3.334672E-10
4451.7303907302  3.118003E-10
4454.51908417023  2.847735E-10
4457.30777761025  2.690459E-10
4460.09647105028  2.728520E-10
4462.8851644903  2.903540E-10
4465.67385793032  3.049416E-10
4468.46255137035  3.175874E-10
4471.25124481037  3.409877E-10
4474.0399382504  3.642779E-10
4476.82863169042  3.702054E-10
4479.61732513045  3.664865E-10
4482.40601857047  3.739510E-10
4485.1947120105  3.774774E-10
4487.98340545052  3.597271E-10
4490.77209889055  3.384790E-10
4493.56079233057  3.300941E-10
4496.3494857706  3.420374E-10
4499.13817921062  3.654736E-10
4501.92687265064  3.865332E-10
4504.71556609067  3.949921E-10
4507.5042595307  3.836642E-10
4510.29295297072  3.670580E-10
4513.08164641074  3.531403E-10
4515.87033985077  3.539875E-10
4518.65903329079  3.658964E-10
4521.44772673082  3.604277E-10
4524.23642017084  3.294041E-10
4527.02511361087  3.050785E-10
4529.81380705089  3.043339E-10
4532.60250049092  3.188012E-10
4535.39119393094  3.369822E-10
4538.17988737097  3.462809E-10
4540.96858081099  3.440948E-10
4543.75727425102  3.420141E-10
4546.54596769104  3.410956E-10
4549.33466113106  3.407631E-10
4552.12335457109  3.453129E-10
4554.91204801112  3.619959E-10
4557.70074145114  3.845028E-10
4560.48943489116  3.941338E-10
4563.27812833119  3.979085E-10
4566.06682177121  4.061119E-10
4568.85551521124  4.040636E-10
4571.64420865126  4.000693E-10
4574.43290209129  3.951984E-10
4577.22159553131  3.743278E-10
4580.01028897134  3.591306E-10
4582.79898241136  3.659658E-10
4585.58767585139  3.862591E-10
4588.37636929141  3.948251E-10
4591.16506273144  3.859661E-10
4593.95375617146  3.777341E-10
4596.74244961149  3.764984E-10
4599.53114305151  3.841241E-10
4602.31983649154  3.979076E-10
4605.10852993156  4.243409E-10
4607.89722337159  4.637299E-10
4610.68591681161  4.843797E-10
4613.47461025163  4.838112E-10
4616.26330369166  4.820853E-10
4619.05199713168  4.792467E-10
4621.84069057171  4.708999E-10
4624.62938401173  4.616645E-10
4627.41807745176  4.563835E-10
4630.20677089178  4.538092E-10
4632.99546433181  4.399777E-10
4635.78415777183  4.226912E-10
4638.57285121186  4.126376E-10
4641.36154465188  4.040604E-10
4644.15023809191  3.872174E-10
4646.93893153193  3.795867E-10
4649.72762497195  3.956277E-10
4652.51631841198  4.187373E-10
4655.305011852  4.331603E-10
4658.09370529203  4.444095E-10
4660.88239873205  4.464138E-10
4663.67109217208  4.214908E-10
4666.4597856121  3.905504E-10
4669.24847905213  3.889326E-10
4672.03717249215  4.076008E-10
4674.82586593218  4.175001E-10
4677.6145593722  4.108976E-10
4680.40325281223  4.020916E-10
4683.19194625225  4.037074E-10
4685.98063969228  4.051543E-10
4688.7693331323  4.043068E-10
4691.55802657233  4.134679E-10
4694.34672001235  4.299067E-10
4697.13541345237  4.317186E-10
4699.9241068924  4.173306E-10
4702.71280033242  4.080326E-10
4705.50149377245  4.025672E-10
4708.29018721247  4.005843E-10
4711.0788806525  4.057731E-10
4713.86757409252  4.182112E-10
4716.65626753255  4.407081E-10
4719.44496097257  4.622372E-10
4722.2336544126  4.669457E-10
4725.02234785262  4.511105E-10
4727.81104129265  4.183972E-10
4730.59973473267  4.062727E-10
4733.3884281727  4.235065E-10
4736.17712161272  4.379927E-10
4738.96581505275  4.384813E-10
4741.75450849277  4.363667E-10
4744.54320193279  4.465480E-10
4747.33189537282  4.649537E-10
4750.12058881284  4.729418E-10
4752.90928225287  4.655102E-10
4755.69797569289  4.541130E-10
4758.48666913292  4.465954E-10
4761.27536257294  4.333711E-10
4764.06405601297  4.152530E-10
4766.85274945299  4.160114E-10
4769.64144289302  4.325318E-10
4772.43013633304  4.425959E-10
4775.21882977307  4.471128E-10
4778.00752321309  4.420328E-10
4780.79621665311  4.312720E-10
4783.58491009314  4.270664E-10
4786.37360353317  4.231918E-10
4789.16229697319  4.186201E-10
4791.95099041321  4.343718E-10
4794.73968385324  4.587735E-10
4797.52837729326  4.653021E-10
4800.31707073329  4.724541E-10
4803.10576417331  4.728325E-10
4805.89445761334  4.585854E-10
4808.68315105336  4.580898E-10
4811.47184449339  4.674608E-10
4814.26053793341  4.745699E-10
4817.04923137344  4.860064E-10
4819.83792481346  4.872027E-10
4822.62661825349  4.739080E-10
4825.41531169351  4.647681E-10
4828.20400513354  4.580000E-10
4830.99269857356  4.555160E-10
4833.78139201359  4.671263E-10
4836.57008545361  4.679139E-10
4839.35877889364  4.473185E-10
4842.14747233366  4.430179E-10
4844.93616577368  4.650619E-10
4847.72485921371  4.764840E-10
4850.51355265373  4.741497E-10
4853.30224609376  4.678355E-10
4856.09093953378  4.496448E-10
4858.87963297381  4.147953E-10
4861.66832641383  3.849509E-10
4864.45701985386  3.809505E-10
4867.24571329388  3.924855E-10
4870.03440673391  3.896919E-10
4872.82310017393  3.856390E-10
4875.61179361396  4.080712E-10
4878.40048705398  4.313953E-10
4881.18918049401  4.292265E-10
4883.97787393403  4.141105E-10
4886.76656737405  4.029225E-10
4889.55526081408  4.093499E-10
4892.3439542541  4.459203E-10
4895.13264769413  4.871101E-10
4897.92134113415  4.940295E-10
4900.71003457418  4.797056E-10
4903.4987280142  4.768118E-10
4906.28742145423  4.848388E-10
4909.07611489425  4.800690E-10
4911.86480833428  4.778346E-10
4914.6535017743  4.738887E-10
4917.44219521433  4.490374E-10
4920.23088865435  4.262044E-10
4923.01958209438  4.375713E-10
4925.8082755344  4.720571E-10
4928.59696897442  5.006051E-10
4931.38566241445  4.964110E-10
4934.17435585447  4.647164E-10
4936.9630492945  4.435034E-10
4939.75174273452  4.563740E-10
4942.54043617455  4.880288E-10
4945.32912961457  5.125333E-10
4948.1178230546  5.189805E-10
4950.90651649462  5.129405E-10
4953.69520993465  4.938434E-10
4956.48390337467  4.730782E-10
4959.2725968147  4.758126E-10
4962.06129025472  4.804206E-10
4964.84998369475  4.671242E-10
4967.63867713477  4.693482E-10
4970.4273705748  4.921342E-10
4973.21606401482  5.020646E-10
4976.00475745484  4.792574E-10
4978.79345089487  4.352920E-10
4981.58214433489  4.066630E-10
4984.37083777492  4.192473E-10
4987.15953121494  4.504604E-10
4989.94822465497  4.701253E-10
4992.73691809499  4.730932E-10
4995.52561153502  4.629319E-10
4998.31430497504  4.550178E-10
5001.10299841507  4.460917E-10
5003.89169185509  4.359927E-10
5006.68038529512  4.340965E-10
5009.46907873514  4.320866E-10
5012.25777217517  4.172144E-10
5015.04646561519  4.103506E-10
5017.83515905522  4.216862E-10
5020.62385249524  4.332871E-10
5023.41254593526  4.439588E-10
5026.20123937529  4.609044E-10
5028.98993281531  4.851201E-10
5031.77862625534  4.961163E-10
5034.56731969536  4.683225E-10
5037.35601313539  4.259537E-10
5040.14470657541  4.176566E-10
5042.93340001544  4.565123E-10
5045.72209345546  4.823008E-10
5048.51078689549  4.734306E-10
5051.29948033551  4.809714E-10
5054.08817377554  5.077537E-10
5056.87686721556  5.272420E-10
5059.66556065559  5.269863E-10
5062.45425409561  4.981424E-10
5065.24294753564  4.705400E-10
5068.03164097566  4.677136E-10
5070.82033441569  4.730152E-10
5073.60902785571  4.634565E-10
5076.39772129573  4.338239E-10
5079.18641473576  4.164923E-10
5081.97510817578  4.312992E-10
5084.76380161581  4.607124E-10
5087.55249505583  4.891714E-10
5090.34118849586  5.007139E-10
5093.12988193588  4.814998E-10
5095.91857537591  4.530535E-10
5098.70726881593  4.482633E-10
5101.49596225596  4.504256E-10
5104.28465569598  4.362082E-10
5107.07334913601  4.288974E-10
5109.86204257603  4.434360E-10
5112.65073601606  4.715156E-10
5115.43942945608  4.833684E-10
5118.22812289611  4.617031E-10
5121.01681633613  4.307787E-10
5123.80550977615  4.175485E-10
5126.59420321618  4.245474E-10
5129.3828966562  4.516491E-10
5132.17159009623  4.720526E-10
5134.96028353625  4.615366E-10
5137.74897697628  4.401543E-10
5140.5376704163  4.338949E-10
5143.32636385633  4.284980E-10
5146.11505729635  4.165588E-10
5148.90375073638  4.107540E-10
5151.6924441764  4.313888E-10
5154.48113761642  4.707568E-10
5157.26983105645  4.867201E-10
5160.05852449648  4.614387E-10
5162.8472179365  4.068527E-10
5165.63591137652  3.601426E-10
5168.42460481655  3.462520E-10
5171.21329825657  3.644311E-10
5174.0019916966  3.991840E-10
5176.79068513662  4.039127E-10
5179.57937857665  3.851680E-10
5182.36807201667  4.070637E-10
5185.1567654567  4.598081E-10
5187.94545889672  4.791119E-10
5190.73415233675  4.714523E-10
5193.52284577677  4.824630E-10
5196.3115392168  4.949299E-10
5199.10023265682  4.765010E-10
5201.88892609685  4.281612E-10
5204.67761953687  3.981511E-10
5207.4663129769  4.285192E-10
5210.25500641692  4.822376E-10
5213.04369985695  5.164691E-10
5215.83239329697  5.306456E-10
5218.62108673699  5.168433E-10
5221.40978017702  4.810352E-10
5224.19847361704  4.775503E-10
5226.98716705707  5.101083E-10
5229.77586049709  5.303655E-10
5232.56455393712  5.391250E-10
5235.35324737714  5.556005E-10
5238.14194081717  5.692622E-10
5240.93063425719  5.591732E-10
5243.71932769722  5.224688E-10
5246.50802113724  4.967541E-10
5249.29671457727  5.055910E-10
5252.08540801729  5.382427E-10
5254.87410145731  5.533284E-10
5257.66279489734  5.174939E-10
5260.45148833737  4.655205E-10
5263.24018177739  4.367867E-10
5266.02887521741  4.459952E-10
5268.81756865744  4.905610E-10
5271.60626209746  5.396785E-10
5274.39495553749  5.693435E-10
5277.18364897751  5.741881E-10
5279.97234241754  5.817852E-10
5282.76103585756  6.105388E-10
5285.54972929759  6.221814E-10
5288.33842273761  5.951503E-10
5291.12711617764  5.499902E-10
5293.91580961766  5.264222E-10
5296.70450305769  5.450834E-10
5299.49319649771  5.841990E-10
5302.28188993774  6.185295E-10
5305.07058337776  6.367197E-10
5307.85927681779  6.320121E-10
5310.64797025781  6.131346E-10
5313.43666369783  5.956612E-10
5316.22535713786  5.812541E-10
5319.01405057788  5.468687E-10
5321.80274401791  4.972797E-10
5324.59143745793  4.897142E-10
5327.38013089796  5.301850E-10
5330.16882433798  5.663550E-10
5332.95751777801  5.726234E-10
5335.74621121803  5.681721E-10
5338.53490465806  5.721003E-10
5341.32359809808  5.718255E-10
5344.11229153811  5.685456E-10
5346.90098497813  5.908761E-10
5349.68967841816  6.308870E-10
5352.47837185818  6.529038E-10
5355.26706529821  6.475753E-10
5358.05575873823  6.293445E-10
5360.84445217825  6.023892E-10
5363.63314561828  5.707265E-10
5366.4218390583  5.712847E-10
5369.21053249833  6.044396E-10
5371.99922593835  6.289423E-10
5374.78791937838  6.331133E-10
5377.5766128184  6.254120E-10
5380.36530625843  6.074212E-10
5383.15399969845  5.826235E-10
5385.94269313847  5.625718E-10
5388.7313865785  5.505855E-10
5391.52008001853  5.508136E-10
5394.30877345855  5.577087E-10
5397.09746689857  5.430790E-10
5399.8861603386  5.231232E-10
5402.67485377862  5.400232E-10
5405.46354721865  5.849923E-10
5408.25224065867  6.244269E-10
5411.0409340987  6.403580E-10
5413.82962753872  6.396102E-10
5416.61832097875  6.338255E-10
5419.40701441877  6.252250E-10
5422.1957078588  6.041641E-10
5424.98440129882  5.824863E-10
5427.77309473885  5.839066E-10
5430.56178817887  6.148120E-10
5433.3504816189  6.481396E-10
5436.13917505892  6.469781E-10
5438.92786849895  6.274176E-10
5441.71656193897  6.279564E-10
5444.50525537899  6.290740E-10
5447.29394881902  6.162062E-10
5450.08264225904  6.236815E-10
5452.87133569907  6.360736E-10
5455.66002913909  6.388569E-10
5458.44872257912  6.364040E-10
5461.23741601914  6.227603E-10
5464.02610945917  5.986537E-10
5466.81480289919  5.788183E-10
5469.60349633922  5.812729E-10
5472.39218977924  5.928253E-10
5475.18088321927  6.047758E-10
5477.96957665929  6.180936E-10
5480.75827009932  6.168291E-10
5483.54696353934  6.116394E-10
5486.33565697937  6.144821E-10
5489.12435041939  6.247812E-10
5491.91304385941  6.360937E-10
5494.70173729944  6.287292E-10
5497.49043073946  6.125169E-10
5500.27912417949  6.015135E-10
5503.06781761951  5.874721E-10
5505.85651105954  5.903309E-10
5508.64520449956  6.206359E-10
5511.43389793959  6.504802E-10
5514.22259137961  6.639123E-10
5517.01128481964  6.631293E-10
5519.79997825966  6.578349E-10
5522.58867169969  6.519068E-10
5525.37736513971  6.437894E-10
5528.16605857974  6.514124E-10
5530.95475201976  6.649772E-10
5533.74344545979  6.660356E-10
5536.53213889981  6.709950E-10
5539.32083233983  6.852965E-10
5542.10952577986  6.859069E-10
5544.89821921988  6.758474E-10
5547.68691265991  6.692225E-10
5550.47560609993  6.629651E-10
5553.26429953996  6.487216E-10
5556.05299297998  6.420361E-10
5558.84168642001  6.547525E-10
5561.63037986003  6.724256E-10
5564.41907330006  6.840195E-10
5567.20776674008  6.802839E-10
5569.99646018011  6.652413E-10
5572.78515362013  6.459028E-10
5575.57384706016  6.258230E-10
5578.36254050018  6.205089E-10
5581.15123394021  6.397421E-10
5583.93992738023  6.653939E-10
5586.72862082026  6.645252E-10
5589.51731426028  6.597972E-10
5592.3060077003  6.854335E-10
5595.09470114033  7.146711E-10
5597.88339458035  7.196879E-10
5600.67208802038  6.944438E-10
5603.4607814604  6.595613E-10
5606.24947490043  6.496426E-10
5609.03816834045  6.418428E-10
5611.82686178048  6.277997E-10
5614.6155552205  6.415257E-10
5617.40424866053  6.695701E-10
5620.19294210055  6.709734E-10
5622.98163554058  6.515389E-10
5625.7703289806  6.357552E-10
5628.55902242063  6.330299E-10
5631.34771586065  6.398191E-10
5634.13640930068  6.514423E-10
5636.9251027407  6.621281E-10
5639.71379618072  6.558858E-10
5642.50248962075  6.346420E-10
5645.29118306077  6.215077E-10
5648.0798765008  6.318897E-10
5650.86856994082  6.454225E-10
5653.65726338085  6.528988E-10
5656.44595682087  6.723856E-10
5659.2346502609  6.935049E-10
5662.02334370092  6.884037E-10
5664.81203714095  6.671555E-10
5667.60073058097  6.539573E-10
5670.38942402099  6.506138E-10
5673.17811746102  6.592574E-10
5675.96681090105  6.809922E-10
5678.75550434107  6.922527E-10
5681.54419778109  6.753172E-10
5684.33289122112  6.443499E-10
5687.12158466114  6.247172E-10
5689.91027810117  6.119614E-10
5692.69897154119  6.056429E-10
5695.48766498122  6.263983E-10
5698.27635842124  6.635366E-10
5701.06505186127  6.982461E-10
5703.85374530129  7.232568E-10
5706.64243874132  7.296650E-10
5709.43113218134  7.184474E-10
5712.21982562137  7.037340E-10
5715.00851906139  7.008000E-10
5717.79721250142  7.064814E-10
5720.58590594144  7.057179E-10
5723.37459938147  7.073275E-10
5726.16329282149  7.220535E-10
5728.95198626151  7.244663E-10
5731.74067970154  7.101018E-10
5734.52937314156  7.024741E-10
5737.31806658159  7.105206E-10
5740.10676002161  7.194766E-10
5742.89545346164  7.170634E-10
5745.68414690166  7.345267E-10
5748.47284034169  7.567292E-10
5751.26153378171  7.549648E-10
5754.05022722174  7.467835E-10
5756.83892066176  7.306338E-10
5759.62761410178  6.929667E-10
5762.41630754181  6.516683E-10
5765.20500098184  6.455159E-10
5767.99369442186  6.681840E-10
5770.78238786188  6.917940E-10
5773.57108130191  7.068797E-10
5776.35977474193  7.104650E-10
5779.14846818196  7.147906E-10
5781.93716162198  7.174349E-10
5784.72585506201  7.020055E-10
5787.51454850203  6.918321E-10
5790.30324194206  7.048383E-10
5793.09193538208  7.182107E-10
5795.88062882211  7.292188E-10
5798.66932226213  7.435104E-10
5801.45801570216  7.432575E-10
5804.24670914218  7.365307E-10
5807.03540258221  7.368484E-10
5809.82409602223  7.365510E-10
5812.61278946226  7.372912E-10
5815.40148290228  7.465276E-10
5818.1901763423  7.576869E-10
5820.97886978233  7.565256E-10
5823.76756322235  7.412295E-10
5826.55625666238  7.244181E-10
5829.3449501024  7.111967E-10
5832.13364354243  6.969529E-10
5834.92233698245  6.935711E-10
5837.71103042248  7.072258E-10
5840.4997238625  7.174049E-10
5843.28841730253  7.274751E-10
5846.07711074255  7.459512E-10
5848.86580418258  7.531432E-10
5851.6544976226  7.393569E-10
5854.44319106263  7.101219E-10
5857.23188450265  6.928442E-10
5860.02057794268  6.684138E-10
5862.8092713827  5.879092E-10
5865.59796482272  5.165421E-10
5868.38665826275  5.177445E-10
5871.17535170277  5.612478E-10
5873.9640451428  6.328701E-10
5876.75273858282  6.829595E-10
5879.54143202285  6.967388E-10
5882.33012546287  7.028853E-10
5885.1188189029  7.064302E-10
5887.90751234292  6.955386E-10
5890.69620578295  6.898686E-10
5893.48489922297  7.046868E-10
5896.273592663  7.192004E-10
5899.06228610302  7.201033E-10
5901.85097954305  7.123482E-10
5904.63967298307  7.108776E-10
5907.42836642309  7.096946E-10
5910.21705986312  7.019398E-10
5913.00575330314  6.979037E-10
5915.79444674317  7.030007E-10
5918.58314018319  7.108528E-10
5921.37183362322  7.121344E-10
5924.16052706324  7.078421E-10
5926.94922050327  7.104858E-10
5929.73791394329  7.260507E-10
5932.52660738332  7.438718E-10
5935.31530082334  7.469525E-10
5938.10399426337  7.450218E-10
5940.89268770339  7.513026E-10
5943.68138114342  7.437881E-10
5946.47007458344  7.206564E-10
5949.25876802347  7.054439E-10
5952.04746146349  6.971920E-10
5954.83615490351  7.002733E-10
5957.62484834354  7.119201E-10
5960.41354178356  7.160193E-10
5963.20223522359  7.118327E-10
5965.99092866361  7.119918E-10
5968.77962210364  7.182356E-10
5971.56831554366  7.200014E-10
5974.35700898369  7.095397E-10
5977.14570242371  6.890692E-10
5979.93439586374  6.813500E-10
5982.72308930376  6.873113E-10
5985.51178274379  6.983423E-10
5988.30047618381  7.091836E-10
5991.08916962384  7.219461E-10
5993.87786306386  7.364835E-10
5996.66655650389  7.431328E-10
5999.45524994391  7.398597E-10
6002.24394338394  7.433154E-10
6005.03263682396  7.566329E-10
6007.82133026398  7.753646E-10
6010.61002370401  7.919480E-10
6013.39871714403  7.881425E-10
6016.18741058406  7.659176E-10
6018.97610402408  7.469343E-10
6021.76479746411  7.414921E-10
6024.55349090413  7.384597E-10
6027.34218434416  7.289035E-10
6030.13087778418  7.420417E-10
6032.91957122421  7.672676E-10
6035.70826466423  7.629047E-10
6038.49695810426  7.397587E-10
6041.28565154428  7.118467E-10
6044.07434498431  6.910649E-10
6046.86303842433  6.841126E-10
6049.65173186435  6.763446E-10
6052.44042530438  6.735243E-10
6055.2291187444  6.908986E-10
6058.01781218443  7.025326E-10
6060.80650562445  6.986270E-10
6063.59519906448  6.965517E-10
6066.3838925045  6.952744E-10
6069.17258594453  6.926998E-10
6071.96127938455  6.993994E-10
6074.74997282458  7.166023E-10
6077.5386662646  7.038058E-10
6080.32735970463  6.723140E-10
6083.11605314465  6.606345E-10
6085.90474658468  6.653580E-10
6088.6934400247  6.750888E-10
6091.48213346473  6.634671E-10
6094.27082690475  6.296229E-10
6097.05952034477  6.387010E-10
6099.8482137848  6.856394E-10
6102.63690722482  7.140186E-10
6105.42560066485  7.086975E-10
6108.21429410487  6.970710E-10
6111.0029875449  6.992523E-10
6113.79168098492  6.841178E-10
6116.58037442495  6.498813E-10
6119.36906786497  6.321608E-10
6122.157761305  6.477686E-10
6124.94645474502  6.602106E-10
6127.73514818505  6.716035E-10
6130.52384162507  6.905307E-10
6133.31253506509  6.980205E-10
6136.10122850512  6.973720E-10
6138.88992194515  6.941405E-10
6141.67861538517  6.766845E-10
6144.46730882519  6.508885E-10
6147.25600226522  6.530792E-10
6150.04469570524  6.715174E-10
6152.83338914527  6.771687E-10
6155.62208258529  6.824958E-10
6158.41077602532  6.902232E-10
6161.19946946534  6.886618E-10
6163.98816290537  6.596070E-10
6166.77685634539  6.294603E-10
6169.56554978542  6.252058E-10
6172.35424322544  6.260847E-10
6175.14293666547  6.317975E-10
6177.93163010549  6.312509E-10
6180.72032354552  6.193001E-10
6183.50901698554  6.346393E-10
6186.29771042557  6.555554E-10
6189.08640386559  6.361625E-10
6191.87509730561  6.137207E-10
6194.66379074564  6.234011E-10
6197.45248418566  6.396665E-10
6200.24117762569  6.236645E-10
6203.02987106571  5.886793E-10
6205.81856450574  5.738243E-10
6208.60725794576  5.998348E-10
6211.39595138579  6.341480E-10
6214.18464482581  6.444085E-10
6216.97333826584  6.503447E-10
6219.76203170586  6.549533E-10
6222.55072514589  6.500049E-10
6225.33941858591  6.392487E-10
6228.12811202594  6.410161E-10
6230.91680546596  6.547602E-10
6233.70549890599  6.571076E-10
6236.49419234601  6.476082E-10
6239.28288578603  6.381917E-10
6242.07157922606  6.283232E-10
6244.86027266608  6.272004E-10
6247.64896610611  6.319720E-10
6250.43765954613  6.396646E-10
6253.22635298616  6.364795E-10
6256.01504642618  6.162358E-10
6258.80373986621  6.139817E-10
6261.59243330623  6.286090E-10
6264.38112674626  6.517496E-10
6267.16982018628  6.658299E-10
6269.95851362631  6.710718E-10
6272.74720706633  6.712247E-10
6275.53590050635  6.549414E-10
6278.32459394638  6.457803E-10
6281.1132873864  6.546814E-10
6283.90198082643  6.585607E-10
6286.69067426645  6.646417E-10
6289.47936770648  6.718482E-10
6292.2680611465  6.611117E-10
6295.05675458653  6.339951E-10
6297.84544802655  6.100740E-10
6300.63414146658  6.072183E-10
6303.4228349066  6.353776E-10
6306.21152834663  6.708127E-10
6309.00022178665  6.855742E-10
6311.78891522668  6.793605E-10
6314.5776086667  6.696823E-10
6317.36630210673  6.646630E-10
6320.15499554675  6.692753E-10
6322.94368898678  6.706435E-10
6325.7323824268  6.532341E-10
6328.52107586682  6.329743E-10
6331.30976930685  6.381596E-10
6334.09846274687  6.445430E-10
6336.8871561869  6.471020E-10
6339.67584962692  6.460107E-10
6342.46454306695  6.372322E-10
6345.25323650697  6.352155E-10
6348.041929947  6.374599E-10
6350.83062338702  6.393979E-10
6353.61931682705  6.430492E-10
6356.40801026707  6.564176E-10
6359.1967037071  6.557112E-10
6361.98539714712  6.382795E-10
6364.77409058715  6.368077E-10
6367.56278402717  6.392662E-10
6370.3514774672  6.246234E-10
6373.14017090722  6.000163E-10
6375.92886434724  5.662346E-10
6378.71755778727  5.435846E-10
6381.50625122729  5.612854E-10
6384.29494466732  6.074584E-10
6387.08363810734  6.336926E-10
6389.87233154737  6.425264E-10
6392.66102498739  6.582864E-10
6395.44971842742  6.841285E-10
6398.23841186744  7.033769E-10
6401.02710530747  7.273475E-10
6403.81579874749  7.266387E-10
6406.60449218751  6.833902E-10
