3300.  1.876098E-11
3302.79667220932  1.839650E-11
3305.59334441864  1.885573E-11
3308.39001662796  2.215979E-11
3311.18668883727  1.961848E-11
3313.98336104659  1.914745E-11
3316.78003325591  2.085699E-11
3319.57670546523  1.638915E-11
3322.37337767455  1.646551E-11
3325.17004988387  1.926671E-11
3327.96672209319  1.987150E-11
3330.76339430251  1.916565E-11
3333.56006651182  2.202609E-11
3336.35673872114  2.298515E-11
3339.15341093046  1.961641E-11
3341.95008313978  1.758833E-11
3344.7467553491  2.222593E-11
3347.54342755842  2.187208E-11
3350.34009976774  2.124114E-11
3353.13677197706  1.933444E-11
3355.93344418637  2.026687E-11
3358.73011639569  2.032828E-11
3361.52678860501  1.880309E-11
3364.32346081433  2.266529E-11
3367.12013302365  2.188577E-11
3369.91680523297  1.809992E-11
3372.71347744229  1.915980E-11
3375.51014965161  1.977861E-11
3378.30682186092  1.649810E-11
3381.10349407024  1.402325E-11
3383.90016627956  1.998900E-11
3386.69683848888  2.326955E-11
3389.4935106982  1.973145E-11
3392.29018290752  2.204404E-11
3395.08685511684  2.464573E-11
3397.88352732615  1.995475E-11
3400.68019953547  2.263165E-11
3403.47687174479  2.237722E-11
3406.27354395411  2.351433E-11
3409.07021616343  2.603377E-11
3411.86688837275  2.484635E-11
3414.66356058207  2.418159E-11
3417.46023279139  2.262845E-11
3420.2569050007  2.225804E-11
3423.05357721002  2.416161E-11
3425.85024941934  2.709162E-11
3428.64692162866  3.106560E-11
3431.44359383798  3.059953E-11
3434.2402660473  3.084225E-11
3437.03693825662  2.978254E-11
3439.83361046594  2.871379E-11
3442.63028267525  2.431482E-11
3445.42695488457  2.213731E-11
3448.22362709389  2.094432E-11
3451.02029930321  2.011700E-11
3453.81697151253  2.210089E-11
3456.61364372185  2.497573E-11
3459.41031593117  2.536752E-11
3462.20698814048  2.203107E-11
3465.0036603498  2.605383E-11
3467.80033255912  2.635095E-11
3470.59700476844  2.716682E-11
3473.39367697776  2.609806E-11
3476.19034918708  2.599775E-11
3478.9870213964  2.436718E-11
3481.78369360572  2.332445E-11
3484.58036581503  2.900999E-11
3487.37703802435  3.271881E-11
3490.17371023367  3.573565E-11
3492.97038244299  3.212335E-11
3495.76705465231  2.735954E-11
3498.56372686163  2.578161E-11
3501.36039907095  2.618415E-11
3504.15707128027  2.616640E-11
3506.95374348958  3.047806E-11
3509.7504156989  3.930454E-11
3512.54708790822  3.868030E-11
3515.34376011754  3.163893E-11
3518.14043232686  2.482827E-11
3520.93710453618  2.670467E-11
3523.7337767455  2.776712E-11
3526.53044895481  2.668897E-11
3529.32712116413  2.270600E-11
3532.12379337345  2.611335E-11
3534.92046558277  3.722236E-11
3537.71713779209  4.436730E-11
3540.51381000141  4.415289E-11
3543.31048221073  4.556927E-11
3546.10715442005  4.851446E-11
3548.90382662936  4.432929E-11
3551.70049883868  4.051430E-11
3554.497171048  4.208261E-11
3557.29384325732  4.312369E-11
3560.09051546664  4.070643E-11
3562.88718767596  4.093060E-11
3565.68385988528  3.998444E-11
3568.4805320946  3.720292E-11
3571.27720430391  3.234272E-11
3574.07387651323  2.649229E-11
3576.87054872255  2.505642E-11
3579.66722093187  2.367511E-11
3582.46389314119  1.876531E-11
3585.26056535051  1.911742E-11
3588.05723755983  2.133661E-11
3590.85390976914  2.258975E-11
3593.65058197846  2.406477E-11
3596.44725418778  2.721614E-11
3599.2439263971  2.955814E-11
3602.04059860642  3.362281E-11
3604.83727081574  3.470248E-11
3607.63394302506  3.027531E-11
3610.43061523438  2.677590E-11
3613.22728744369  2.698553E-11
3616.02395965301  2.962428E-11
3618.82063186233  3.523952E-11
3621.61730407165  3.560037E-11
3624.41397628097  4.220115E-11
3627.21064849029  4.555339E-11
3630.00732069961  4.639877E-11
3632.80399290893  3.860161E-11
3635.60066511824  3.600877E-11
3638.39733732756  3.754143E-11
3641.19400953688  4.264341E-11
3643.9906817462  4.175935E-11
3646.78735395552  3.678657E-11
3649.58402616484  3.762199E-11
3652.38069837416  4.113395E-11
3655.17737058347  4.494109E-11
3657.97404279279  5.359078E-11
3660.77071500211  5.885752E-11
3663.56738721143  5.975163E-11
3666.36405942075  6.060620E-11
3669.16073163007  5.608233E-11
3671.95740383939  6.048821E-11
3674.75407604871  5.996756E-11
3677.55074825802  6.098594E-11
3680.34742046734  6.286618E-11
3683.14409267666  4.450047E-11
3685.94076488598  1.026210E-11
3688.7374370953  3.929594E-13
3691.53410930462  2.701417E-11
3694.33078151394  5.552623E-11
3697.12745372326  5.468516E-11
3699.92412593257  5.312327E-11
3702.72079814189  5.268578E-11
3705.51747035121  4.731429E-11
3708.31414256053  4.325555E-11
3711.11081476985  4.490943E-11
3713.90748697917  5.302854E-11
3716.70415918849  5.559984E-11
3719.50083139781  4.656714E-11
3722.29750360712  3.550613E-11
3725.09417581644  3.578790E-11
3727.89084802576  3.703964E-11
3730.68752023508  3.714834E-11
3733.4841924444  3.365754E-11
3736.28086465372  2.968457E-11
3739.07753686304  3.125961E-11
3741.87420907235  3.729851E-11
3744.67088128167  3.723475E-11
3747.46755349099  3.323829E-11
3750.26422570031  3.068137E-11
3753.06089790963  3.358754E-11
3755.85757011895  3.740263E-11
3758.65424232827  4.330253E-11
3761.45091453759  4.887081E-11
3764.2475867469  5.259877E-11
3767.04425895622  5.416902E-11
3769.84093116554  5.583385E-11
3772.63760337486  5.694928E-11
3775.43427558418  6.376832E-11
3778.2309477935  7.236078E-11
3781.02762000282  7.508414E-11
3783.82429221214  8.475138E-11
3786.62096442145  8.353745E-11
3789.41763663077  7.077611E-11
3792.21430884009  6.206331E-11
3795.01098104941  5.644447E-11
3797.80765325873  4.947485E-11
3800.60432546805  4.654525E-11
3803.40099767737  5.176479E-11
3806.19766988668  6.072066E-11
3808.994342096  6.797447E-11
3811.79101430532  6.539688E-11
3814.58768651464  6.098855E-11
3817.38435872396  5.178081E-11
3820.18103093328  4.833610E-11
3822.9777031426  4.604198E-11
3825.77437535192  4.499267E-11
3828.57104756123  5.049440E-11
3831.36771977055  4.945620E-11
3834.16439197987  4.540885E-11
3836.96106418919  4.156111E-11
3839.75773639851  4.048145E-11
3842.55440860783  4.530592E-11
3845.35108081715  5.442665E-11
3848.14775302647  5.788301E-11
3850.94442523578  5.651574E-11
3853.7410974451  5.556070E-11
3856.53776965442  5.208584E-11
3859.33444186374  5.318275E-11
3862.13111407306  5.755676E-11
3864.92778628238  6.104623E-11
3867.7244584917  6.637979E-11
3870.52113070101  6.967491E-11
3873.31780291033  6.725982E-11
3876.11447511965  6.910583E-11
3878.91114732897  7.414872E-11
3881.70781953829  7.400383E-11
3884.50449174761  6.504196E-11
3887.30116395693  5.471492E-11
3890.09783616625  4.862837E-11
3892.89450837556  5.152647E-11
3895.69118058488  5.493595E-11
3898.4878527942  5.707734E-11
3901.28452500352  5.835106E-11
3904.08119721284  6.223740E-11
3906.87786942216  6.688841E-11
3909.67454163148  7.140782E-11
3912.4712138408  6.972678E-11
3915.26788605011  7.162280E-11
3918.06455825943  6.715978E-11
3920.86123046875  5.760176E-11
3923.65790267807  5.361628E-11
3926.45457488739  4.784631E-11
3929.25124709671  3.609851E-11
3932.04791930603  2.425789E-11
3934.84459151534  2.334240E-11
3937.64126372466  3.193261E-11
3940.43793593398  3.854105E-11
3943.2346081433  4.696367E-11
3946.03128035262  5.750911E-11
3948.82795256194  7.121336E-11
3951.62462477126  7.777754E-11
3954.42129698058  7.857492E-11
3957.21796918989  7.226438E-11
3960.01464139921  5.959722E-11
3962.81131360853  4.437499E-11
3965.60798581785  3.504681E-11
3968.40465802717  3.037502E-11
3971.20133023649  3.164036E-11
3973.99800244581  4.178748E-11
3976.79467465513  5.669405E-11
3979.59134686444  7.021007E-11
3982.38801907376  8.355210E-11
3985.18469128308  9.844502E-11
3987.9813634924  1.017331E-10
3990.77803570172  1.034911E-10
3993.57470791104  1.068527E-10
3996.37138012036  1.166635E-10
3999.16805232967  1.222564E-10
4001.96472453899  1.217551E-10
4004.76139674831  1.217543E-10
4007.55806895763  1.264416E-10
4010.35474116695  1.371077E-10
4013.15141337627  1.557631E-10
4015.94808558559  1.692732E-10
4018.74475779491  1.625181E-10
4021.54143000422  1.541919E-10
4024.33810221354  1.418889E-10
4027.13477442286  1.373026E-10
4029.93144663218  1.415680E-10
4032.7281188415  1.307419E-10
4035.52479105082  1.331265E-10
4038.32146326014  1.499053E-10
4041.11813546946  1.545401E-10
4043.91480767877  1.440302E-10
4046.71147988809  1.347118E-10
4049.50815209741  1.454956E-10
4052.30482430673  1.562256E-10
4055.10149651605  1.611467E-10
4057.89816872537  1.532019E-10
4060.69484093469  1.463211E-10
4063.491513144  1.438601E-10
4066.28818535332  1.474592E-10
4069.08485756264  1.557117E-10
4071.88152977196  1.615958E-10
4074.67820198128  1.578668E-10
4077.4748741906  1.577672E-10
4080.27154639992  1.758548E-10
4083.06821860924  1.955512E-10
4085.86489081855  2.146640E-10
4088.66156302787  2.385608E-10
4091.45823523719  2.467134E-10
4094.25490744651  2.207301E-10
4097.05157965583  1.839244E-10
4099.84825186515  1.505232E-10
4102.64492407447  1.364182E-10
4105.44159628379  1.348649E-10
4108.2382684931  1.443697E-10
4111.03494070242  1.530991E-10
4113.83161291174  1.560909E-10
4116.62828512106  1.659077E-10
4119.42495733038  1.695380E-10
4122.2216295397  1.827907E-10
4125.01830174902  1.937587E-10
4127.81497395834  1.848307E-10
4130.61164616765  1.786527E-10
4133.40831837697  1.715457E-10
4136.20499058629  1.736183E-10
4139.00166279561  1.780641E-10
4141.79833500493  1.757301E-10
4144.59500721425  1.683730E-10
4147.39167942357  1.805074E-10
4150.18835163288  1.914449E-10
4152.9850238422  1.907619E-10
4155.78169605152  1.996823E-10
4158.57836826084  2.179285E-10
4161.37504047016  2.365192E-10
4164.17171267948  2.242922E-10
4166.9683848888  2.079618E-10
4169.76505709812  1.981516E-10
4172.56172930743  1.905776E-10
4175.35840151675  1.889996E-10
4178.15507372607  2.031245E-10
4180.95174593539  2.145075E-10
4183.74841814471  2.157479E-10
4186.54509035403  2.118361E-10
4189.34176256335  2.156066E-10
4192.13843477267  2.240342E-10
4194.93510698198  2.122805E-10
4197.7317791913  1.901463E-10
4200.52845140062  1.816830E-10
4203.32512360994  1.896806E-10
4206.12179581926  1.989507E-10
4208.91846802858  2.193944E-10
4211.7151402379  2.174990E-10
4214.51181244722  1.954815E-10
4217.30848465653  1.863596E-10
4220.10515686585  1.642664E-10
4222.90182907517  1.322122E-10
4225.69850128449  9.762106E-11
4228.49517349381  9.608610E-11
4231.29184570313  1.282037E-10
4234.08851791245  1.673952E-10
4236.88519012176  1.970538E-10
4239.68186233108  2.254887E-10
4242.4785345404  2.418805E-10
4245.27520674972  2.500882E-10
4248.07187895904  2.269708E-10
4250.86855116836  2.012897E-10
4253.66522337768  1.845982E-10
4256.461895587  1.839548E-10
4259.25856779631  1.990719E-10
4262.05524000563  2.298151E-10
4264.85191221495  2.532479E-10
4267.64858442427  2.467446E-10
4270.44525663359  2.110323E-10
4273.24192884291  1.827213E-10
4276.03860105223  1.899642E-10
4278.83527326154  2.295300E-10
4281.63194547086  2.377357E-10
4284.42861768018  2.204540E-10
4287.2252898895  1.964055E-10
4290.02196209882  1.878513E-10
4292.81863430814  2.030077E-10
4295.61530651746  2.294408E-10
4298.41197872678  2.267662E-10
4301.20865093609  2.172583E-10
4304.00532314541  2.196659E-10
4306.80199535473  2.226722E-10
4309.59866756405  2.333665E-10
4312.39533977337  2.651910E-10
4315.19201198269  2.978129E-10
4317.98868419201  3.159685E-10
4320.78535640133  3.319774E-10
4323.58202861064  3.275575E-10
4326.37870081996  3.184714E-10
4329.17537302928  3.498458E-10
4331.9720452386  3.835366E-10
4334.76871744792  3.681812E-10
4337.56538965724  3.140142E-10
4340.36206186656  2.776844E-10
4343.15873407587  2.690466E-10
4345.95540628519  2.773503E-10
4348.75207849451  2.814070E-10
4351.54875070383  2.841461E-10
4354.34542291315  3.092921E-10
4357.14209512247  3.295930E-10
4359.93876733179  3.264616E-10
4362.73543954111  3.415615E-10
4365.53211175042  3.716401E-10
4368.32878395974  3.770271E-10
4371.12545616906  3.538208E-10
4373.92212837838  3.281797E-10
4376.7188005877  3.118887E-10
4379.51547279702  3.088033E-10
4382.31214500634  2.745801E-10
4385.10881721566  2.603736E-10
4387.90548942497  2.960159E-10
4390.70216163429  3.221121E-10
4393.49883384361  3.204247E-10
4396.29550605293  3.206801E-10
4399.09217826225  3.324384E-10
4401.88885047157  3.357811E-10
4404.68552268089  3.133874E-10
4407.48219489021  2.835688E-10
4410.27886709952  2.996946E-10
4413.07553930884  3.383653E-10
4415.87221151816  3.462622E-10
4418.66888372748  3.525173E-10
4421.4655559368  3.559848E-10
4424.26222814612  3.569571E-10
4427.05890035543  3.728867E-10
4429.85557256475  3.821820E-10
4432.65224477407  3.811516E-10
4435.44891698339  3.725946E-10
4438.24558919271  3.781526E-10
4441.04226140203  3.812882E-10
4443.83893361135  3.881986E-10
4446.63560582067  4.126140E-10
4449.43227802999  4.409444E-10
4452.2289502393  4.387834E-10
4455.02562244862  4.095237E-10
4457.82229465794  3.837352E-10
4460.61896686726  3.684918E-10
4463.41563907658  3.649368E-10
4466.2123112859  3.750201E-10
4469.00898349522  3.854884E-10
4471.80565570454  3.927102E-10
4474.60232791386  4.182963E-10
4477.39900012317  4.331172E-10
4480.19567233249  4.299918E-10
4482.99234454181  4.402035E-10
4485.78901675113  4.652650E-10
4488.58568896045  4.674428E-10
4491.38236116977  4.600738E-10
4494.17903337909  4.473343E-10
4496.9757055884  4.280842E-10
4499.77237779772  4.283472E-10
4502.56905000704  4.648880E-10
4505.36572221636  4.919506E-10
4508.16239442568  4.886935E-10
4510.959066635  4.781647E-10
4513.75573884431  4.637742E-10
4516.55241105363  4.636889E-10
4519.34908326295  4.777303E-10
4522.14575547227  4.571921E-10
4524.94242768159  4.388597E-10
4527.73909989091  4.075275E-10
4530.53577210023  3.795083E-10
4533.33244430955  3.738397E-10
4536.12911651887  3.876942E-10
4538.92578872818  4.160081E-10
4541.7224609375  4.316167E-10
4544.51913314682  4.287238E-10
4547.31580535614  4.257634E-10
4550.11247756546  4.317109E-10
4552.90914977478  4.461349E-10
4555.7058219841  4.473296E-10
4558.50249419342  4.558249E-10
4561.29916640273  4.904433E-10
4564.09583861205  5.419697E-10
4566.89251082137  5.609472E-10
4569.68918303069  5.485960E-10
4572.48585524001  5.781171E-10
4575.28252744933  5.884367E-10
4578.07919965865  5.744470E-10
4580.87587186796  5.479814E-10
4583.67254407728  5.300569E-10
4586.4692162866  5.092682E-10
4589.26588849592  4.724809E-10
4592.06256070524  4.583680E-10
4594.85923291456  4.685904E-10
4597.65590512388  4.425787E-10
4600.45257733319  4.551756E-10
4603.24924954251  4.882429E-10
4606.04592175183  5.003591E-10
4608.84259396115  5.676178E-10
4611.63926617047  6.263924E-10
4614.43593837979  6.464356E-10
4617.23261058911  6.334298E-10
4620.02928279843  6.480137E-10
4622.82595500775  6.246482E-10
4625.62262721706  5.714381E-10
4628.41929942638  5.148482E-10
4631.2159716357  4.750966E-10
4634.01264384502  4.634955E-10
4636.80931605434  4.513416E-10
4639.60598826366  4.388358E-10
4642.40266047298  4.346075E-10
4645.19933268229  4.519025E-10
4647.99600489161  4.174796E-10
4650.79267710093  4.144654E-10
4653.58934931025  4.461032E-10
4656.38602151957  4.693663E-10
4659.18269372889  5.106227E-10
4661.97936593821  5.561434E-10
4664.77603814753  5.582705E-10
4667.57271035684  5.043091E-10
4670.36938256616  4.626762E-10
4673.16605477548  4.512483E-10
4675.9627269848  4.600234E-10
4678.75939919412  4.679664E-10
4681.55607140344  4.601997E-10
4684.35274361276  4.557203E-10
4687.14941582207  4.649223E-10
4689.94608803139  4.913751E-10
4692.74276024071  5.261042E-10
4695.53943245003  5.639841E-10
4698.33610465935  5.801392E-10
4701.13277686867  5.631648E-10
4703.92944907799  5.493396E-10
4706.72612128731  5.508160E-10
4709.52279349662  5.446386E-10
4712.31946570594  5.359223E-10
4715.11613791526  5.325573E-10
4717.91281012458  5.420137E-10
4720.7094823339  5.497895E-10
4723.50615454322  5.693158E-10
4726.30282675254  5.783968E-10
4729.09949896186  5.587551E-10
4731.89617117117  5.494312E-10
4734.69284338049  5.734458E-10
4737.48951558981  5.892036E-10
4740.28618779913  5.967413E-10
4743.08286000845  6.007398E-10
4745.87953221777  6.134127E-10
4748.67620442709  6.578633E-10
4751.47287663641  6.837509E-10
4754.26954884572  6.746741E-10
4757.06622105504  6.375950E-10
4759.86289326436  5.776223E-10
4762.65956547368  4.906762E-10
4765.456237683  4.152639E-10
4768.25290989232  3.819544E-10
4771.04958210164  3.853389E-10
4773.84625431095  4.131438E-10
4776.64292652027  4.335020E-10
4779.43959872959  4.256626E-10
4782.23627093891  4.220912E-10
4785.03294314823  4.422681E-10
4787.82961535755  4.547276E-10
4790.62628756687  4.799834E-10
4793.42295977619  5.068012E-10
4796.2196319855  5.264736E-10
4799.01630419482  5.377285E-10
4801.81297640414  5.328192E-10
4804.60964861346  4.964409E-10
4807.40632082278  4.578369E-10
4810.2029930321  4.289682E-10
4812.99966524142  4.290664E-10
4815.79633745074  4.417414E-10
4818.59300966005  4.803005E-10
4821.38968186937  4.847572E-10
4824.18635407869  5.315825E-10
4826.98302628801  5.391957E-10
4829.77969849733  5.361838E-10
4832.57637070665  5.259934E-10
4835.37304291597  5.461056E-10
4838.16971512529  5.576830E-10
4840.9663873346  5.663800E-10
4843.76305954392  5.654395E-10
4846.55973175324  5.660281E-10
4849.35640396256  5.571237E-10
4852.15307617188  5.391500E-10
4854.9497483812  5.107692E-10
4857.74642059052  4.866885E-10
4860.54309279983  4.614498E-10
4863.33976500915  4.364669E-10
4866.13643721847  4.525789E-10
4868.93310942779  5.044450E-10
4871.72978163711  5.130973E-10
4874.52645384643  5.025691E-10
4877.32312605575  5.402051E-10
4880.11979826507  5.579916E-10
4882.91647047438  5.671050E-10
4885.7131426837  5.786452E-10
4888.50981489302  5.854028E-10
4891.30648710234  5.947231E-10
4894.10315931166  6.152217E-10
4896.89983152098  6.386193E-10
4899.6965037303  6.650971E-10
4902.49317593962  6.626488E-10
4905.28984814893  6.868341E-10
4908.08652035825  7.060943E-10
4910.88319256757  6.921040E-10
4913.67986477689  6.849085E-10
4916.47653698621  7.099080E-10
4919.27320919553  7.025872E-10
4922.06988140485  6.777062E-10
4924.86655361416  7.112270E-10
4927.66322582348  7.829480E-10
4930.4598980328  8.278769E-10
4933.25657024212  8.000831E-10
4936.05324245144  7.613890E-10
4938.84991466076  7.389490E-10
4941.64658687008  7.531361E-10
4944.4432590794  7.939961E-10
4947.23993128871  8.335583E-10
4950.03660349803  8.388112E-10
4952.83327570735  7.779181E-10
4955.62994791667  5.974529E-10
4958.42662012599  4.332469E-10
4961.22329233531  3.915007E-10
4964.01996454463  3.847480E-10
4966.81663675395  3.902158E-10
4969.61330896326  4.304002E-10
4972.40998117258  4.903035E-10
4975.2066533819  4.952415E-10
4978.00332559122  4.834409E-10
4980.79999780054  4.694071E-10
4983.59667000986  4.588454E-10
4986.39334221918  5.177516E-10
4989.19001442849  5.540567E-10
4991.98668663781  5.614156E-10
4994.78335884713  5.665218E-10
4997.58003105645  5.304551E-10
5000.37670326577  4.726471E-10
5003.17337547509  4.584370E-10
5005.97004768441  4.446275E-10
5008.76671989373  4.514862E-10
5011.56339210305  4.595533E-10
5014.36006431236  4.383355E-10
5017.15673652168  4.596917E-10
5019.953408731  4.904177E-10
5022.75008094032  4.831864E-10
5025.54675314964  4.997508E-10
5028.34342535896  5.392167E-10
5031.14009756828  5.762145E-10
5033.93676977759  5.923663E-10
5036.73344198691  5.813253E-10
5039.53011419623  5.764980E-10
5042.32678640555  6.115599E-10
5045.12345861487  6.723924E-10
5047.92013082419  6.899612E-10
5050.71680303351  6.592385E-10
5053.51347524283  6.559305E-10
5056.31014745214  6.838305E-10
5059.10681966146  7.076185E-10
5061.90349187078  6.995932E-10
5064.7001640801  6.855766E-10
5067.49683628942  6.793484E-10
5070.29350849874  7.016701E-10
5073.09018070806  7.077370E-10
5075.88685291737  6.851569E-10
5078.68352512669  6.548870E-10
5081.48019733601  6.335116E-10
5084.27686954533  6.488612E-10
5087.07354175465  7.132688E-10
5089.87021396397  7.455259E-10
5092.66688617329  7.629384E-10
5095.46355838261  7.756852E-10
5098.26023059193  7.268645E-10
5101.05690280124  6.865427E-10
5103.85357501056  6.627024E-10
5106.65024721988  6.572392E-10
5109.4469194292  6.663677E-10
5112.24359163852  7.191203E-10
5115.04026384784  7.797459E-10
5117.83693605716  8.219095E-10
5120.63360826647  8.056309E-10
5123.43028047579  7.499758E-10
5126.22695268511  7.297057E-10
5129.02362489443  7.453788E-10
5131.82029710375  7.880078E-10
5134.61696931307  8.097998E-10
5137.41364152239  7.984995E-10
5140.21031373171  7.717527E-10
5143.00698594102  7.643001E-10
5145.80365815034  7.414478E-10
5148.60033035966  7.143904E-10
5151.39700256898  7.357568E-10
5154.1936747783  7.850174E-10
5156.99034698762  8.483603E-10
5159.78701919694  8.596801E-10
5162.58369140625  7.875202E-10
5165.38036361557  6.033489E-10
5168.17703582489  4.338511E-10
5170.97370803421  3.685987E-10
5173.77038024353  3.744889E-10
5176.56705245285  3.984692E-10
5179.36372466217  4.268007E-10
5182.16039687149  4.405500E-10
5184.95706908081  4.836819E-10
5187.75374129012  5.241421E-10
5190.55041349944  5.431929E-10
5193.34708570876  5.729097E-10
5196.14375791808  6.007753E-10
5198.9404301274  6.127148E-10
5201.73710233672  5.517816E-10
5204.53377454603  4.989174E-10
5207.33044675535  5.055656E-10
5210.12711896467  5.748148E-10
5212.92379117399  6.540391E-10
5215.72046338331  6.981889E-10
5218.51713559263  7.186318E-10
5221.31380780195  7.170787E-10
5224.11048001127  7.181058E-10
5226.90715222059  7.667377E-10
5229.7038244299  8.315211E-10
5232.50049663922  8.487894E-10
5235.29716884854  8.412830E-10
5238.09384105786  8.086623E-10
5240.89051326718  7.771134E-10
5243.6871854765  7.355508E-10
5246.48385768582  6.915251E-10
5249.28052989513  7.018713E-10
5252.07720210445  7.471004E-10
5254.87387431377  7.832692E-10
5257.67054652309  7.739873E-10
5260.46721873241  7.082087E-10
5263.26389094173  6.474249E-10
5266.06056315105  6.386570E-10
5268.85723536036  6.954326E-10
5271.65390756969  7.815067E-10
5274.450579779  8.200155E-10
5277.24725198832  8.327481E-10
5280.04392419764  8.441610E-10
5282.84059640696  8.778064E-10
5285.63726861628  9.096068E-10
5288.4339408256  8.993808E-10
5291.23061303491  8.903179E-10
5294.02728524423  8.622901E-10
5296.82395745355  8.273627E-10
5299.62062966287  8.862451E-10
5302.41730187219  9.268550E-10
5305.21397408151  9.369593E-10
5308.01064629083  9.233981E-10
5310.80731850014  9.084342E-10
5313.60399070947  9.145949E-10
5316.40066291878  9.116770E-10
5319.1973351281  8.847393E-10
5321.99400733742  8.350335E-10
5324.79067954674  7.910278E-10
5327.58735175606  8.126457E-10
5330.38402396538  8.708121E-10
5333.1806961747  8.943503E-10
5335.97736838401  9.216055E-10
5338.77404059333  9.197992E-10
5341.57071280265  9.199556E-10
5344.36738501197  9.309898E-10
5347.16405722129  9.794608E-10
5349.96072943061  1.055615E-9
5352.75740163993  1.076597E-9
5355.55407384924  1.080177E-9
5358.35074605857  1.056708E-9
5361.14741826788  9.920342E-10
5363.9440904772  9.391797E-10
5366.74076268652  9.317260E-10
5369.53743489584  9.635217E-10
5372.33410710516  1.023494E-9
5375.13077931448  1.074481E-9
5377.92745152379  1.056331E-9
5380.72412373311  1.053184E-9
5383.52079594243  1.046703E-9
5386.31746815175  1.000972E-9
5389.11414036107  9.628811E-10
5391.91081257039  9.401282E-10
5394.70748477971  9.569190E-10
5397.50415698903  9.476546E-10
5400.30082919835  9.162662E-10
5403.09750140766  9.154316E-10
5405.89417361698  9.786512E-10
5408.6908458263  1.053825E-9
5411.48751803562  1.096184E-9
5414.28419024494  1.091353E-9
5417.08086245426  1.105995E-9
5419.87753466358  1.084104E-9
5422.67420687289  1.054763E-9
5425.47087908221  1.012306E-9
5428.26755129153  1.007536E-9
5431.06422350085  1.046949E-9
5433.86089571017  1.125795E-9
5436.65756791949  1.096640E-9
5439.45424012881  9.768276E-10
5442.25091233812  7.866881E-10
5445.04758454744  6.428808E-10
5447.84425675676  6.117519E-10
5450.64092896608  6.155554E-10
5453.4376011754  6.433163E-10
5456.23427338472  6.740875E-10
5459.03094559404  7.026788E-10
5461.82761780336  7.320729E-10
5464.62429001267  7.655719E-10
5467.42096222199  7.823520E-10
5470.21763443131  7.849559E-10
5473.01430664063  8.067177E-10
5475.81097884995  8.302252E-10
5478.60765105927  8.516086E-10
5481.40432326859  8.564081E-10
5484.20099547791  8.428025E-10
5486.99766768723  8.199815E-10
5489.79433989654  7.934400E-10
5492.59101210586  7.804448E-10
5495.38768431518  7.708031E-10
5498.1843565245  7.687264E-10
5500.98102873382  7.706476E-10
5503.77770094314  7.635128E-10
5506.57437315246  7.950677E-10
5509.37104536177  8.435565E-10
5512.16771757109  9.021062E-10
5514.96438978041  9.247462E-10
5517.76106198973  9.100342E-10
5520.55773419905  8.937536E-10
5523.35440640837  9.053917E-10
5526.15107861769  9.190143E-10
5528.947750827  9.416259E-10
5531.74442303632  9.633292E-10
5534.54109524564  9.645903E-10
5537.33776745496  9.680640E-10
5540.13443966428  9.768567E-10
5542.9311118736  9.718498E-10
5545.72778408292  9.664899E-10
5548.52445629224  9.594223E-10
5551.32112850155  9.536643E-10
5554.11780071087  9.487265E-10
5556.91447292019  9.408255E-10
5559.71114512951  9.596854E-10
5562.50781733883  9.609522E-10
5565.30448954815  9.545250E-10
5568.10116175747  9.594359E-10
5570.89783396679  9.689174E-10
5573.6945061761  9.311927E-10
5576.49117838542  8.665071E-10
5579.28785059474  8.654407E-10
5582.08452280406  8.561671E-10
5584.88119501338  8.399242E-10
5587.6778672227  8.130054E-10
5590.47453943202  8.038717E-10
5593.27121164133  8.131691E-10
5596.06788385065  8.109430E-10
5598.86455605997  8.213115E-10
5601.66122826929  8.209470E-10
5604.45790047861  7.759992E-10
5607.25457268793  7.585576E-10
5610.05124489725  7.560570E-10
5612.84791710657  7.600736E-10
5615.64458931588  7.603750E-10
5618.4412615252  7.598475E-10
5621.23793373452  7.438173E-10
5624.03460594384  7.323001E-10
5626.83127815316  7.316187E-10
5629.62795036248  7.411577E-10
5632.4246225718  7.617857E-10
5635.22129478112  8.157338E-10
5638.01796699043  8.652561E-10
5640.81463919975  8.858728E-10
5643.61131140907  8.803800E-10
5646.40798361839  8.667315E-10
5649.20465582771  8.448598E-10
5652.00132803703  8.129753E-10
5654.79800024635  8.138049E-10
5657.59467245566  8.234767E-10
5660.39134466498  8.476885E-10
5663.1880168743  8.801716E-10
5665.98468908362  8.985390E-10
5668.78136129294  9.270540E-10
5671.57803350226  9.597686E-10
5674.37470571158  9.676774E-10
5677.1713779209  9.704457E-10
5679.96805013021  9.657903E-10
5682.76472233953  9.500590E-10
5685.56139454885  9.524754E-10
5688.35806675817  9.685986E-10
5691.15473896749  9.697040E-10
5693.95141117681  9.693777E-10
5696.74808338613  9.766404E-10
5699.54475559545  9.854741E-10
5702.34142780476  1.005606E-9
5705.13810001408  1.019649E-9
5707.9347722234  1.003082E-9
5710.73144443272  9.772447E-10
5713.52811664204  9.908044E-10
5716.32478885136  1.015278E-9
5719.12146106068  1.005853E-9
5721.91813326999  1.014473E-9
5724.71480547931  1.073354E-9
5727.51147768863  1.113017E-9
5730.30814989795  1.097317E-9
5733.10482210727  1.096050E-9
5735.90149431659  1.136530E-9
5738.69816652591  1.116737E-9
5741.49483873523  1.051514E-9
5744.29151094454  9.727186E-10
5747.08818315386  9.707801E-10
5749.88485536318  1.019213E-9
5752.6815275725  1.035894E-9
5755.47819978182  1.018575E-9
5758.27487199114  1.020975E-9
5761.07154420046  1.016417E-9
5763.86821640977  9.971977E-10
5766.66488861909  1.024339E-9
5769.46156082841  1.042260E-9
5772.25823303773  1.098215E-9
5775.05490524705  1.152380E-9
5777.85157745637  1.179133E-9
5780.64824966569  1.199561E-9
5783.44492187501  1.191952E-9
5786.24159408433  1.133762E-9
5789.03826629364  1.089575E-9
5791.83493850296  1.038970E-9
5794.63161071228  9.953333E-10
5797.4282829216  9.744973E-10
5800.22495513092  9.792138E-10
5803.02162734024  9.988114E-10
5805.81829954956  1.018405E-9
5808.61497175887  1.046587E-9
5811.41164396819  1.060679E-9
5814.20831617751  1.059810E-9
5817.00498838683  1.061665E-9
5819.80166059615  1.082561E-9
5822.59833280547  1.023926E-9
5825.39500501479  9.534189E-10
5828.19167722411  8.939989E-10
5830.98834943342  8.484650E-10
5833.78502164274  8.593363E-10
5836.58169385206  8.568511E-10
5839.37836606138  8.367942E-10
5842.1750382707  8.216445E-10
5844.97171048002  8.323983E-10
5847.76838268934  8.262525E-10
5850.56505489865  8.033785E-10
5853.36172710797  7.766268E-10
5856.15839931729  7.608235E-10
5858.95507152661  7.778356E-10
5861.75174373593  7.573183E-10
5864.54841594525  6.893258E-10
5867.34508815457  6.543103E-10
5870.14176036389  6.562456E-10
5872.93843257321  6.516925E-10
5875.73510478252  6.470904E-10
5878.53177699184  6.293786E-10
5881.32844920116  6.148039E-10
5884.12512141048  6.207533E-10
5886.9217936198  6.288032E-10
5889.71846582912  6.447720E-10
5892.51513803844  6.765701E-10
5895.31181024775  6.899512E-10
5898.10848245707  6.872978E-10
5900.90515466639  7.079928E-10
5903.70182687571  7.373370E-10
5906.49849908503  7.576638E-10
5909.29517129435  7.723630E-10
5912.09184350367  7.843584E-10
5914.88851571299  8.059775E-10
5917.6851879223  8.096855E-10
5920.48186013162  7.710746E-10
5923.27853234094  7.618092E-10
5926.07520455026  7.684410E-10
5928.87187675958  7.760389E-10
5931.6685489689  7.819423E-10
5934.46522117822  7.834316E-10
5937.26189338753  7.967713E-10
5940.05856559685  8.424113E-10
5942.85523780617  8.554539E-10
5945.65191001549  8.468629E-10
5948.44858222481  8.558715E-10
5951.24525443413  8.784918E-10
5954.04192664345  9.070401E-10
5956.83859885277  9.231009E-10
5959.63527106209  9.482320E-10
5962.4319432714  9.740880E-10
5965.22861548072  9.830844E-10
5968.02528769004  9.590843E-10
5970.82195989936  9.407892E-10
5973.61863210868  9.418015E-10
5976.415304318  9.261097E-10
5979.21197652732  9.485175E-10
5982.00864873663  9.813392E-10
5984.80532094595  1.020483E-9
5987.60199315527  1.051058E-9
5990.39866536459  1.054126E-9
5993.19533757391  1.088549E-9
5995.99200978323  1.040140E-9
5998.78868199255  1.093768E-9
6001.58535420186  1.101658E-9
6004.38202641118  1.125619E-9
6007.1786986205  1.169585E-9
6009.97537082982  1.220894E-9
6012.77204303914  1.215406E-9
6015.56871524846  1.192477E-9
6018.36538745778  1.170656E-9
6021.1620596671  1.165927E-9
6023.95873187641  1.161638E-9
6026.75540408573  1.149140E-9
6029.55207629505  1.162237E-9
6032.34874850437  1.208002E-9
6035.14542071369  1.240875E-9
6037.94209292301  1.244410E-9
6040.73876513233  1.202243E-9
6043.53543734165  1.164430E-9
6046.33210955097  1.191229E-9
6049.12878176028  1.212849E-9
6051.9254539696  1.207552E-9
6054.72212617892  1.239389E-9
6057.51879838824  1.255127E-9
6060.31547059756  1.241172E-9
6063.11214280688  1.208461E-9
6065.90881501619  1.177095E-9
6068.70548722551  1.206391E-9
6071.50215943483  1.250462E-9
6074.29883164415  1.318190E-9
6077.09550385347  1.359367E-9
6079.89217606279  1.306148E-9
6082.68884827211  1.299753E-9
6085.48552048143  1.362700E-9
6088.28219269074  1.412028E-9
6091.07886490006  1.406874E-9
6093.87553710938  1.373514E-9
6096.6722093187  1.364266E-9
6099.46888152802  1.385824E-9
6102.26555373734  1.368145E-9
6105.06222594666  1.316003E-9
6107.85889815598  1.189956E-9
6110.65557036529  1.129637E-9
6113.45224257461  1.054654E-9
6116.24891478393  8.752238E-10
6119.04558699325  7.713653E-10
6121.84225920257  7.717765E-10
6124.63893141189  7.680898E-10
6127.43560362121  7.922644E-10
6130.23227583052  7.810915E-10
6133.02894803984  7.723717E-10
6135.82562024916  7.752549E-10
6138.62229245848  7.537622E-10
6141.4189646678  6.981880E-10
6144.21563687712  6.580695E-10
6147.01230908644  6.566356E-10
6149.80898129576  6.891908E-10
6152.60565350507  7.048760E-10
6155.40232571439  7.030691E-10
6158.19899792371  7.325164E-10
6160.99567013303  7.629656E-10
6163.79234234235  7.152754E-10
6166.58901455167  6.722102E-10
6169.38568676099  6.523199E-10
6172.18235897031  6.464421E-10
6174.97903117962  6.279412E-10
6177.77570338894  6.046657E-10
6180.57237559826  6.004284E-10
6183.36904780758  6.227682E-10
6186.1657200169  6.480247E-10
6188.96239222622  6.486441E-10
6191.75906443554  6.742605E-10
6194.55573664485  7.051880E-10
6197.35240885417  7.352824E-10
6200.14908106349  7.441613E-10
6202.94575327281  7.445799E-10
6205.74242548213  7.406569E-10
6208.53909769145  7.662574E-10
6211.33576990077  8.052032E-10
6214.13244211009  8.094072E-10
6216.9291143194  8.196409E-10
6219.72578652872  8.256236E-10
6222.52245873804  8.072469E-10
6225.31913094736  8.091999E-10
6228.11580315668  8.361538E-10
6230.912475366  8.805254E-10
6233.70914757532  9.193350E-10
6236.50581978464  9.296758E-10
6239.30249199395  9.150065E-10
6242.09916420327  9.179984E-10
6244.89583641259  9.530492E-10
6247.69250862191  9.667455E-10
6250.48918083123  9.986871E-10
6253.28585304055  1.049484E-9
6256.08252524987  1.065776E-9
6258.87919745918  1.084162E-9
6261.6758696685  1.115983E-9
6264.47254187782  1.120428E-9
6267.26921408714  1.134131E-9
6270.06588629646  1.161454E-9
6272.86255850578  1.184521E-9
6275.6592307151  1.207323E-9
6278.45590292442  1.255309E-9
6281.25257513373  1.271195E-9
6284.04924734305  1.232037E-9
6286.84591955237  1.233540E-9
6289.64259176169  1.238457E-9
6292.43926397101  1.198725E-9
6295.23593618033  1.144723E-9
6298.03260838965  1.126548E-9
6300.82928059897  1.172490E-9
6303.62595280828  1.266180E-9
6306.4226250176  1.326820E-9
6309.21929722692  1.335894E-9
6312.01596943624  1.348885E-9
6314.81264164556  1.350449E-9
6317.60931385488  1.334957E-9
6320.4059860642  1.314637E-9
6323.20265827352  1.305859E-9
6325.99933048283  1.302900E-9
6328.79600269215  1.344979E-9
6331.59267490147  1.392435E-9
6334.38934711079  1.403577E-9
6337.18601932011  1.421227E-9
6339.98269152943  1.441715E-9
6342.77936373875  1.443835E-9
6345.57603594806  1.410158E-9
6348.37270815738  1.392090E-9
6351.1693803667  1.363877E-9
6353.96605257602  1.350608E-9
6356.76272478534  1.373644E-9
6359.55939699466  1.388063E-9
6362.35606920398  1.370634E-9
6365.1527414133  1.373867E-9
6367.94941362261  1.393941E-9
6370.74608583193  1.482921E-9
6373.54275804125  1.546978E-9
6376.33943025057  1.531237E-9
6379.13610245989  1.460220E-9
6381.93277466921  1.389718E-9
6384.72944687853  1.379601E-9
6387.52611908785  1.484351E-9
6390.32279129716  1.554333E-9
6393.11946350648  1.644366E-9
6395.9161357158  1.735550E-9
6398.71280792512  1.785698E-9
6401.50948013444  1.743266E-9
6404.30615234376  1.636057E-9
