3300.  5.994866E-11
3302.78776377707  6.281253E-11
3305.57552755414  5.955012E-11
3308.36329133121  6.096858E-11
3311.15105510828  6.274172E-11
3313.93881888535  6.111377E-11
3316.72658266242  5.838798E-11
3319.51434643949  5.905183E-11
3322.30211021656  6.105329E-11
3325.08987399363  6.072973E-11
3327.8776377707  6.113413E-11
3330.66540154777  6.177026E-11
3333.45316532484  6.030536E-11
3336.24092910191  5.987154E-11
3339.02869287898  6.145576E-11
3341.81645665605  6.223303E-11
3344.60422043312  6.237549E-11
3347.39198421019  6.084904E-11
3350.17974798726  5.756206E-11
3352.96751176433  5.866255E-11
3355.7552755414  5.975437E-11
3358.54303931847  5.803521E-11
3361.33080309554  5.802029E-11
3364.11856687261  5.941489E-11
3366.90633064969  6.002773E-11
3369.69409442676  6.181765E-11
3372.48185820383  6.307931E-11
3375.2696219809  6.317542E-11
3378.05738575797  6.343408E-11
3380.84514953504  6.175217E-11
3383.63291331211  5.980409E-11
3386.42067708918  5.919853E-11
3389.20844086625  5.909074E-11
3391.99620464332  5.861041E-11
3394.78396842039  5.944040E-11
3397.57173219746  5.909475E-11
3400.35949597453  6.022869E-11
3403.1472597516  6.346461E-11
3405.93502352867  6.247550E-11
3408.72278730574  5.858601E-11
3411.51055108281  5.901470E-11
3414.29831485988  6.041673E-11
3417.08607863695  5.887853E-11
3419.87384241402  5.639364E-11
3422.66160619109  5.591484E-11
3425.44936996816  5.525715E-11
3428.23713374523  5.588411E-11
3431.0248975223  5.823943E-11
3433.81266129937  5.803119E-11
3436.60042507644  5.790605E-11
3439.38818885351  5.668215E-11
3442.17595263058  5.480977E-11
3444.96371640765  5.452802E-11
3447.75148018472  5.603151E-11
3450.53924396179  5.385442E-11
3453.32700773886  5.380115E-11
3456.11477151593  5.633884E-11
3458.902535293  5.627428E-11
3461.69029907007  5.571363E-11
3464.47806284714  5.569755E-11
3467.26582662421  5.589161E-11
3470.05359040128  5.768140E-11
3472.84135417835  5.909005E-11
3475.62911795542  5.937927E-11
3478.41688173249  5.718950E-11
3481.20464550956  5.710686E-11
3483.99240928663  5.960087E-11
3486.7801730637  5.927327E-11
3489.56793684077  5.713652E-11
3492.35570061784  5.741616E-11
3495.14346439491  5.911924E-11
3497.93122817198  6.126364E-11
3500.71899194905  6.131806E-11
3503.50675572612  5.971964E-11
3506.2945195032  5.784707E-11
3509.08228328027  5.756333E-11
3511.87004705734  5.690888E-11
3514.6578108344  5.522160E-11
3517.44557461148  5.402520E-11
3520.23333838855  5.444697E-11
3523.02110216562  5.535737E-11
3525.80886594269  5.543602E-11
3528.59662971976  5.412049E-11
3531.38439349683  5.296044E-11
3534.1721572739  5.255733E-11
3536.95992105097  5.413986E-11
3539.74768482804  5.549582E-11
3542.53544860511  5.689259E-11
3545.32321238218  5.698841E-11
3548.11097615925  5.572885E-11
3550.89873993632  5.341126E-11
3553.68650371339  5.215532E-11
3556.47426749046  5.143454E-11
3559.26203126753  5.123613E-11
3562.0497950446  5.124094E-11
3564.83755882167  5.078314E-11
3567.62532259874  5.154629E-11
3570.41308637581  5.303817E-11
3573.20085015288  5.469509E-11
3575.98861392995  5.495459E-11
3578.77637770702  5.560135E-11
3581.56414148409  5.552672E-11
3584.35190526116  5.418044E-11
3587.13966903823  5.233713E-11
3589.9274328153  5.353199E-11
3592.71519659237  5.469898E-11
3595.50296036944  5.428845E-11
3598.29072414651  5.463097E-11
3601.07848792358  5.722075E-11
3603.86625170065  5.848621E-11
3606.65401547772  5.679147E-11
3609.44177925479  5.679657E-11
3612.22954303186  5.419909E-11
3615.01730680893  5.247455E-11
3617.805070586  5.278254E-11
3620.59283436307  5.305500E-11
3623.38059814014  5.381836E-11
3626.16836191721  5.510402E-11
3628.95612569428  5.510121E-11
3631.74388947135  5.207608E-11
3634.53165324842  5.038455E-11
3637.31941702549  5.267599E-11
3640.10718080256  5.476165E-11
3642.89494457963  5.435811E-11
3645.6827083567  5.364391E-11
3648.47047213377  5.293239E-11
3651.25823591084  5.373098E-11
3654.04599968792  5.519081E-11
3656.83376346499  5.562861E-11
3659.62152724206  5.266107E-11
3662.40929101913  5.103746E-11
3665.1970547962  5.199999E-11
3667.98481857327  5.329446E-11
3670.77258235034  5.458937E-11
3673.56034612741  5.424224E-11
3676.34810990448  5.242344E-11
3679.13587368155  5.546640E-11
3681.92363745862  6.645951E-11
3684.71140123569  6.558758E-11
3687.49916501276  3.294588E-11
3690.28692878983  2.122078E-11
3693.0746925669  3.449119E-11
3695.86245634397  4.743403E-11
3698.65022012104  5.101310E-11
3701.43798389811  5.258792E-11
3704.22574767518  5.364860E-11
3707.01351145225  5.387559E-11
3709.80127522932  5.436342E-11
3712.58903900639  5.561217E-11
3715.37680278346  5.823826E-11
3718.16456656053  5.993473E-11
3720.9523303376  5.871428E-11
3723.74009411467  5.854249E-11
3726.52785789174  6.075360E-11
3729.31562166881  5.971699E-11
3732.10338544588  5.488739E-11
3734.89114922295  5.399120E-11
3737.67891300002  6.335754E-11
3740.46667677709  7.622944E-11
3743.25444055416  7.953056E-11
3746.04220433123  6.723977E-11
3748.8299681083  5.444577E-11
3751.61773188537  5.779366E-11
3754.40549566244  7.298056E-11
3757.19325943951  8.793864E-11
3759.98102321658  9.592515E-11
3762.76878699365  9.394546E-11
3765.55655077072  8.050424E-11
3768.34431454779  6.448219E-11
3771.13207832486  5.807704E-11
3773.91984210193  6.865750E-11
3776.707605879  9.215877E-11
3779.49536965607  1.161150E-10
3782.28313343314  1.334655E-10
3785.07089721022  1.414388E-10
3787.85866098728  1.345434E-10
3790.64642476436  1.086365E-10
3793.43418854143  7.663793E-11
3796.2219523185  5.959324E-11
3799.00971609557  6.163469E-11
3801.79747987264  7.560110E-11
3804.58524364971  9.617016E-11
3807.37300742678  1.185129E-10
3810.16077120385  1.373037E-10
3812.94853498092  1.488419E-10
3815.73629875799  1.539699E-10
3818.52406253506  1.541985E-10
3821.31182631213  1.511956E-10
3824.0995900892  1.407204E-10
3826.88735386627  1.208498E-10
3829.67511764334  9.448598E-11
3832.46288142041  7.157828E-11
3835.25064519748  6.279554E-11
3838.03840897455  6.916856E-11
3840.82617275162  8.831082E-11
3843.61393652869  1.096196E-10
3846.40170030576  1.248655E-10
3849.18946408283  1.401388E-10
3851.9772278599  1.551868E-10
3854.76499163697  1.633559E-10
3857.55275541404  1.649910E-10
3860.34051919111  1.680785E-10
3863.12828296818  1.718385E-10
3865.91604674525  1.730198E-10
3868.70381052232  1.745189E-10
3871.49157429939  1.727195E-10
3874.27933807646  1.614124E-10
3877.06710185353  1.459201E-10
3879.8548656306  1.272027E-10
3882.64262940767  1.014365E-10
3885.43039318474  7.629457E-11
3888.21815696181  6.606644E-11
3891.00592073888  7.349431E-11
3893.79368451595  9.164795E-11
3896.58144829302  1.096873E-10
3899.36921207009  1.253644E-10
3902.15697584716  1.391461E-10
3904.94473962423  1.503200E-10
3907.7325034013  1.591998E-10
3910.52026717837  1.626907E-10
3913.30803095544  1.614986E-10
3916.09579473251  1.605413E-10
3918.88355850958  1.605740E-10
3921.67132228665  1.608254E-10
3924.45908606372  1.597346E-10
3927.24684984079  1.553862E-10
3930.03461361786  1.459474E-10
3932.82237739494  1.409078E-10
3935.61014117201  1.483689E-10
3938.39790494908  1.578683E-10
3941.18566872615  1.598744E-10
3943.97343250322  1.552309E-10
3946.76119628029  1.512699E-10
3949.54896005736  1.506120E-10
3952.33672383443  1.474412E-10
3955.1244876115  1.403530E-10
3957.91225138857  1.276293E-10
3960.70001516564  1.073524E-10
3963.48777894271  8.451497E-11
3966.27554271978  6.536922E-11
3969.06330649685  5.672526E-11
3971.85107027392  5.979245E-11
3974.63883405099  7.313799E-11
3977.42659782806  9.216036E-11
3980.21436160513  1.095091E-10
3983.0021253822  1.225363E-10
3985.78988915927  1.351777E-10
3988.57765293634  1.494651E-10
3991.36541671341  1.564985E-10
3994.15318049048  1.535224E-10
3996.94094426755  1.501965E-10
3999.72870804462  1.522584E-10
4002.51647182169  1.549638E-10
4005.30423559876  1.546597E-10
4008.09199937583  1.527278E-10
4010.8797631529  1.548031E-10
4013.66752692997  1.602684E-10
4016.45529070704  1.642707E-10
4019.24305448411  1.591478E-10
4022.03081826118  1.502801E-10
4024.81858203825  1.411618E-10
4027.60634581532  1.367002E-10
4030.39410959239  1.423170E-10
4033.18187336946  1.509655E-10
4035.96963714653  1.568939E-10
4038.7574009236  1.601177E-10
4041.54516470067  1.606845E-10
4044.33292847774  1.588040E-10
4047.12069225481  1.568770E-10
4049.90845603188  1.574094E-10
4052.69621980895  1.570595E-10
4055.48398358602  1.553476E-10
4058.27174736309  1.525680E-10
4061.05951114016  1.482249E-10
4063.84727491724  1.451970E-10
4066.6350386943  1.467868E-10
4069.42280247138  1.478116E-10
4072.21056624845  1.458255E-10
4074.99833002552  1.420278E-10
4077.78609380259  1.387363E-10
4080.57385757966  1.382766E-10
4083.36162135673  1.361154E-10
4086.1493851338  1.284590E-10
4088.93714891087  1.165291E-10
4091.72491268794  1.028177E-10
4094.51267646501  8.369818E-11
4097.30044024208  6.377919E-11
4100.08820401915  5.659240E-11
4102.87596779622  6.112053E-11
4105.66373157329  7.133286E-11
4108.45149535036  8.609646E-11
4111.23925912743  1.017537E-10
4114.0270229045  1.123363E-10
4116.81478668157  1.166976E-10
4119.60255045864  1.194506E-10
4122.39031423571  1.224723E-10
4125.17807801278  1.253737E-10
4127.96584178985  1.283263E-10
4130.75360556692  1.316132E-10
4133.54136934399  1.365327E-10
4136.32913312106  1.418921E-10
4139.11689689813  1.459424E-10
4141.9046606752  1.480150E-10
4144.69242445227  1.477975E-10
4147.48018822934  1.468255E-10
4150.26795200641  1.442338E-10
4153.05571578348  1.415402E-10
4155.84347956055  1.400013E-10
4158.63124333762  1.408793E-10
4161.41900711469  1.414920E-10
4164.20677089176  1.400726E-10
4166.99453466883  1.397717E-10
4169.7822984459  1.419131E-10
4172.57006222297  1.421725E-10
4175.35782600004  1.401285E-10
4178.14558977711  1.390496E-10
4180.93335355418  1.380264E-10
4183.72111733125  1.376239E-10
4186.50888110832  1.404730E-10
4189.29664488539  1.456596E-10
4192.08440866246  1.466887E-10
4194.87217243954  1.423795E-10
4197.6599362166  1.388565E-10
4200.44769999367  1.393105E-10
4203.23546377075  1.429532E-10
4206.02322754782  1.467449E-10
4208.81099132489  1.479956E-10
4211.59875510196  1.473207E-10
4214.38651887903  1.461306E-10
4217.1742826561  1.447943E-10
4219.96204643317  1.425367E-10
4222.74981021024  1.392227E-10
4225.53757398731  1.361843E-10
4228.32533776438  1.345917E-10
4231.11310154145  1.382193E-10
4233.90086531852  1.441797E-10
4236.68862909559  1.466170E-10
4239.47639287266  1.446120E-10
4242.26415664973  1.420770E-10
4245.0519204268  1.395727E-10
4247.83968420387  1.371947E-10
4250.62744798094  1.358475E-10
4253.41521175801  1.352722E-10
4256.20297553508  1.352630E-10
4258.99073931215  1.337998E-10
4261.77850308922  1.323971E-10
4264.56626686629  1.312595E-10
4267.35403064336  1.280690E-10
4270.14179442043  1.246903E-10
4272.9295581975  1.255013E-10
4275.71732197457  1.291669E-10
4278.50508575164  1.310812E-10
4281.29284952871  1.303502E-10
4284.08061330578  1.281704E-10
4286.86837708285  1.251473E-10
4289.65614085992  1.239989E-10
4292.44390463699  1.266929E-10
4295.23166841406  1.295204E-10
4298.01943219113  1.267032E-10
4300.8071959682  1.239757E-10
4303.59495974527  1.275047E-10
4306.38272352234  1.299844E-10
4309.17048729941  1.274146E-10
4311.95825107648  1.215362E-10
4314.74601485355  1.179493E-10
4317.53377863062  1.168997E-10
4320.32154240769  1.136386E-10
4323.10930618476  1.098613E-10
4325.89706996183  1.045781E-10
4328.6848337389  9.481807E-11
4331.47259751597  8.257828E-11
4334.26036129304  6.662830E-11
4337.04812507011  5.364334E-11
4339.83588884719  5.303475E-11
4342.62365262425  6.063279E-11
4345.41141640132  6.957888E-11
4348.1991801784  7.899412E-11
4350.98694395547  8.810108E-11
4353.77470773253  9.481496E-11
4356.56247150961  1.004604E-10
4359.35023528668  1.051932E-10
4362.13799906375  1.087728E-10
4364.92576284082  1.140162E-10
4367.71352661789  1.195278E-10
4370.50129039496  1.211646E-10
4373.28905417203  1.204457E-10
4376.0768179491  1.221802E-10
4378.86458172617  1.237155E-10
4381.65234550324  1.224285E-10
4384.44010928031  1.216666E-10
4387.22787305738  1.220492E-10
4390.01563683445  1.221014E-10
4392.80340061152  1.233043E-10
4395.59116438859  1.253971E-10
4398.37892816566  1.247623E-10
4401.16669194273  1.231591E-10
4403.9544557198  1.239371E-10
4406.74221949687  1.232414E-10
4409.52998327394  1.184239E-10
4412.31774705101  1.153591E-10
4415.10551082808  1.185123E-10
4417.89327460515  1.221340E-10
4420.68103838222  1.222043E-10
4423.46880215929  1.197472E-10
4426.25656593636  1.173673E-10
4429.04432971343  1.184143E-10
4431.8320934905  1.194005E-10
4434.61985726757  1.177813E-10
4437.40762104464  1.170123E-10
4440.19538482171  1.180487E-10
4442.98314859878  1.197975E-10
4445.77091237585  1.191054E-10
4448.55867615292  1.146635E-10
4451.34643992999  1.121469E-10
4454.13420370706  1.148201E-10
4456.92196748413  1.184955E-10
4459.7097312612  1.195232E-10
4462.49749503827  1.194465E-10
4465.28525881534  1.196356E-10
4468.07302259241  1.200253E-10
4470.86078636948  1.193510E-10
4473.64855014655  1.160150E-10
4476.43631392362  1.111649E-10
4479.22407770069  1.089091E-10
4482.01184147776  1.104288E-10
4484.79960525484  1.109118E-10
4487.58736903191  1.107861E-10
4490.37513280898  1.129441E-10
4493.16289658605  1.141408E-10
4495.95066036312  1.148710E-10
4498.73842414019  1.155823E-10
4501.52618791726  1.156582E-10
4504.31395169433  1.161303E-10
4507.1017154714  1.153132E-10
4509.88947924847  1.142961E-10
4512.67724302554  1.153939E-10
4515.46500680261  1.196941E-10
4518.25277057968  1.219197E-10
4521.04053435675  1.179971E-10
4523.82829813382  1.126743E-10
4526.61606191089  1.112719E-10
4529.40382568796  1.102944E-10
4532.19158946503  1.091054E-10
4534.9793532421  1.098818E-10
4537.76711701917  1.128948E-10
4540.55488079624  1.171714E-10
4543.34264457331  1.209061E-10
4546.13040835038  1.205147E-10
4548.91817212745  1.176338E-10
4551.70593590452  1.156872E-10
4554.49369968159  1.137359E-10
4557.28146345866  1.113736E-10
4560.06922723573  1.094307E-10
4562.8569910128  1.086392E-10
4565.64475478987  1.087929E-10
4568.43251856694  1.092540E-10
4571.22028234401  1.121599E-10
4574.00804612108  1.159855E-10
4576.79580989815  1.165287E-10
4579.58357367522  1.137163E-10
4582.37133745229  1.108645E-10
4585.15910122936  1.107813E-10
4587.94686500643  1.125526E-10
4590.7346287835  1.124289E-10
4593.52239256057  1.121618E-10
4596.31015633764  1.121323E-10
4599.09792011471  1.112490E-10
4601.88568389178  1.083048E-10
4604.67344766885  1.061322E-10
4607.46121144592  1.070948E-10
4610.24897522299  1.078354E-10
4613.03673900006  1.071354E-10
4615.82450277713  1.050946E-10
4618.6122665542  1.043433E-10
4621.40003033128  1.064461E-10
4624.18779410834  1.069942E-10
4626.97555788541  1.067914E-10
4629.76332166249  1.064667E-10
4632.55108543956  1.059326E-10
4635.33884921663  1.062243E-10
4638.12661299369  1.070943E-10
4640.91437677077  1.080776E-10
4643.70214054784  1.083769E-10
4646.48990432491  1.081015E-10
4649.27766810198  1.069591E-10
4652.06543187905  1.060184E-10
4654.85319565612  1.048037E-10
4657.64095943319  1.045928E-10
4660.42872321026  1.061819E-10
4663.21648698733  1.067370E-10
4666.0042507644  1.062133E-10
4668.79201454147  1.073441E-10
4671.57977831854  1.083046E-10
4674.36754209561  1.094201E-10
4677.15530587268  1.106191E-10
4679.94306964975  1.084921E-10
4682.73083342682  1.046566E-10
4685.51859720389  1.025615E-10
4688.30636098096  1.019130E-10
4691.09412475803  1.007902E-10
4693.8818885351  1.006255E-10
4696.66965231217  1.017741E-10
4699.45741608924  1.031593E-10
4702.24517986631  1.035590E-10
4705.03294364338  1.031077E-10
4707.82070742045  1.023453E-10
4710.60847119752  1.018485E-10
4713.39623497459  1.022196E-10
4716.18399875166  1.026617E-10
4718.97176252873  1.021104E-10
4721.7595263058  1.009221E-10
4724.54729008287  9.859728E-11
4727.33505385994  9.778049E-11
4730.12281763701  1.004688E-10
4732.91058141408  1.028317E-10
4735.69834519115  1.034580E-10
4738.48610896822  1.032343E-10
4741.27387274529  1.021886E-10
4744.06163652236  1.001927E-10
4746.84940029943  9.908406E-11
4749.6371640765  1.003843E-10
4752.42492785357  1.026697E-10
4755.21269163064  1.034294E-10
4758.00045540771  1.030025E-10
4760.78821918479  1.013567E-10
4763.57598296185  9.947855E-11
4766.36374673893  9.898509E-11
4769.151510516  9.880444E-11
4771.93927429307  9.809852E-11
4774.72703807014  9.717608E-11
4777.51480184721  9.531884E-11
4780.30256562428  9.350453E-11
4783.09032940135  9.492382E-11
4785.87809317842  9.764575E-11
4788.66585695549  9.880953E-11
4791.45362073256  9.933392E-11
4794.24138450963  1.003340E-10
4797.0291482867  1.006753E-10
4799.81691206377  1.018085E-10
4802.60467584084  1.028524E-10
4805.39243961791  1.027570E-10
4808.18020339498  1.010600E-10
4810.96796717205  9.896072E-11
4813.75573094912  9.761397E-11
4816.54349472619  9.629657E-11
4819.33125850326  9.484025E-11
4822.11902228033  9.317769E-11
4824.9067860574  9.219760E-11
4827.69454983447  9.296330E-11
4830.48231361154  9.435760E-11
4833.27007738861  9.409541E-11
4836.05784116568  9.298456E-11
4838.84560494275  9.332428E-11
4841.63336871982  9.158975E-11
4844.42113249689  8.653202E-11
4847.20889627396  8.011369E-11
4849.99666005103  7.429760E-11
4852.7844238281  6.741650E-11
4855.57218760517  5.701454E-11
4858.35995138224  4.673327E-11
4861.14771515931  4.337032E-11
4863.93547893638  4.829271E-11
4866.72324271345  5.707304E-11
4869.51100649052  6.543591E-11
4872.29877026759  7.057667E-11
4875.08653404466  7.580693E-11
4877.87429782173  8.170369E-11
4880.6620615988  8.514980E-11
4883.44982537587  8.788473E-11
4886.23758915294  9.006625E-11
4889.02535293001  9.225179E-11
4891.81311670708  9.523127E-11
4894.60088048415  9.628638E-11
4897.38864426123  9.485776E-11
4900.1764080383  9.326380E-11
4902.96417181537  9.216148E-11
4905.75193559244  9.111237E-11
4908.53969936951  9.087989E-11
4911.32746314658  9.123243E-11
4914.11522692365  9.112178E-11
4916.90299070072  9.044267E-11
4919.69075447779  9.015731E-11
4922.47851825486  9.092675E-11
4925.26628203193  9.298669E-11
4928.054045809  9.397903E-11
4930.84180958607  9.258164E-11
4933.62957336314  9.093817E-11
4936.41733714021  9.011699E-11
4939.20510091728  9.095075E-11
4941.99286469435  9.186937E-11
4944.78062847142  9.189008E-11
4947.56839224849  9.162551E-11
4950.35615602556  9.096346E-11
4953.14391980263  9.049472E-11
4955.9316835797  9.062939E-11
4958.71944735677  9.102994E-11
4961.50721113384  9.124225E-11
4964.29497491091  9.066363E-11
4967.08273868798  8.985720E-11
4969.87050246505  9.083695E-11
4972.65826624212  9.132079E-11
4975.44603001919  9.132825E-11
4978.23379379626  9.133493E-11
4981.02155757333  9.034495E-11
4983.8093213504  9.031002E-11
4986.59708512747  9.130570E-11
4989.38484890454  9.092309E-11
4992.17261268161  9.096785E-11
4994.96037645868  9.170434E-11
4997.74814023575  9.114973E-11
5000.53590401282  8.989901E-11
5003.32366778989  8.847021E-11
5006.11143156696  8.805413E-11
5008.89919534403  8.913558E-11
5011.6869591211  8.961797E-11
5014.47472289817  8.845270E-11
5017.26248667524  8.624632E-11
5020.05025045231  8.479127E-11
5022.83801422938  8.489277E-11
5025.62577800645  8.575297E-11
5028.41354178352  8.648636E-11
5031.2013055606  8.673075E-11
5033.98906933766  8.643183E-11
5036.77683311473  8.595039E-11
5039.56459689181  8.594473E-11
5042.35236066888  8.592370E-11
5045.14012444595  8.597055E-11
5047.92788822302  8.561622E-11
5050.71565200009  8.522660E-11
5053.50341577716  8.372822E-11
5056.29117955423  8.251771E-11
5059.0789433313  8.359045E-11
5061.86670710837  8.423676E-11
5064.65447088544  8.415604E-11
5067.44223466251  8.517250E-11
5070.22999843958  8.623677E-11
5073.01776221665  8.625644E-11
5075.80552599372  8.425178E-11
5078.59328977079  8.205919E-11
5081.38105354786  8.082136E-11
5084.16881732493  8.039564E-11
5086.956581102  8.234647E-11
5089.74434487907  8.419012E-11
5092.53210865614  8.468613E-11
5095.31987243321  8.458012E-11
5098.10763621028  8.534030E-11
5100.89539998735  8.676184E-11
5103.68316376442  8.643599E-11
5106.47092754149  8.441851E-11
5109.25869131856  8.344692E-11
5112.04645509563  8.404222E-11
5114.8342188727  8.459215E-11
5117.62198264977  8.428313E-11
5120.40974642684  8.383386E-11
5123.19751020391  8.326854E-11
5125.98527398098  8.190319E-11
5128.77303775805  8.163236E-11
5131.56080153512  8.292061E-11
5134.34856531219  8.378905E-11
5137.13632908926  8.343514E-11
5139.92409286633  8.308858E-11
5142.7118566434  8.366172E-11
5145.49962042047  8.428992E-11
5148.28738419754  8.415094E-11
5151.07514797461  8.393200E-11
5153.86291175168  8.444506E-11
5156.65067552875  8.423554E-11
5159.43843930582  8.263389E-11
5162.22620308289  8.089503E-11
5165.01396685996  7.888803E-11
5167.80173063703  7.711937E-11
5170.58949441411  7.717958E-11
5173.37725819117  7.871358E-11
5176.16502196824  7.988257E-11
5178.95278574532  7.913169E-11
5181.74054952239  7.838960E-11
5184.52831329946  7.886228E-11
5187.31607707653  7.912624E-11
5190.1038408536  7.941905E-11
5192.89160463067  7.979292E-11
5195.67936840774  7.965322E-11
5198.46713218481  7.943905E-11
5201.25489596188  7.863418E-11
5204.04265973895  7.780705E-11
5206.83042351602  7.721164E-11
5209.61818729309  7.707866E-11
5212.40595107016  7.774522E-11
5215.19371484723  7.845023E-11
5217.9814786243  7.904499E-11
5220.76924240137  7.839537E-11
5223.55700617844  7.641308E-11
5226.34476995551  7.478958E-11
5229.13253373258  7.484375E-11
5231.92029750965  7.495391E-11
5234.70806128672  7.527698E-11
5237.49582506379  7.651153E-11
5240.28358884086  7.778370E-11
5243.07135261793  7.718490E-11
5245.859116395  7.531780E-11
5248.64688017207  7.442105E-11
5251.43464394914  7.554527E-11
5254.22240772621  7.629058E-11
5257.01017150328  7.566413E-11
5259.79793528035  7.550757E-11
5262.58569905742  7.561742E-11
5265.37346283449  7.497254E-11
5268.16122661156  7.340349E-11
5270.94899038863  7.230805E-11
5273.7367541657  7.273687E-11
5276.52451794277  7.334964E-11
5279.31228171984  7.325919E-11
5282.10004549691  7.356921E-11
5284.88780927398  7.473204E-11
5287.67557305105  7.609972E-11
5290.46333682812  7.657810E-11
5293.25110060519  7.629006E-11
5296.03886438227  7.637129E-11
5298.82662815933  7.588961E-11
5301.61439193641  7.439051E-11
5304.40215571347  7.352743E-11
5307.18991949055  7.328826E-11
5309.97768326761  7.318848E-11
5312.76544704469  7.317521E-11
5315.55321082176  7.279843E-11
5318.34097459883  7.189100E-11
5321.1287383759  7.116072E-11
5323.91650215297  7.199435E-11
5326.70426593004  7.361652E-11
5329.49202970711  7.383862E-11
5332.27979348418  7.294561E-11
5335.06755726125  7.213395E-11
5337.85532103832  7.114142E-11
5340.64308481539  7.131376E-11
5343.43084859246  7.287471E-11
5346.21861236953  7.411993E-11
5349.0063761466  7.498969E-11
5351.79413992367  7.549641E-11
5354.58190370074  7.540297E-11
5357.36966747781  7.455627E-11
5360.15743125488  7.373029E-11
5362.94519503195  7.240918E-11
5365.73295880902  7.184921E-11
5368.52072258609  7.146051E-11
5371.30848636316  7.051529E-11
5374.09625014023  7.073907E-11
5376.8840139173  7.126063E-11
5379.67177769437  7.200034E-11
5382.45954147144  7.262544E-11
5385.24730524851  7.339530E-11
5388.03506902558  7.341823E-11
5390.82283280265  7.239643E-11
5393.61059657972  7.107117E-11
5396.39836035679  6.942164E-11
5399.18612413386  6.844508E-11
5401.97388791093  6.951213E-11
5404.761651688  6.987296E-11
5407.54941546507  6.928910E-11
5410.33717924214  6.837138E-11
5413.12494301921  6.817647E-11
5415.91270679628  6.757341E-11
5418.70047057335  6.698860E-11
5421.48823435042  6.596369E-11
5424.27599812749  6.479493E-11
5427.06376190456  6.483242E-11
5429.85152568163  6.510578E-11
5432.6392894587  6.457281E-11
5435.42705323577  6.487219E-11
5438.21481701284  6.636353E-11
5441.00258078992  6.754662E-11
5443.79034456698  6.803154E-11
5446.57810834405  6.843043E-11
5449.36587212112  6.898159E-11
5452.1536358982  6.961266E-11
5454.94139967527  6.953065E-11
5457.72916345233  6.937839E-11
5460.5169272294  6.950984E-11
5463.30469100648  6.912042E-11
5466.09245478355  6.858438E-11
5468.88021856062  6.873414E-11
5471.66798233769  6.822940E-11
5474.45574611476  6.604946E-11
5477.24350989183  6.466158E-11
5480.0312736689  6.478550E-11
5482.81903744597  6.527624E-11
5485.60680122304  6.501015E-11
5488.39456500011  6.446275E-11
5491.18232877718  6.524831E-11
5493.97009255425  6.692217E-11
5496.75785633132  6.577923E-11
5499.54562010839  6.287685E-11
5502.33338388546  6.259931E-11
5505.12114766253  6.396456E-11
5507.9089114396  6.420481E-11
5510.69667521667  6.392549E-11
5513.48443899374  6.454470E-11
5516.27220277081  6.483144E-11
5519.05996654788  6.467064E-11
5521.84773032495  6.479501E-11
5524.63549410202  6.570593E-11
5527.42325787909  6.689865E-11
5530.21102165616  6.752936E-11
5532.99878543323  6.802935E-11
5535.7865492103  6.876749E-11
5538.57431298737  6.928832E-11
5541.36207676444  6.974064E-11
5544.14984054151  6.943839E-11
5546.93760431858  6.840466E-11
5549.72536809565  6.810066E-11
5552.51313187272  6.819849E-11
5555.30089564979  6.757848E-11
5558.08865942686  6.642541E-11
5560.87642320393  6.578302E-11
5563.664186981  6.544642E-11
5566.45195075807  6.440260E-11
5569.23971453514  6.304609E-11
5572.02747831221  6.242701E-11
5574.81524208928  6.242918E-11
5577.60300586635  6.260766E-11
5580.39076964342  6.273163E-11
5583.17853342049  6.206197E-11
5585.96629719756  6.105708E-11
5588.75406097464  6.029775E-11
5591.54182475171  6.059855E-11
5594.32958852878  6.176980E-11
5597.11735230585  6.243914E-11
5599.90511608292  6.179848E-11
5602.69287985999  6.117635E-11
5605.48064363706  6.132296E-11
5608.26840741413  6.151637E-11
5611.0561711912  6.121097E-11
5613.84393496827  6.086723E-11
5616.63169874534  6.125965E-11
5619.41946252241  6.141591E-11
5622.20722629948  6.167614E-11
5624.99499007655  6.185079E-11
5627.78275385362  6.152709E-11
5630.57051763069  6.103972E-11
5633.35828140776  6.151345E-11
5636.14604518483  6.198739E-11
5638.9338089619  6.195322E-11
5641.72157273897  6.177640E-11
5644.50933651604  6.211730E-11
5647.29710029311  6.244688E-11
5650.08486407018  6.211271E-11
5652.87262784725  6.140083E-11
5655.66039162432  6.127902E-11
5658.44815540139  6.175939E-11
5661.23591917846  6.177164E-11
5664.02368295553  6.193301E-11
5666.8114467326  6.170146E-11
5669.59921050967  6.126379E-11
5672.38697428674  6.127023E-11
5675.17473806381  6.164803E-11
5677.96250184088  6.175808E-11
5680.75026561795  6.118732E-11
5683.53802939502  6.023600E-11
5686.32579317209  5.964593E-11
5689.11355694916  6.011746E-11
5691.90132072623  6.022894E-11
5694.6890845033  5.977159E-11
5697.47684828037  5.959202E-11
5700.26461205744  5.967689E-11
5703.05237583451  5.941850E-11
5705.84013961158  5.903476E-11
5708.62790338865  5.904314E-11
5711.41566716572  5.911412E-11
5714.20343094279  5.904693E-11
5716.99119471986  5.946071E-11
5719.77895849693  6.011514E-11
5722.566722274  5.988061E-11
5725.35448605107  5.929500E-11
5728.14224982815  5.815033E-11
5730.93001360521  5.716583E-11
5733.71777738229  5.677887E-11
5736.50554115936  5.614991E-11
5739.29330493643  5.581594E-11
5742.0810687135  5.632778E-11
5744.86883249057  5.645171E-11
5747.65659626764  5.633686E-11
5750.44436004471  5.654211E-11
5753.23212382178  5.672209E-11
5756.01988759885  5.617847E-11
5758.80765137592  5.577368E-11
5761.59541515299  5.557217E-11
5764.38317893006  5.589765E-11
5767.17094270713  5.601959E-11
5769.9587064842  5.619082E-11
5772.74647026127  5.655535E-11
5775.53423403834  5.667487E-11
5778.32199781541  5.718886E-11
5781.10976159248  5.823892E-11
5783.89752536955  5.900003E-11
5786.68528914662  5.902487E-11
5789.47305292369  5.953535E-11
5792.26081670076  5.955923E-11
5795.04858047783  5.921932E-11
5797.8363442549  5.831038E-11
5800.62410803197  5.786416E-11
5803.41187180904  5.827535E-11
5806.19963558611  5.807375E-11
5808.98739936318  5.709546E-11
5811.77516314025  5.691710E-11
5814.56292691732  5.696477E-11
5817.35069069439  5.656656E-11
5820.13845447146  5.622419E-11
5822.92621824853  5.609071E-11
5825.7139820256  5.628189E-11
5828.50174580267  5.665592E-11
5831.28950957974  5.637395E-11
5834.07727335681  5.573464E-11
5836.86503713388  5.540280E-11
5839.65280091095  5.493239E-11
5842.44056468802  5.496167E-11
5845.22832846509  5.531809E-11
5848.01609224216  5.443775E-11
5850.80385601923  5.351275E-11
5853.5916197963  5.379895E-11
5856.37938357337  5.435630E-11
5859.16714735044  5.479125E-11
5861.95491112751  5.498267E-11
5864.74267490459  5.494855E-11
5867.53043868165  5.489282E-11
5870.31820245872  5.517451E-11
5873.1059662358  5.559434E-11
5875.89373001287  5.603187E-11
5878.68149378994  5.645200E-11
5881.46925756701  5.673514E-11
5884.25702134408  5.685324E-11
5887.04478512115  5.654472E-11
5889.83254889822  5.496641E-11
5892.62031267529  5.379452E-11
5895.40807645236  5.367728E-11
5898.19584022943  5.356910E-11
5900.9836040065  5.333723E-11
5903.77136778357  5.350900E-11
5906.55913156064  5.352026E-11
5909.34689533771  5.382419E-11
5912.13465911478  5.454989E-11
5914.92242289185  5.518071E-11
5917.71018666892  5.479615E-11
5920.49795044599  5.434568E-11
5923.28571422306  5.472123E-11
5926.07347800013  5.437798E-11
5928.8612417772  5.389729E-11
5931.64900555427  5.424651E-11
5934.43676933134  5.397308E-11
5937.22453310841  5.295110E-11
5940.01229688548  5.328476E-11
5942.80006066255  5.371702E-11
5945.58782443962  5.358059E-11
5948.37558821669  5.373705E-11
5951.16335199376  5.380456E-11
5953.95111577083  5.399275E-11
5956.7388795479  5.418002E-11
5959.52664332497  5.397767E-11
5962.31440710204  5.354245E-11
5965.10217087911  5.247358E-11
5967.88993465618  5.132440E-11
5970.67769843325  5.064388E-11
5973.46546221032  5.127918E-11
5976.25322598739  5.168843E-11
5979.04098976446  5.179690E-11
5981.82875354153  5.200270E-11
5984.6165173186  5.135411E-11
5987.40428109567  5.129741E-11
5990.19204487274  5.178447E-11
5992.97980864982  5.124167E-11
5995.76757242688  5.051690E-11
5998.55533620396  4.995781E-11
6001.34309998102  5.037424E-11
6004.1308637581  5.132769E-11
6006.91862753516  5.158765E-11
6009.70639131224  5.136883E-11
6012.49415508931  5.072143E-11
6015.28191886638  5.077971E-11
6018.06968264344  5.113470E-11
6020.85744642052  5.109201E-11
6023.64521019759  5.049086E-11
6026.43297397466  5.039457E-11
6029.22073775173  5.105739E-11
6032.0085015288  5.122126E-11
6034.79626530587  5.144533E-11
6037.58402908294  5.183829E-11
6040.37179286001  5.145308E-11
6043.15955663708  5.059642E-11
6045.94732041415  5.042377E-11
6048.73508419122  5.089787E-11
6051.52284796829  5.026468E-11
6054.31061174536  5.037109E-11
6057.09837552243  5.048171E-11
6059.8861392995  5.034629E-11
6062.67390307657  5.054198E-11
6065.46166685364  5.037402E-11
6068.24943063071  4.970147E-11
6071.03719440778  4.981841E-11
6073.82495818485  5.013686E-11
6076.61272196192  5.009707E-11
6079.40048573899  4.887388E-11
6082.18824951606  4.698640E-11
6084.97601329313  4.688677E-11
6087.7637770702  4.828861E-11
6090.55154084727  5.005513E-11
6093.33930462434  5.075681E-11
6096.12706840141  5.023169E-11
6098.91483217848  4.969381E-11
6101.70259595555  4.918748E-11
6104.49035973262  4.851992E-11
6107.27812350969  4.834888E-11
6110.06588728676  4.862354E-11
6112.85365106383  4.805292E-11
6115.6414148409  4.771733E-11
6118.42917861797  4.788533E-11
6121.21694239504  4.874138E-11
6124.00470617211  4.869512E-11
6126.79246994918  4.851506E-11
6129.58023372625  4.878408E-11
6132.36799750333  4.864474E-11
6135.15576128039  4.798194E-11
6137.94352505746  4.787724E-11
6140.73128883453  4.841214E-11
6143.5190526116  4.801075E-11
6146.30681638868  4.705208E-11
6149.09458016574  4.659398E-11
6151.88234394281  4.701043E-11
6154.67010771989  4.753704E-11
6157.45787149695  4.735934E-11
6160.24563527403  4.690945E-11
6163.0333990511  4.628936E-11
6165.82116282817  4.557074E-11
6168.60892660524  4.595340E-11
6171.39669038231  4.650736E-11
6174.18445415938  4.668603E-11
6176.97221793645  4.639854E-11
6179.75998171352  4.625953E-11
6182.54774549059  4.567094E-11
6185.33550926766  4.558627E-11
6188.12327304473  4.611510E-11
6190.9110368218  4.719367E-11
6193.69880059887  4.768927E-11
6196.48656437594  4.722550E-11
6199.27432815301  4.622472E-11
6202.06209193008  4.612256E-11
6204.84985570715  4.684159E-11
6207.63761948422  4.711188E-11
6210.42538326129  4.691580E-11
6213.21314703836  4.697901E-11
6216.00091081543  4.684797E-11
6218.7886745925  4.651086E-11
6221.57643836957  4.611752E-11
6224.36420214664  4.528581E-11
6227.15196592371  4.545156E-11
6229.93972970078  4.625367E-11
6232.72749347785  4.579333E-11
6235.51525725492  4.537967E-11
6238.30302103199  4.569741E-11
6241.09078480906  4.562707E-11
6243.87854858613  4.533743E-11
6246.6663123632  4.556799E-11
6249.45407614027  4.537052E-11
6252.24183991734  4.499693E-11
6255.02960369441  4.541110E-11
6257.81736747148  4.576475E-11
6260.60513124855  4.592103E-11
6263.39289502562  4.588308E-11
6266.18065880269  4.543665E-11
6268.96842257976  4.506156E-11
6271.75618635683  4.413238E-11
6274.5439501339  4.222840E-11
6277.33171391097  4.108919E-11
6280.11947768805  4.179328E-11
6282.90724146512  4.289569E-11
6285.69500524219  4.359250E-11
6288.48276901925  4.418461E-11
6291.27053279633  4.463498E-11
6294.0582965734  4.501468E-11
6296.84606035047  4.509328E-11
6299.63382412754  4.517657E-11
6302.42158790461  4.498753E-11
6305.20935168168  4.423007E-11
6307.99711545875  4.360843E-11
6310.78487923582  4.345527E-11
6313.57264301289  4.343705E-11
6316.36040678996  4.366251E-11
6319.14817056703  4.376318E-11
6321.9359343441  4.355619E-11
6324.72369812117  4.322477E-11
6327.51146189824  4.266770E-11
6330.29922567531  4.275525E-11
6333.08698945238  4.331696E-11
6335.87475322945  4.334231E-11
6338.66251700652  4.287686E-11
6341.45028078359  4.248142E-11
6344.23804456066  4.241485E-11
6347.02580833773  4.246482E-11
6349.8135721148  4.239244E-11
6352.60133589187  4.224942E-11
6355.38909966894  4.226031E-11
6358.17686344601  4.250778E-11
6360.96462722308  4.253395E-11
6363.75239100015  4.182630E-11
6366.54015477722  4.191267E-11
6369.32791855429  4.247874E-11
6372.11568233136  4.292460E-11
6374.90344610843  4.337965E-11
6377.6912098855  4.332841E-11
6380.47897366257  4.288211E-11
6383.26673743964  4.197571E-11
6386.05450121671  4.150481E-11
6388.84226499378  4.205014E-11
6391.63002877085  4.303117E-11
6394.41779254792  4.435431E-11
6397.20555632499  4.624155E-11
6399.99332010206  4.809458E-11
6402.78108387914  4.879206E-11
6405.5688476562  4.618948E-11
