350  0.0861
373  0.0955
397  0.1043
420  0.1114
443  0.1185
467  0.1260
490  0.1329
513  0.1397
537  0.1465
560  0.1531
583  0.1586
607  0.1638
630  0.1692
653  0.1741
677  0.1788
700  0.1834
723  0.1878
747  0.1917
770  0.1950
793  0.1972
800  0.1981
850  0.2018
900  0.2060
950  0.2121
1000 0.2200
1050 0.2290
1100 0.2381
1150 0.2468
1200 0.2551
1250 0.2632
1300 0.2702
1350 0.2763
1400 0.2837
1450 0.2921
1500 0.2985
1550 0.3037
1600 0.3084
1650 0.3126
1700 0.3163
1750 0.3197
1800 0.3232
1850 0.3271
1900 0.3310
1950 0.3350
2000 0.3391
2050 0.3438
2100 0.3491
2150 0.3548
2200 0.3610
2250 0.3677
2300 0.3747
2350 0.3823
2400 0.3902
2450 0.3973
2500 0.4022
