350  0.0551
373  0.0602
397  0.0648
420  0.0688
443  0.0728
467  0.0770
490  0.0811
513  0.0852
537  0.0894
560  0.0936
583  0.0971
607  0.1005
630  0.1038
653  0.1070
677  0.1100
700  0.1130
723  0.1160
747  0.1184
770  0.1205
793  0.1218
800  0.1234
850  0.1250
900  0.1265
950  0.1290
1000 0.1330
1050 0.1384
1100 0.1451
1150 0.1519
1200 0.1585
1250 0.1649
1300 0.1704
1350 0.1748
1400 0.1797
1450 0.1857
1500 0.1909
1550 0.1952
1600 0.1990
1650 0.2024
1700 0.2052
1750 0.2077
1800 0.2100
1850 0.2122
1900 0.2146
1950 0.2174
2000 0.2203
2050 0.2233
2100 0.2267
2150 0.2304
2200 0.2349
2250 0.2400
2300 0.2457
2350 0.2525
2400 0.2601
2450 0.2675
2500 0.2730
