350  0.0728
373  0.0803
397  0.0873
420  0.0931
443  0.0988
467  0.1049
490  0.1106
513  0.1162
537  0.1219
560  0.1275
583  0.1322
607  0.1366
630  0.1411
653  0.1452
677  0.1492
700  0.1531
723  0.1569
747  0.1602
770  0.1629
793  0.1648
800  0.1660
850  0.1688
900  0.1718
950  0.1764
1000 0.1826
1050 0.1900
1100 0.1981
1150 0.2060
1200 0.2136
1250 0.2209
1300 0.2273
1350 0.2326
1400 0.2390
1450 0.2463
1500 0.2523
1550 0.2571
1600 0.2613
1650 0.2652
1700 0.2686
1750 0.2715
1800 0.2745
1850 0.2777
1900 0.2810
1950 0.2844
2000 0.2880
2050 0.2920
2100 0.2964
2150 0.3013
2200 0.3068
2250 0.3128
2300 0.3192
2350 0.3265
2400 0.3342
2450 0.3415
2500 0.3466
