294.7435125232144  0.0332183797596296
296.03347889374095  0.03202933985330075
297.32344526426743  0.03148055220422588
298.613411634794  0.03120615837968846
299.9033780053205  0.031023229163330168
301.193344375847  0.030565906122434455
302.48331074637355  0.030382976906076192
303.7732771169001  0.0302000476897179
305.0632434874266  0.029011007783389053
306.3532098579532  0.028645149350672472
307.64317622847966  0.028828078567030763
308.9331425990062  0.02974272464882219
310.22310896953275  0.030382976906076192
311.51307534005923  0.028279290917955918
312.8030417105858  0.02672439257891049
314.0930080811123  0.02663292797073133
315.3829744516388  0.027547574052522755
316.67294082216534  0.027730503268881046
317.9629071926919  0.02699878640344791
319.2528735632184  0.026541463362552198
320.542839933745  0.026267069538014776
321.5103147116398  0.02699878640344791
323.122772674798  0.028096361701597627
324.41273904532454  0.02855368474249334
325.702705415851  0.027913432485239337
326.99267178637757  0.026541463362552198
328.2826381569041  0.026267069538014776
329.5726045274306  0.026267069538014776
330.86257089795714  0.025718281888939903
332.1525372684837  0.025901211105298194
333.44250363901017  0.026267069538014776
334.73247000953677  0.02663292797073133
336.02243638006325  0.02672439257891049
337.3124027505898  0.028004897093418468
338.60236912111634  0.028828078567030763
339.8923354916428  0.027730503268881046
341.18230186216937  0.02690732179526878
342.4722682326959  0.02663292797073133
343.7622346032224  0.027364644836164492
345.05220097374894  0.02873661395885163
346.01967575164383  0.028645149350672472
347.63213371480197  0.028279290917955918
348.92210008532857  0.029376866216105607
350.85704964111835  0.028096361701597627
352.14701601164484  0.028096361701597627
353.4369823821714  0.028645149350672472
354.7269487526979  0.02873661395885163
356.0169151232244  0.027639038660701915
357.30688149375095  0.029285401607926476
358.5968478642775  0.030931764555151037
359.886814234804  0.029285401607926476
361.1767806053306  0.029651260040643057
363.11173016112036  0.030931764555151037
364.40169653164685  0.030931764555151037
365.6916629021734  0.030291512297897033
366.98162927269993  0.029285401607926476
368.2715956432264  0.02992565386518048
369.56156201375296  0.03001711847335961
370.8515283842795  0.029193936999747344
372.141494754806  0.029468330824284766
373.4314611253326  0.030474441514255324
374.7214274958591  0.03148055220422588
376.0113938663856  0.032486662894196466
377.30136023691216  0.03138908759604675
378.59132660743865  0.031023229163330168
379.8812929779652  0.03120615837968846
381.17125934849173  0.030931764555151037
382.4612257190182  0.03202933985330075
383.75119208954476  0.03495620731503332
385.0411584600713  0.035230601139570744
386.3311248305978  0.03431595505777932
387.6210912011244  0.03422449044960016
390.2010239421774  0.03413302584142103
391.49099031270396  0.03374887448706862
392.78095668323044  0.035322065747749876
394.070923053757  0.03504767192321245
395.3608894242835  0.034041561233241896
396.65085579481  0.038248933209482444
397.94082216533656  0.04117580067121501
399.1232913383192  0.03803551579039777
400.5207549063896  0.03577938878864559
402.4557044621794  0.0355964595722873
404.3906540179692  0.03641964104589959
405.68062038849575  0.036785499478616146
406.97058675902224  0.03724282251951186
408.905536314812  0.03797453938494502
410.19550268533857  0.039712366940348715
411.4854690558651  0.041358729887573276
412.7754354263916  0.04035261919760272
414.0654017969182  0.04099287145485672
415.3553681674447  0.04172458832028986
416.6453345379712  0.04218191136118557
417.93530090849777  0.042730699010260415
418.9027756863926  0.04327948665933529
421.16021683481404  0.04401120352476842
422.4501832053406  0.044285597349305844
423.7401495758671  0.04474292039020156
425.0301159463936  0.04547463725563469
426.3200823169202  0.045749031080172115
427.6100486874467  0.0467551417701427
428.90001505797323  0.048858827758262974
430.1899814284997  0.04995640305641269
431.47994779902626  0.04940761540733782
432.7699141695528  0.04931615079915869
434.05988054007935  0.05114544296274154
435.34984691060583  0.05151130139545809
436.6398132811324  0.05013933227277095
437.9297796516589  0.05251741208542868
439.21974602218546  0.05398084581629495
440.50971239271195  0.05443816885719066
441.7996787632385  0.05462109807354895
443.08964513376503  0.05480402728990724
444.3796115042915  0.05544427954716122
445.66957787481806  0.056541854845310935
446.9595442453446  0.056907713278027516
448.24951061587115  0.05727357171074407
449.53947698639763  0.058279682400714655
450.8294433569242  0.05864554083343121
452.1194097274507  0.05891993465796866
453.40937609797726  0.06020043917247664
454.69934246850374  0.061206549862447196
455.9893088390303  0.060932156037909774
457.27927520955683  0.06138947907880549
458.56924158008337  0.06285291280967178
459.85920795060986  0.06376755889146321
461.1491743211364  0.06422488193235892
462.43914069166294  0.06395048810782147
463.7291070621894  0.06459074036507548
465.01907343271597  0.06541392183868777
466.95402298850576  0.0663285679204792
468.2439893590323  0.06687735556955404
469.53395572955884  0.06770053704316634
470.8239221000853  0.06834078930042031
472.11388847061187  0.0687066477331369
473.4038548411384  0.06989568763946574
474.69382121166495  0.07081033372125717
475.98378758219144  0.07099326293761546
477.273753952718  0.07135912137033204
478.5637203232445  0.0717249798030486
479.85368669377107  0.07218230284394431
480.82116147166596  0.07254816127666089
482.4336194348241  0.0730054843175566
483.72358580535064  0.07245669666848173
485.0135521758772  0.07346280735845231
486.30351854640367  0.07593235177928914
487.5934849169302  0.07895068384920084
488.88345128745675  0.078401896200126
490.17341765798324  0.077761643942872
491.4633840285098  0.07821896698376771
492.7533503990363  0.07876775463284258
494.04331676956286  0.07959093610645485
495.33328314008935  0.07995679453917143
496.6232495106159  0.08050558218824627
497.91321588114243  0.08087144062096285
499.203182251669  0.08151169287821686
500.49314862219546  0.08251780356818741
501.783114992722  0.08352391425815797
503.07308136324855  0.08480441877266598
504.36304773377503  0.08626785250353225
505.6530141043016  0.08635931711171141
506.9429804748281  0.08645078171989054
508.23294684535466  0.08718249858532368
509.52291321588115  0.08782275084257768
510.8128795864077  0.08846300309983168
512.1028459569343  0.08882886153254824
513.3928123274608  0.08919471996526482
514.6827786979873  0.08928618457344395
515.9727450685139  0.09056668908795196
517.2627114390403  0.0941338088069385
518.5526778095668  0.09523138410508822
519.8426441800934  0.0949569902805508
521.1326105506199  0.09504845488872993
522.4225769211464  0.09614603018687964
523.712543291673  0.09550577792962564
525.0025096621995  0.09559724253780479
526.292476032726  0.09888996843225392
527.5824424032526  0.10108511902855334
528.8724087737791  0.10154244206944905
530.1623751443055  0.10135951285309076
531.4523415148321  0.10172537128580735
532.7423078853587  0.10328026962485276
534.0322742558851  0.10492663257207732
535.3222406264117  0.10520102639661476
536.6122069969383  0.1065729955193019
537.9021733674647  0.10840228768288475
539.1921397379913  0.10995718602193016
540.4821061085179  0.1113291551446173
541.7720724790444  0.11242673044276702
543.0620388495709  0.11343284113273758
544.3520052200975  0.11498773947178301
545.6419715906239  0.11617677937811186
546.9319379611504  0.11773167771715728
548.221904331677  0.11974389909709841
549.1893791095719  0.12084147439524813
550.80183707273  0.12303662499154755
552.0918034432566  0.12495738176330953
553.3817698137831  0.12587202784510096
554.6717361843096  0.1262378862778175
555.9617025548362  0.12815864304957952
557.2516689253627  0.1296220767804458
558.5416352958891  0.1318477155794716
559.8316016664157  0.1349270240548361
561.1215680369423  0.13666485161023978
562.4115344074687  0.1382197499492852
563.7015007779953  0.1399575775046889
564.9914671485219  0.14105515280283862
566.2814335190484  0.14151247584373433