293.4985711337538  0.05763513093238787
294.75709273814147  0.05408278216637985
295.70098394143224  0.04608999744286177
298.5326575513045  0.04603671221137165
299.79117915569225  0.04529071897050996
301.04970076007993  0.048868441656275186
303.25211356775833  0.04431382305985776
302.3082223644676  0.05263223975359321
303.5667439688553  0.05159613803017421
304.825265573243  0.048843067736518
305.76915677653375  0.048399024140766994
307.34230878201834  0.05106328571527302
309.8593519907937  0.052306607783375814
310.8032431940845  0.050175198523771
313.00565600176293  0.04777736310671557
314.5788080072475  0.0498199636471702
316.781220814926  0.05070805083867222
317.72511201821675  0.05070805083867222
321.1860464302829  0.048754259017367796
323.70308963905825  0.052617438300401526
324.961611243446  0.054704443200431246
325.9055024467367  0.05195137290677501
327.47865445222135  0.05106328571527302
329.9956976609967  0.05106328571527302
333.77126247415976  0.050086389804620796
335.65904488074125  0.048399024140766994
336.917566485129  0.05106328571527302
337.8614576884197  0.05106328571527302
339.74924009500126  0.05106328571527302
342.5809137048735  0.048399024140766994
343.52480490816436  0.05106328571527302
345.7272177158428  0.05106328571527302
347.6150001224243  0.05195137290677501
349.5027825290058  0.050974476996122814
350.76130413339354  0.049198302613118805
353.2783473421689  0.05195137290677501
354.5368689465566  0.050175198523771
355.79539055094426  0.04857664157906738
357.3685425564289  0.05106328571527302
358.9416945619135  0.051507329311024
359.88558576520427  0.050175198523771
362.0879985728827  0.05301707753657742
365.2343025838519  0.05301707753657742
367.12208499043345  0.050086389804620796
370.2683890014026  0.05106328571527302
373.4146930123719  0.050885668276972607
374.35858421566263  0.05301707753657742
375.9317362211473  0.055592530391933265
377.1902578255349  0.05301707753657742
378.44877942992264  0.04262645739600393
379.7073010343103  0.050175198523771
380.6511922376011  0.04697808463436379
382.2243442430857  0.04706689335351397
382.95848184564517  0.05224740197060901
383.48286584747336  0.04774776020033217
383.79749624857027  0.05656942630258546
384.42675705076414  0.048754259017367796
385.3706482540549  0.05372754728977905
386.6291698584426  0.05106328571527302
387.8876914628303  0.05328350369402804
389.14621306721796  0.05461563448128104
390.40473467160564  0.05328350369402804
391.3486258748964  0.05195137290677501
394.80956028696255  0.050530433400371805
395.75345149025327  0.05248422522167623
396.17295869171585  0.05505967807703205
396.8022194939097  0.06252947812111007
397.3266034957379  0.05443801704298065
397.9558642979317  0.06485824008993754
398.5851251001256  0.05417159088553003
398.89975550122256  0.05870083556219027
399.21438590231946  0.06127628841754609
401.102168308901  0.05683585246003606
402.04605951219173  0.056924661179186264
406.13625472645174  0.057723939651538075
409.2825587374209  0.06012177506859348
410.22644994071175  0.06296365408139992
411.7996019461963  0.06385174127290191
414.3166451549717  0.06367412383460153
416.83368836374706  0.06296365408139992
420.6092531769101  0.06473982846440393
425.6433395944608  0.06465101974525372
428.7896436054301  0.06616076797080714
430.04816520981774  0.06873622082616296
432.5652084185931  0.06980192545596536
432.87983881969006  0.06527268077930515
433.82373002298084  0.07237737831132118
435.0822516273685  0.0719333347155702
436.3407732317562  0.06953549929851477
437.5992948361439  0.0711636591496018
438.54318603943466  0.0732654655028232
441.3748596493069  0.07459759629007623
444.52116366027616  0.07548568348157822
445.46505486356693  0.07557449220072843
447.6674676712454  0.07681781426883125
448.6113588745361  0.07681781426883125
452.07229328660225  0.07681781426883125
454.58933649537767  0.07974850200078787
457.106379704153  0.08063658919228986
458.0502709074438  0.08072539791144007
460.8819445173161  0.08285680717104488
465.9160309348668  0.08321204204764568
470.3208565502237  0.0851658338689501
472.8378997589991  0.0848105989923493
474.0964213633868  0.08596511234130191
475.3549429677745  0.08623153849875251
476.2988341710652  0.08676439081365372
478.50124697874367  0.08871818263495815
482.9060725941006  0.08871818263495815
484.16459419848826  0.08871818263495815
485.42311580287594  0.08925103494985934
486.6816374072636  0.09138244420946418
490.4572022204267  0.09324742731161838
492.3449846270082  0.09449074937972118
494.23276703358977  0.0951124104137726
495.49128863797745  0.09422432322227059
500.5253750555282  0.097066202235077
501.7838966599159  0.09981927252873324
503.0424182643036  0.1006895979764052
503.9863094675943  0.10044093356278463
506.18872227527277  0.09919761149468183
507.13261347856354  0.09919761149468183
511.22280869282355  0.10052974228193484
512.1666998961143  0.10044093356278463
514.3691127037928  0.09981927252873324
515.6276343081804  0.10044093356278463
516.8861559125681  0.10331241548197448
518.1446775169559  0.10585826543094688
521.2909815279249  0.10594707415009709
522.2348727312158  0.11109797986080873
525.066546341088  0.10594707415009709
525.6958071432819  0.11287415424381275
526.0104375443789  0.1077232485331011
526.9543287476696  0.11094996532889174
530.1006327586388  0.11145321473740953
531.9884151652204  0.11278534552466254
532.9323063685111  0.11287415424381275
534.5054583739957  0.11376224143531476
535.7639799783834  0.11411747631191556
536.7078711816741  0.11447271118851636
538.9102839893526  0.11740339892047298
540.7980663959341  0.11989004305667861
541.7419575992249  0.11997885177582882
545.832152813485  0.12228787847373403
548.978456824454  0.12504094876739025
551.4955000332295  0.12761640162274607
555.9003256485864  0.12859329753339827