299.981172	0.013750
300.759382	0.013947
300.913142	0.014286
302.151061	0.011960
303.701205	0.013443
304.007155	0.012729
304.626898	0.013640
304.939124	0.013640
306.330802	0.014981
306.796787	0.014144
307.102736	0.014766
307.568721	0.014286
307.880946	0.015000
308.186896	0.014336
308.652881	0.014231
308.960399	0.013192
309.424815	0.012262
309.578574	0.011727
309.890800	0.012587
310.272060	0.008115
310.546630	0.014858
310.822769	0.012121
311.098908	0.017325
311.375047	0.018217
311.644910	0.022259
311.919480	0.015663
312.195619	0.020936
312.471759	0.014034
312.747898	0.013301
313.292331	0.007150
313.844609	0.019398
314.120748	0.015123
314.390611	0.018199
314.665181	0.024690
314.941320	0.021097
315.217460	0.020794
315.493599	0.021238
315.768169	0.024671
316.038032	0.018469
316.314171	0.018002
316.590310	0.019490
317.141019	0.013160
317.410882	0.017590
317.963161	0.012478
318.239300	0.017590
318.783733	0.008601
319.059872	0.004898
319.612150	0.017201
319.886720	0.020776
320.156583	0.021202
320.432722	0.031395
320.708862	0.030736
320.985001	0.026942
321.529434	0.035721
321.805573	0.032077
322.081712	0.024978
322.357851	0.028374
323.178423	0.006097
323.454563	0.015965
323.730702	0.016396
324.275135	0.013301
324.551274	0.016931
324.827413	0.015196
325.103552	0.010692
325.378122	0.017270
325.924125	0.038225
326.200264	0.035812
326.476403	0.038495
327.573114	0.029697
328.123823	0.026978
328.669826	0.021614
328.945965	0.023083
329.222104	0.030718
329.772813	0.033075
330.318815	0.033469
330.594954	0.025816
330.869524	0.025944
331.145663	0.029624
331.415527	0.024708
331.691666	0.028786
331.967805	0.029464
332.242375	0.032270
332.518514	0.028251
332.788377	0.029839
333.064516	0.025962
333.340655	0.027070
333.615225	0.026228
334.161228	0.031057
334.437367	0.031322
334.713506	0.038243
335.264215	0.037474
335.534078	0.035382
335.810217	0.037868
336.637065	0.030127
337.183068	0.035400
337.459207	0.030933
337.733777	0.032379
338.009916	0.032183
338.279779	0.030539
338.832057	0.023312
339.106627	0.024635
339.658905	0.028461
339.928769	0.028036
340.204908	0.037474
340.479478	0.040568
341.031756	0.035899
341.301619	0.039511
341.852328	0.031377
342.128467	0.034380
342.674470	0.042733
343.225179	0.044646
343.501318	0.044770
344.047320	0.025298
344.598029	0.037405
344.874168	0.036261
345.420171	0.051654
345.696310	0.048043
345.970880	0.040193
346.523158	0.044715
347.069160	0.034490
347.619869	0.042179
347.896009	0.041621
348.165872	0.042660
348.442011	0.046001
348.716581	0.042211
348.992720	0.033185
349.268859	0.030178
349.538722	0.033542
350.089431	0.035364
350.365570	0.039319
350.641710	0.039621
351.187712	0.038156
352.014560	0.045914
352.560562	0.045429
353.387411	0.038531
353.663550	0.038064
353.933413	0.039369
354.207983	0.041836
354.484122	0.037781
354.760261	0.041264
355.036400	0.041085
355.306263	0.037492
355.580833	0.036330
355.856973	0.037799
356.133112	0.035345
356.679114	0.034059
356.953684	0.031949
357.505962	0.040980
357.782101	0.038746
358.326534	0.045145
358.878813	0.038225
359.154952	0.047201
359.699385	0.048363
360.251663	0.052565
360.527802	0.045823
360.797665	0.046917
361.072235	0.046271
361.348375	0.039135
362.445086	0.035400
363.273503	0.049205
364.094076	0.059092
364.922493	0.054570
365.466926	0.046129
366.019204	0.044985
366.295343	0.046413
366.563638	0.043910
366.839777	0.045127
367.392055	0.051402
367.668194	0.048597
367.936488	0.052460
368.212627	0.052744
368.488766	0.048812
368.764905	0.048098
369.309339	0.056016
370.137756	0.061381
370.413895	0.060415
370.682189	0.053709
370.958328	0.052707
371.234467	0.054909
371.510606	0.053622
371.786745	0.050615
372.055040	0.053032
372.331179	0.053673
372.607318	0.053210
372.883457	0.048633
373.159596	0.048148
373.434166	0.045878
373.704029	0.046253
373.980168	0.041355
374.532446	0.044930
375.076880	0.051082
375.629158	0.061793
375.905297	0.063651
376.179867	0.063953
376.725869	0.060594
377.002008	0.059504
377.278147	0.060273
377.822581	0.057806
378.650998	0.058250
379.195431	0.062740
379.747709	0.067977
380.023848	0.065171
380.298418	0.067459
380.568282	0.066654
381.120560	0.056625
381.396699	0.058538
381.941132	0.057554
382.769549	0.068727
383.590122	0.070393
383.866261	0.072055
384.142400	0.072110
384.416970	0.073002
384.962972	0.076989
385.515250	0.072627
385.789821	0.073396
386.065960	0.075291
386.335823	0.074449
386.611962	0.074701
386.888101	0.076435
387.162671	0.075790
387.438810	0.070357
387.984812	0.072911
388.260951	0.071034
388.535522	0.072037
389.081524	0.078687
389.357663	0.080386
389.633802	0.084908
389.908372	0.082606
390.184511	0.082944
390.730513	0.088181
391.006652	0.090272
391.281223	0.094923
391.557362	0.095710
392.103364	0.093133
392.379503	0.090401
392.930212	0.074486
393.476214	0.066961
393.752353	0.066993
394.572926	0.097303
395.399774	0.117791
395.675913	0.118935
395.952052	0.114106
397.048764	0.076756
397.324903	0.083658
397.870905	0.109566
398.421614	0.118651
398.697753	0.118418
398.967616	0.114234
399.243755	0.115969
399.794465	0.123439
400.340467	0.123457
400.891176	0.124139
401.713317	0.133152
401.989457	0.134974
402.264027	0.134223
402.540166	0.127769
402.816305	0.125714
403.086168	0.126195
403.636877	0.130699
404.189155	0.136814
404.735158	0.143520
405.009728	0.144609
405.562006	0.154857
406.108008	0.157073
406.658717	0.164438
406.934856	0.165010
407.210995	0.164886
407.755429	0.167838
408.031568	0.167674
408.307707	0.169624
408.583846	0.173075
408.853709	0.174022
409.128279	0.172379
409.680557	0.161563
409.956696	0.161220
410.501130	0.167605
411.329547	0.185072
411.599410	0.185539
412.150119	0.189882
412.426258	0.189384
412.702397	0.187667
412.972261	0.188129
413.799109	0.194959
414.075248	0.200520
414.345111	0.202488
414.619681	0.200218
414.895820	0.200396
415.171959	0.202310
415.448098	0.202580
416.268671	0.212695
416.544810	0.212412
416.820949	0.211107
417.090812	0.211926
417.917660	0.219241
418.468370	0.224125
418.738233	0.224107
419.014372	0.224999
419.290511	0.224857
419.841220	0.222477
420.111083	0.222816
420.387222	0.224839
421.760073	0.247080
422.036212	0.246617
422.312351	0.247437
422.586921	0.249497
422.856784	0.245258
423.132923	0.238122
423.409062	0.239248
423.685201	0.242969
423.959772	0.240305
424.229635	0.239573
424.505774	0.244201
424.781913	0.245812
425.058052	0.246009
425.332622	0.247098
425.602485	0.246649
425.878624	0.246883
426.975336	0.257415
427.803753	0.269485
428.624325	0.287401
428.900464	0.286829
429.176603	0.287739
429.451174	0.285863
430.273315	0.269485
430.824024	0.248027
431.100163	0.253589
432.196875	0.300038
432.473014	0.301311
433.019016	0.295411
433.295155	0.296216
433.569725	0.294248
433.845864	0.289296
434.115727	0.288257
434.391866	0.292513
435.488578	0.320636
436.040856	0.318993
436.861428	0.320064
437.137567	0.321995
437.964416	0.334084
438.786557	0.325287
439.061127	0.324252
440.159408	0.342076
440.433978	0.341842
440.710117	0.340002
440.986256	0.340451
441.532258	0.336084
441.806828	0.338840
442.082967	0.339055
442.359106	0.338373
442.905109	0.344758
444.001820	0.343522
445.374671	0.371631
446.201519	0.363781
446.477658	0.360188
447.023660	0.362316
447.298230	0.362513
447.574369	0.363369
448.671081	0.379408
449.223359	0.383253
449.493222	0.383111
450.866073	0.401974
451.416782	0.404674
451.969060	0.415811
452.245199	0.415600
452.789632	0.401850
453.341910	0.386150
453.618049	0.389244
454.438622	0.411627
454.714761	0.411233
454.990900	0.408249
455.260763	0.408519
455.811472	0.412021
456.363750	0.420104
456.633614	0.418369
456.908184	0.417889
457.184323	0.420191
457.460462	0.420301
457.736601	0.422072
458.557173	0.439791
459.109451	0.446245
459.379315	0.445636
459.930024	0.440899
460.206163	0.440825
460.752165	0.449499
461.302874	0.452644
461.579013	0.451339
461.855153	0.447513
462.125016	0.447870
463.228003	0.470934
463.504142	0.474532
463.772436	0.473045
464.048575	0.469740
464.324714	0.468879
465.145287	0.462370
465.421426	0.466128
466.249843	0.489871
466.518137	0.490012
466.794276	0.488886
467.346555	0.475406
468.719405	0.489065
468.995544	0.489065
469.539977	0.498151
469.816116	0.497075
470.368395	0.501172
470.636689	0.498883
470.912828	0.498544
472.285678	0.515599
472.561817	0.514025
473.114096	0.514437
473.382390	0.514368
474.210807	0.528901
474.486946	0.528150
474.755240	0.529047
475.307519	0.522305
475.859797	0.531798
476.134367	0.529903
476.956508	0.531318
477.232647	0.535378
477.777080	0.547768
478.053220	0.547622
478.605498	0.540330
478.880068	0.539882
479.426070	0.549823
479.702209	0.553719
479.978348	0.561157
480.252918	0.563802
480.798921	0.556117
481.075060	0.556936
481.351199	0.556634
481.625769	0.555508
481.895632	0.557476
482.447910	0.564448
482.724049	0.563427
482.998619	0.564306
483.544622	0.571240
483.820761	0.570883
484.096900	0.573300
485.193611	0.603871
485.469750	0.597042
486.014184	0.568828
486.290323	0.566452
486.566462	0.567253
486.842601	0.574801
487.393310	0.595147
487.663173	0.596937
487.939312	0.597381
488.215451	0.597115
489.036024	0.578752
489.312163	0.582203
489.862872	0.597221
490.139011	0.605876
490.408874	0.607089
490.685013	0.606664
491.235722	0.609076
492.057864	0.590840
492.334003	0.593861
492.608573	0.600782
493.154575	0.624666
493.430714	0.623416
494.257562	0.606128
494.527426	0.607378
495.079704	0.621398
495.630413	0.625975
495.900276	0.623970
496.727124	0.610989
497.003263	0.611653
497.549266	0.621933
498.099975	0.623293
498.376114	0.623865
498.652253	0.623325
498.922116	0.623558
499.748964	0.634447
500.025104	0.632731
500.294967	0.629211
500.571106	0.630337
501.943956	0.648893
502.494665	0.649415
503.040668	0.649877
503.316807	0.651809
503.867516	0.650129
504.413518	0.650129
504.689657	0.649699
506.062508	0.658016
506.337078	0.658730
506.889356	0.662108
507.709928	0.659210
508.262207	0.651255
508.532070	0.650665
508.808209	0.652615
509.635057	0.664932
509.911196	0.665811
510.181059	0.665326
510.731769	0.657691
511.553910	0.658583
511.828480	0.660840
512.656897	0.671871
513.201330	0.668919
513.477470	0.668186
514.029748	0.661966
514.299611	0.662858
515.402598	0.661481
516.223171	0.669065
516.775449	0.664305
517.319882	0.658675
517.596021	0.659320
518.148299	0.668314
518.418162	0.668850
518.692733	0.664863
518.968872	0.658281
519.245011	0.657064
519.791013	0.665110
520.341722	0.675322
520.617861	0.675464
521.168570	0.665646
521.714573	0.663019
521.990712	0.664488
522.541421	0.672246
523.087423	0.676682
523.639701	0.674425
523.914271	0.676142
525.287122	0.667545
525.556985	0.670548
525.833124	0.671189
526.109263	0.669134
526.659972	0.668314
527.205975	0.664415
527.482114	0.665220
527.758253	0.667848
528.302686	0.675107
529.131103	0.682563
529.675537	0.673446
529.951676	0.673981
530.503954	0.669065
531.048387	0.674535
531.324526	0.672837
531.876804	0.676160
532.151374	0.674965
532.973516	0.662556
533.249655	0.658945
533.524225	0.658139
534.346366	0.663019
534.622505	0.661037
534.897075	0.660730
535.394440	0.664039
535.877683	0.665435
536.368771	0.665147
536.858290	0.668635
537.343103	0.667935
537.834191	0.663055
538.323710	0.660680
538.808523	0.660533
539.298042	0.662932
539.789130	0.658583
540.272374	0.657654
540.763462	0.657997
541.252981	0.655672
541.737793	0.652097
542.227313	0.656885
542.718401	0.656029
543.201644	0.657050
544.182252	0.657279
544.667064	0.656459
546.132484	0.658496
546.622003	0.657297
547.113092	0.659371
547.596335	0.662643
548.087423	0.663179
548.576942	0.662607
549.061755	0.662785
549.551274	0.658656
550.036086	0.659068
550.525606	0.658176
551.016694	0.658551
551.501506	0.661462
551.991025	0.661929
552.965357	0.649612
553.456445	0.650092
554.430777	0.647767
554.920296	0.652633
555.894628	0.648733
556.385716	0.645016
557.360048	0.644888
557.849567	0.654006
558.340655	0.652669
559.314987	0.655974
560.289318	0.652381
560.780407	0.654510
561.754738	0.662858
562.244258	0.661339
562.735346	0.663485
563.218589	0.666630
563.709677	0.664827
564.199197	0.660158
564.684009	0.662250
565.173528	0.659911
565.658341	0.662698
566.147860	0.659641
566.638948	0.661197
567.123761	0.659961
567.613280	0.661609
568.104368	0.659924
569.078700	0.660680
569.568219	0.666415
570.053031	0.667706
570.542551	0.664932
571.033639	0.668456
571.516882	0.668992
572.007970	0.663110
573.471821	0.662213
573.962910	0.658245
574.447722	0.662735
574.937241	0.663929
575.428329	0.666058
575.911573	0.666383
576.402661	0.671532
577.866512	0.674443
578.840843	0.679721
579.331932	0.680343
579.821451	0.680041
580.306263	0.683635
580.795783	0.684600
581.286871	0.684742
582.261202	0.688193
582.746015	0.686317
583.235534	0.687855
583.726622	0.684120
584.209866	0.686944
584.700954	0.686926
585.190473	0.694075
585.675286	0.692524
586.164805	0.697797
586.655893	0.697508
587.139136	0.700515
587.630225	0.695956
588.119744	0.698996
589.094076	0.702159
590.069976	0.705683
590.559495	0.705770
591.050584	0.702767
591.533827	0.702159
592.514435	0.699728
592.999247	0.699156
593.488766	0.704484
593.979854	0.707075
594.463098	0.706182
594.954186	0.709473
595.443705	0.710457
595.928518	0.716211
596.418037	0.718696
596.909125	0.727691
597.393937	0.726189
597.883457	0.727082
598.368269	0.726047
598.857788	0.725777
599.348877	0.723598
600.323208	0.735504
600.812728	0.735344
602.278147	0.740026
603.252479	0.737115
603.741998	0.737381
604.716330	0.732680
605.207418	0.734076
605.692230	0.736364
606.181750	0.737509
608.621501	0.757159
609.111020	0.759374
609.602109	0.758303
610.085352	0.760610
610.576440	0.755850
611.065960	0.756834
611.550772	0.754618
612.040291	0.755923
612.531379	0.754477
613.016192	0.756944
613.505711	0.760912
613.996799	0.766437
614.480043	0.768011
614.971131	0.773069
615.454374	0.775468
615.945463	0.774735
616.434982	0.771531
616.919794	0.775536
617.409313	0.774786
617.900402	0.775303
619.364253	0.782187
620.340153	0.792307
620.829672	0.793433
621.314485	0.798262
621.804004	0.799407
622.295092	0.797278
622.778336	0.799123
623.269424	0.803842
623.758943	0.805220
624.243755	0.802876
624.733275	0.799388
625.224363	0.798244
626.688214	0.807078
627.662546	0.815445
628.153634	0.814910
629.127965	0.819505
629.619054	0.821561
630.102297	0.826550
630.593385	0.826783
631.076629	0.824852
631.567717	0.830125
632.057236	0.838725
632.542048	0.839975
633.522656	0.845788
634.005899	0.848988
634.496988	0.849079
635.471319	0.847431
635.962407	0.844570
636.451927	0.844680
636.936739	0.841229
637.426258	0.839334
637.917347	0.842836
638.400590	0.849061
638.891678	0.846969
639.381197	0.850402
639.866010	0.849756
640.846617	0.846090
641.329861	0.846433
641.820949	0.849880
642.795281	0.870871
643.775888	0.886841
644.260700	0.886072
644.750220	0.882086
645.241308	0.880960
646.215640	0.870839
646.698883	0.870089
647.189971	0.877989
647.679490	0.876057
648.164303	0.882424
648.653822	0.885354
649.144910	0.893867
649.628154	0.886356
650.608761	0.893707
651.093573	0.896371
651.584662	0.892526
652.074181	0.893954
652.558993	0.894527
653.539601	0.897355
654.513932	0.902074
655.003452	0.901342
655.488264	0.906670
655.977783	0.905919
656.468872	0.902038
656.952115	0.904990
657.443203	0.905901
657.932722	0.897012
658.417535	0.894723
659.398142	0.905169
660.372474	0.914016
660.863562	0.914177
661.837894	0.913499
662.812225	0.906848
663.786557	0.915074
664.767165	0.911673
665.251977	0.918328
665.741496	0.922100
666.232584	0.916040
666.715828	0.919830
667.206916	0.929053
667.696435	0.927748
668.181248	0.929785
668.670767	0.940963
669.161855	0.942070
669.645099	0.934706
670.136187	0.940034
670.625706	0.937511
671.600038	0.923706
672.091126	0.924155
673.065458	0.913302
673.554977	0.920132
674.039789	0.930485
674.530877	0.935813
675.020397	0.944844
675.505209	0.957432
675.994728	0.955802
676.485816	0.950616
677.460148	0.945718
677.949667	0.940139
678.434480	0.937814
678.923999	0.936976
679.408811	0.939031
679.898331	0.935223
680.389419	0.938065
681.363750	0.948703
681.854839	0.950959
682.338082	0.955784
682.829170	0.951422
683.318690	0.952369
683.803502	0.951545
684.293021	0.952117
684.784109	0.951692
685.267353	0.954209
685.758441	0.950579
686.247960	0.955390
687.222292	0.973324
687.713380	0.975631
689.178800	0.964366
689.662043	0.963135
690.153132	0.963350
690.642651	0.974184
691.127463	0.978171
691.616983	0.968174
692.108071	0.969282
693.082402	0.959020
693.571922	0.960700
694.056734	0.965245
694.546253	0.953051
695.037342	0.960736
695.520585	0.965030
696.011673	0.960540
696.496486	0.958878
696.986005	0.967405
697.477093	0.969479
697.960336	0.966458
698.451425	0.967227
698.940944	0.969447
699.915276	0.962650
700.406364	0.967817
700.889607	0.980675
701.870215	0.988021
702.355027	0.989504
702.844546	0.989541
703.335634	0.980460
704.309966	0.977242
704.801054	0.978743
705.775386	0.964581
706.264905	0.961972
706.749718	0.964348
707.239237	0.961844
707.730325	0.969410
708.213568	0.971749
709.194176	0.977581
709.678988	0.983893
710.168508	0.983302
710.659596	0.990617
711.144408	0.990131
711.633927	0.987165
712.118740	0.978958
712.608259	0.978405
713.099347	0.974610
713.582591	0.977759
714.073679	0.983856
714.563198	0.987628
715.048011	0.987307
715.537530	0.991152
716.028618	0.997354
716.511861	0.995391
717.002950	1.000966
717.492469	1.003131
717.977281	1.000375
718.957889	0.985215
720.423309	0.973466
720.906552	0.970339
721.397640	0.975004
721.887160	0.974345
722.371972	0.975686
722.861491	0.974203
723.352579	0.980496
723.835823	0.982281
724.326911	0.981297
725.301243	0.995354
725.790762	0.986859
726.281850	0.983032
726.766662	0.983302
727.256182	0.977759
727.747270	0.974381
728.230513	0.986557
728.721602	0.994297
729.204845	0.996535
729.695933	1.000609
730.185452	0.997624
730.670265	0.992045
731.159784	0.983765
731.650872	0.983142
732.134116	0.979727
732.625204	0.995029
733.114723	0.995459
733.599536	0.995354
734.580143	1.013608
735.064955	1.000165
735.554475	1.004293
736.045563	1.006367
737.019895	0.985467
737.509414	0.991724
737.994226	0.988003
738.483745	0.987074
738.974834	0.997661
739.458077	0.998036
740.438685	0.992617
740.923497	0.993011
741.413016	0.991152
742.878436	1.016936
743.369524	1.018918
745.318188	0.997158
745.807707	0.997711
746.292519	0.999249
746.782038	1.005401
747.273127	0.999483
747.756370	1.008514
748.247458	1.011480
748.736978	1.017755
749.712878	1.018634
750.687210	0.988722
751.176729	0.976436
751.667817	0.972733
752.642149	0.983407
753.616480	1.000879
754.106000	0.999840
754.597088	0.992759
755.080331	0.997963
755.571420	1.000197
756.060939	0.999286
756.545751	0.999574
757.036839	1.007456
757.526359	1.007438
758.011171	1.000751
758.500690	0.998430
758.991779	0.999231
759.475022	0.992832
759.966110	0.990598
760.455629	0.991958
760.940442	0.995963
761.429961	0.998123
761.914773	1.006884
762.895381	0.998535
764.359232	0.963954
764.844044	0.973058
765.335132	0.971877
766.309464	0.981192
766.798983	0.982570
767.290072	0.981352
767.773315	0.988987
768.264403	0.990846
768.753922	0.993780
769.728254	0.987037
770.219342	0.987110
770.702586	0.989436
771.193674	0.988790
771.683193	0.993368
772.168006	0.990846
772.659094	0.997483
773.633425	0.985449
774.122945	0.986378
774.614033	0.988809
775.097276	0.977224
775.588365	0.988433
776.077884	0.985289
776.562696	0.983462
777.052215	0.984355
777.537028	0.980208
778.026547	0.973717
778.517635	0.984447
779.491967	0.993226
779.983055	1.003936
780.466298	0.999574
780.957387	0.988754
781.446906	0.992708
781.931718	0.993459
782.421238	0.991367
783.395569	1.016149
783.886657	1.016377
784.376177	1.004184
785.350508	0.987147
785.841597	0.992617
786.324840	0.993940
786.815928	0.993940
787.305447	1.008939
787.790260	1.014450
788.281348	1.004829
788.770867	1.003630
789.255680	1.012661
789.745199	0.999785
790.719531	0.990704
791.210619	0.988470
791.700138	0.999840
792.184950	1.005346
792.674470	1.003776
793.159282	1.008047
793.648801	1.018437
794.139890	1.002380
794.624702	0.999213
795.114221	1.002128
795.605309	1.003254
796.088553	0.987381
796.579641	0.993331
797.069160	1.005900
797.553973	1.008852
798.534580	1.002289
799.017824	0.992869
799.508912	0.977063
801.948663	1.013787
802.929271	1.000806
803.412514	0.999181
803.903602	0.994549
804.393122	0.997730
805.367453	1.016721
806.341785	1.004577
806.832873	1.002989
807.322392	0.996604
807.807205	0.985930
808.296724	0.985646
808.787812	1.001433
809.762144	0.985234
810.736475	0.974111
811.227564	0.955765
811.710807	0.953623
812.201895	0.945522
813.176227	0.971484
814.640078	1.015164
815.131166	1.013036
815.620685	1.002060
816.105498	1.004023
817.086105	0.986644
817.570918	0.993656
818.060437	0.994764
818.551525	0.991024
819.034768	0.990402
819.525857	0.991743
820.015376	0.996013
820.500188	1.006816
820.989708	1.008871
821.964039	1.029432
822.944647	1.011086
823.429459	1.008102
823.918978	0.993798
824.410067	0.990722
824.894879	0.992100
825.384398	0.995533
825.869210	0.993688
826.358730	1.005795
826.849818	1.005635
827.333061	1.006115
827.824150	1.009209
828.313669	1.005506
828.798481	1.005616
829.288001	1.006472
829.779089	1.003113
830.262332	1.001396
830.753420	1.003415
831.242940	1.000288
831.727752	1.002934
832.217271	1.010354
832.708359	1.005186
833.193172	1.004971
833.682691	1.006207
834.173779	0.989971
834.657023	0.983105
835.148111	0.987788
835.637630	0.988539
836.122443	0.980121
836.611962	0.989024
837.586293	0.975722
838.077382	0.981032
838.566901	0.990827
839.051713	0.992850
839.541233	0.993995
840.032321	1.003488
840.517133	0.992333
841.006652	0.985751
841.497741	0.976688
841.980984	0.997286
842.472072	0.995766
842.955316	1.003955
843.446404	1.000252
843.935923	1.002060
844.420736	0.978780
844.910255	0.970394
845.401343	0.980387
845.884586	0.986360
846.375675	0.981192
846.865194	0.985302
847.350006	0.992795
847.841095	0.976954
848.330614	0.974235
848.815426	0.985234
849.304945	0.989990
849.796034	0.989184
850.279277	0.996302
851.744697	1.008047
852.234216	1.009104
852.725304	1.008889
853.208548	1.009388
854.189155	0.972413
854.673968	0.966549
855.163487	0.966833
855.654575	0.961327
856.139387	0.970857
856.628907	0.987591
857.119995	0.991454
858.094327	0.992512
858.577570	0.990864
859.068658	0.991564
859.558177	0.983284
860.042990	0.971324
860.532509	0.979476
861.023597	0.979279
861.506841	0.976276
861.997929	0.977457
862.487448	0.987879
862.972261	0.987719
863.463349	0.994388
863.952868	0.990882
864.437680	1.003039
864.927200	1.000037
865.418288	1.006651
865.901531	1.003758
866.392620	1.007456
867.366951	0.987559
867.856470	0.986483
868.347559	0.984231
868.830802	0.984607
869.321890	0.982767
869.811410	0.995047
870.296222	0.992136
870.787310	1.005868
871.276829	1.007475
871.761642	1.010033
872.251161	1.013768
872.742249	1.000664
873.225493	0.996782
873.716581	0.991349
874.206100	0.995816
874.690913	0.998320
875.180432	0.998302
875.665244	0.995620
876.154763	1.005099
877.129095	0.999304
877.620183	1.011695
878.109703	1.004792
878.594515	1.004921
879.085603	0.999982
880.059935	0.994887
880.549454	0.994906
881.040542	0.991170
881.523786	0.998609
882.504393	0.988040
882.989205	0.993638
883.478725	0.992278
883.969813	0.983339
884.944145	0.996535
885.918476	0.993798
886.409564	1.004152
887.383896	0.994672
887.873415	0.996837
888.364504	0.993958
889.338835	0.996086
889.828354	1.003936
890.313167	1.004005
890.802686	1.009855
891.777018	0.999556
892.268106	0.986808
892.752918	0.998517
893.242438	0.995945
893.733526	0.996640
894.216769	1.011320
894.707857	1.010963
895.197377	0.999268
895.682189	0.996352
896.171708	0.995908
896.662797	0.984552
897.637128	0.976436
898.126647	0.977095
898.611460	0.971877
899.100979	0.987953
899.592067	0.995317
900.075311	0.994173
900.566399	0.994013
901.055918	1.002614
901.540731	0.983623
902.031819	0.978423
902.521338	0.982140
903.495670	0.976166
903.986758	0.985270
905.450609	0.997515
905.935421	1.000110
906.424940	0.999464
906.909753	1.006385
907.890360	0.994869
908.375173	0.993281
908.864692	0.990488
909.355780	0.976793
909.839023	0.977526
910.330112	0.983302
910.819631	0.978226
911.304443	0.978171
911.793963	0.986840
912.285051	0.989436
912.768294	0.990044
913.748902	0.996961
914.233714	1.001076
914.723233	0.990383
915.214322	0.993262
915.699134	0.990562
916.188653	0.991473
916.679741	0.993116
917.162985	1.007763
917.654073	1.002092
918.143592	1.007118
918.628405	0.998947
919.117924	0.994690
919.609012	0.996247
920.092256	1.002632
920.583344	1.003703
921.072863	1.013681
921.557675	1.028127
922.047195	1.026159
922.538283	1.020135
923.021526	1.017755
923.512615	1.017595
923.997427	1.010335
924.486946	1.015004
924.978034	1.014876
926.441885	1.003291
926.926698	0.990740
927.416217	0.990113
927.907305	0.991473
928.390549	0.992081
928.881637	0.991509
929.855968	1.009209
930.345488	1.011855
930.836576	1.011535
931.321388	1.009887
931.810907	1.005525
932.301996	1.009443
932.785239	1.009013
933.276327	1.012359
933.765847	1.006079
934.250659	1.012285
934.740178	1.003776
935.231266	1.011301
935.714510	1.005223
936.205598	1.006010
936.695117	1.007781
937.179930	1.012766
937.669449	1.003987
938.160537	1.006134
938.645350	1.011338
940.109200	0.987468
941.574620	1.004362
942.064140	1.012606
942.548952	1.030004
943.038471	1.022996
943.529559	1.012230
944.012803	1.008353
944.503891	1.002362
944.993410	0.990044
945.478223	0.991866
945.967742	0.999126
946.943643	1.017668
947.433162	1.022332
947.924250	1.020277
948.407493	1.016199
948.898582	1.008495
949.388101	1.011265
949.872913	1.012427
950.362433	1.019151
950.853521	1.009855
951.827852	0.983874
952.317372	0.980190
952.802184	0.979174
953.782792	1.009209
954.267604	1.011571
954.757123	1.018044
955.248211	1.014002
955.731455	1.014986
956.222543	1.009049
956.705786	0.997318
957.196875	0.998338
957.686394	1.000554
958.171206	0.989147
959.151814	1.008047
959.635057	1.001218
960.126145	1.004202
961.100477	1.012857
962.081084	1.027875
962.565897	1.027628
963.055416	1.028429
963.546504	1.019829
964.029748	1.014359
964.520836	1.012427
965.010355	0.998966
965.495168	1.009566
965.984687	1.005346
966.959018	0.993958
967.450107	1.000233
967.939626	0.996086
968.424438	1.003470
968.913958	1.007868
969.405046	1.014968
969.889858	1.012175
970.379377	1.012500
970.870466	1.007530
971.353709	1.009782
971.844797	0.988507
972.328041	0.990722
973.308648	0.976240
973.793461	0.970161
974.282980	0.989399
974.774068	0.991367
975.257311	0.998265
975.748400	0.999341
976.237919	1.003611
976.722731	0.992333
977.213820	0.996050
977.703339	0.981728
978.188151	0.983714
978.677670	0.984533
979.168759	0.988113
979.652002	0.974468
980.632610	0.982748
981.117422	0.980332
981.606941	0.983339
982.098029	0.980478
982.581273	0.985591
983.072361	0.985252
983.561880	0.990365
984.046693	0.985627
984.537781	1.013663
985.027300	1.018794
985.512112	1.029395
986.001632	1.030040
986.492720	1.039891
987.467052	1.027463
987.956571	1.020296
988.441383	1.019847
989.905234	1.008889
990.396322	1.009887
990.879566	1.015737
991.370654	1.005365
991.860173	1.015325
992.344986	1.035423
992.836074	1.037424
993.325593	1.022067
993.810405	1.030059
994.299925	1.025568
994.791013	0.996819
995.274256	0.985893
995.765345	0.984712
996.739676	0.962096
997.229195	0.973200
998.203527	0.978780
998.694615	0.989596
999.184135	0.994512
1000.160035	1.028608
