299.981172	0.019202
300.293398	0.020131
300.599347	0.020131
300.913142	0.020579
302.463286	0.018414
302.769236	0.019128
302.922995	0.019110
303.235220	0.020794
303.854964	0.021687
304.473139	0.020112
304.939124	0.020579
305.398833	0.022813
305.711058	0.021330
306.177043	0.019096
306.330802	0.018881
306.482992	0.017966
307.568721	0.022634
307.722480	0.021650
307.880946	0.022726
308.186896	0.022634
308.500690	0.024566
308.806640	0.026012
308.960399	0.025065
309.118865	0.025692
309.738609	0.022154
309.890800	0.023349
310.272060	0.015288
310.546630	0.028571
310.822769	0.028910
311.098908	0.023422
311.375047	0.021920
311.919480	0.025655
312.747898	0.041786
313.022468	0.045219
313.292331	0.039282
313.568470	0.043946
314.120748	0.057087
314.395318	0.064493
314.665181	0.067121
315.217460	0.053334
315.493599	0.051759
316.038032	0.071822
316.590310	0.110101
316.866449	0.118578
317.141019	0.109085
317.410882	0.110335
317.687021	0.110568
317.963161	0.109122
318.783733	0.136905
319.059872	0.127788
319.336011	0.136727
319.886720	0.139102
320.156583	0.144577
320.432722	0.159201
320.708862	0.156858
320.985001	0.157755
321.259571	0.162831
321.529434	0.174951
321.805573	0.172059
322.357851	0.181534
322.632421	0.188615
322.902284	0.179117
323.454563	0.189846
323.730702	0.188505
324.005272	0.177153
324.551274	0.190921
324.827413	0.186701
325.103552	0.194478
325.378122	0.212929
325.654261	0.214343
325.924125	0.211748
326.200264	0.224175
326.476403	0.222926
326.750973	0.213432
327.296975	0.226249
327.573114	0.221493
328.123823	0.240250
328.399962	0.242416
328.669826	0.242631
328.945965	0.253337
329.222104	0.250279
329.496674	0.254179
329.772813	0.255218
330.042676	0.251318
330.318815	0.242237
330.594954	0.242287
330.869524	0.238571
331.415527	0.255287
331.691666	0.257470
332.242375	0.258683
332.518514	0.250426
332.788377	0.251195
333.064516	0.251245
333.340655	0.246205
333.615225	0.249689
333.891364	0.258184
334.161228	0.259310
334.988076	0.281464
335.810217	0.254074
336.086356	0.259168
336.360926	0.254179
336.637065	0.253552
337.183068	0.274346
337.733777	0.257790
338.009916	0.273184
338.286055	0.274543
338.555918	0.267819
338.832057	0.265567
339.106627	0.274722
339.382766	0.272058
339.928769	0.271898
340.204908	0.273774
341.031756	0.259988
341.301619	0.257896
341.577758	0.269467
341.852328	0.267911
342.128467	0.263636
342.404607	0.268625
342.674470	0.277459
342.950609	0.268964
343.225179	0.274456
343.501318	0.273614
344.047320	0.244809
344.323459	0.250623
344.598029	0.245830
345.150308	0.266300
345.420171	0.266496
345.696310	0.258971
345.970880	0.260615
346.247019	0.259273
347.343730	0.268359
347.619869	0.269110
348.716581	0.281588
349.544998	0.262047
350.089431	0.273133
350.641710	0.283858
350.917849	0.282302
351.462282	0.271183
351.738421	0.270753
352.014560	0.267069
352.560562	0.279194
352.835132	0.274685
353.111271	0.273614
353.387411	0.282485
353.663550	0.278315
353.933413	0.276868
354.207983	0.281409
354.484122	0.281231
354.760261	0.280320
355.036400	0.282769
355.580833	0.296697
355.856973	0.300881
356.409251	0.288115
356.953684	0.276763
357.782101	0.286897
358.051964	0.286435
358.602674	0.275385
358.878813	0.282196
359.431091	0.307765
359.699385	0.314146
359.975524	0.315830
360.527802	0.290330
360.803941	0.288115
361.072235	0.282608
361.348375	0.271916
361.624514	0.274328
361.900653	0.280228
362.176792	0.277317
362.997364	0.298716
363.273503	0.298844
363.549642	0.303169
363.817936	0.303920
364.094076	0.299453
364.646354	0.280928
364.922493	0.276296
365.190787	0.278264
365.743065	0.309248
366.019204	0.310324
366.839777	0.303329
367.392055	0.308337
367.936488	0.316631
368.212627	0.318187
368.488766	0.316759
368.764905	0.324948
369.041044	0.323982
369.309339	0.325126
369.585478	0.331132
369.861617	0.331635
370.137756	0.318599
370.413895	0.317350
370.958328	0.318741
371.510606	0.322229
371.786745	0.316045
372.331179	0.319725
372.607318	0.319780
372.883457	0.319153
373.434166	0.321748
373.704029	0.323410
374.256307	0.315738
375.076880	0.318334
375.629158	0.339911
375.905297	0.350374
376.725869	0.323643
377.002008	0.325126
377.552717	0.342753
378.098720	0.358151
378.374859	0.360582
378.650998	0.359511
378.925568	0.356128
379.471570	0.341897
380.298418	0.358989
380.844421	0.390279
381.396699	0.382969
382.217271	0.367878
382.493410	0.365447
383.044119	0.356110
383.320259	0.342772
383.590122	0.342058
383.866261	0.351908
384.416970	0.387546
384.693109	0.400546
384.962972	0.403063
385.239111	0.394394
385.515250	0.375531
385.789821	0.369736
386.611962	0.383468
387.162671	0.400491
387.708673	0.391121
387.984812	0.394499
388.535522	0.381271
388.811661	0.388150
389.633802	0.421322
389.908372	0.423789
390.184511	0.417761
390.454374	0.416795
391.281223	0.440166
391.557362	0.449032
391.827225	0.450785
392.103364	0.445316
392.379503	0.432280
392.930212	0.381751
393.206351	0.365159
393.476214	0.360083
393.752353	0.366802
394.579202	0.449641
395.399774	0.477782
395.675913	0.474546
395.952052	0.464142
396.221915	0.463551
396.498054	0.459958
396.772625	0.433566
397.048764	0.430884
397.594766	0.457152
397.870905	0.457972
398.145475	0.475049
398.421614	0.474477
398.967616	0.459670
399.243755	0.458544
399.794465	0.471131
400.070604	0.469291
400.340467	0.464696
400.891176	0.471598
401.167315	0.467378
401.443454	0.467790
401.713317	0.471543
401.989457	0.471703
402.540166	0.477929
402.816305	0.477622
403.086168	0.481183
403.362307	0.490177
403.636877	0.493217
404.189155	0.489962
404.465294	0.490818
405.009728	0.486007
405.562006	0.496755
405.838145	0.494072
406.108008	0.489532
406.382578	0.489980
406.658717	0.491248
407.210995	0.494466
407.755429	0.497130
408.031568	0.501062
409.128279	0.534659
409.404418	0.528974
409.956696	0.508697
410.226560	0.510450
410.777269	0.521714
411.053408	0.531244
411.329547	0.532407
411.873980	0.525486
412.150119	0.527903
412.426258	0.528654
412.702397	0.526347
412.972261	0.526237
413.799109	0.544404
414.345111	0.556973
414.619681	0.559028
415.722669	0.545978
415.992532	0.546230
416.544810	0.552863
417.095519	0.563052
417.365382	0.564393
417.641521	0.563967
417.917660	0.565217
418.468370	0.558332
419.014372	0.567038
419.841220	0.553737
420.111083	0.549695
420.387222	0.550414
421.483934	0.589874
421.760073	0.594342
422.312351	0.579484
422.586921	0.576358
422.856784	0.569364
423.132923	0.557902
423.409062	0.557330
423.685201	0.564091
423.959772	0.566379
424.229635	0.566416
424.505774	0.569025
424.781913	0.573904
425.058052	0.574284
425.332622	0.571080
425.602485	0.570581
426.430902	0.583901
426.705473	0.583347
426.981612	0.584203
427.803753	0.599331
428.354462	0.612133
428.900464	0.612760
429.176603	0.614404
429.451174	0.613832
429.727313	0.611456
429.997176	0.607451
430.824024	0.545905
431.100163	0.550789
432.196875	0.624757
432.473014	0.628245
433.019016	0.616981
433.295155	0.615388
434.115727	0.581200
434.391866	0.581361
434.668006	0.588835
435.218715	0.622524
435.488578	0.626973
435.764717	0.627870
436.315426	0.637807
436.861428	0.631230
437.137567	0.632626
437.688277	0.641080
437.964416	0.641744
438.510418	0.634502
439.061127	0.616962
440.159408	0.645373
440.433978	0.647410
441.256119	0.632607
442.082967	0.636699
443.455818	0.662268
443.731957	0.664076
444.001820	0.664360
444.828668	0.678627
445.104807	0.678307
445.650810	0.667312
446.201519	0.652381
446.477658	0.652880
446.747521	0.654116
447.023660	0.653777
447.574369	0.665380
447.850508	0.665147
448.396511	0.683566
449.223359	0.666168
449.769361	0.654885
450.043931	0.657997
451.142212	0.689269
451.969060	0.701802
452.245199	0.700190
453.341910	0.667275
454.438622	0.703967
454.714761	0.696529
455.260763	0.678165
455.535333	0.682582
456.363750	0.705271
456.633614	0.703930
457.184323	0.693096
457.460462	0.694972
457.736601	0.698295
458.557173	0.717410
459.109451	0.722486
459.379315	0.719250
459.930024	0.708526
460.206163	0.704841
460.482302	0.705843
460.758441	0.710292
461.302874	0.722418
461.579013	0.724848
462.131292	0.720184
462.399586	0.720843
463.504142	0.736543
463.772436	0.738685
464.048575	0.739152
464.600854	0.725832
465.145287	0.723704
465.421426	0.726706
465.973704	0.751776
466.249843	0.750096
467.346555	0.731769
468.167127	0.754495
468.443266	0.755406
468.719405	0.755172
469.539977	0.766149
469.816116	0.765416
470.092256	0.770245
470.368395	0.767133
470.912828	0.753653
471.188967	0.750828
471.465106	0.752994
472.015815	0.766652
472.561817	0.770726
473.388666	0.755836
474.210807	0.763306
474.486946	0.762912
475.031379	0.759891
475.307519	0.761306
476.134367	0.774964
476.404230	0.776987
476.680369	0.776575
476.956508	0.773802
477.232647	0.777592
477.777080	0.788179
478.329359	0.784586
478.880068	0.769064
479.149931	0.770479
479.426070	0.775733
479.978348	0.780063
480.522781	0.770817
480.798921	0.764990
481.075060	0.766313
481.625769	0.780544
482.447910	0.806721
483.544622	0.793758
483.820761	0.788714
485.193611	0.820380
486.020459	0.786856
486.842601	0.808296
487.393310	0.828820
488.215451	0.818595
489.036024	0.782064
489.862872	0.815679
490.139011	0.827374
490.408874	0.823849
490.685013	0.812406
490.961152	0.810241
491.235722	0.812978
491.781725	0.800643
492.334003	0.809742
492.608573	0.818915
493.154575	0.844250
493.430714	0.837421
493.981423	0.805664
494.257562	0.800730
494.533702	0.805467
495.079704	0.827264
495.354274	0.831036
495.630413	0.832216
495.906552	0.829447
496.452554	0.816892
497.003263	0.811976
497.279403	0.811083
497.549266	0.814017
497.825405	0.814498
498.099975	0.814228
498.376114	0.814786
498.922116	0.820668
499.472825	0.837563
499.748964	0.835846
500.294967	0.830413
501.667817	0.848200
502.218526	0.836080
502.770805	0.841568
503.316807	0.858769
503.867516	0.863040
504.143655	0.860627
504.413518	0.854654
504.964227	0.858769
505.516506	0.858554
505.786369	0.861021
506.062508	0.865315
506.337078	0.863795
506.889356	0.859483
507.165495	0.859360
507.435358	0.857355
507.709928	0.859698
508.262207	0.871787
508.808209	0.870693
509.082779	0.873325
509.635057	0.870015
510.181059	0.873160
510.455629	0.870317
511.284047	0.883587
511.553910	0.883747
511.828480	0.885839
512.656897	0.875627
512.926760	0.876236
513.201330	0.877595
513.753609	0.884750
514.299611	0.887056
514.574181	0.886356
515.126459	0.886484
515.947032	0.886338
516.223171	0.885354
516.775449	0.871215
517.045312	0.869191
518.422869	0.888091
519.245011	0.877472
519.521150	0.877041
520.065583	0.872107
520.341722	0.873018
521.438434	0.889450
522.266851	0.891487
522.541421	0.890004
522.811284	0.892078
523.087423	0.891382
523.639701	0.886091
523.914271	0.885482
524.460274	0.891240
524.736413	0.887931
525.012552	0.887253
525.556985	0.892471
525.833124	0.894815
526.385402	0.904972
526.659972	0.903754
527.482114	0.894691
528.032823	0.896833
528.578825	0.900875
528.854964	0.900303
529.951676	0.888842
530.227815	0.888755
530.503954	0.892256
531.054663	0.904326
531.324526	0.905901
531.600665	0.905773
531.876804	0.904253
532.973516	0.893794
533.249655	0.894993
533.800364	0.899035
534.346366	0.901859
534.622505	0.905274
534.897075	0.902843
535.394440	0.900660
535.877683	0.899552
536.368771	0.899534
536.858290	0.893080
537.343103	0.891972
538.323710	0.895707
538.808523	0.899104
539.298042	0.900358
539.789130	0.900340
540.272374	0.895296
540.763462	0.897245
541.252981	0.896014
541.737793	0.897927
542.227313	0.897534
542.718401	0.897799
543.201644	0.894151
543.692733	0.892581
544.182252	0.892366
544.667064	0.894778
545.158152	0.899786
545.647672	0.908455
546.622003	0.914232
547.113092	0.914213
547.596335	0.912607
548.576942	0.913962
549.061755	0.905919
550.525606	0.895332
551.016694	0.893849
552.482114	0.913408
553.456445	0.919738
553.945965	0.916021
554.920296	0.925354
555.411384	0.922635
555.894628	0.918772
556.385716	0.923743
556.875235	0.920956
557.360048	0.914158
557.849567	0.917362
558.340655	0.924640
558.823899	0.919454
559.804506	0.920649
560.289318	0.919436
560.780407	0.915843
561.269926	0.922063
562.244258	0.923441
562.735346	0.920580
563.709677	0.917074
564.684009	0.912982
565.173528	0.913765
565.664617	0.919006
567.128467	0.928929
567.613280	0.929199
568.587611	0.928055
569.078700	0.928714
569.568219	0.923134
570.053031	0.927034
570.542551	0.922352
571.516882	0.922796
572.007970	0.928481
572.982302	0.935401
573.962910	0.934793
574.447722	0.935525
574.937241	0.932811
575.428329	0.935026
575.911573	0.935937
576.402661	0.938084
576.892180	0.936582
577.866512	0.936688
578.357600	0.936404
578.840843	0.929982
579.331932	0.930609
579.821451	0.933346
580.306263	0.933401
580.795783	0.936509
581.770114	0.945361
582.261202	0.941068
582.750722	0.940052
583.726622	0.933882
584.216142	0.929163
584.700954	0.929217
585.190473	0.926320
586.164805	0.930412
586.655893	0.936688
587.630225	0.939622
588.119744	0.939265
588.604556	0.944414
589.094076	0.941443
589.585164	0.942963
590.069976	0.946364
591.050584	0.942569
591.533827	0.943805
592.024915	0.942734
592.514435	0.944162
592.999247	0.947650
593.979854	0.941462
594.463098	0.943251
594.954186	0.939745
595.443705	0.937763
595.928518	0.934545
596.418037	0.935296
596.909125	0.934884
597.883457	0.939246
598.374545	0.948579
598.857788	0.953015
599.838396	0.954800
600.323208	0.954122
600.812728	0.948488
601.297540	0.946346
601.787059	0.947737
602.278147	0.946899
602.761391	0.953015
603.252479	0.956123
603.741998	0.954768
604.716330	0.947508
605.207418	0.940372
605.692230	0.942697
606.181750	0.942391
607.156081	0.949060
607.647170	0.953747
608.136689	0.949238
608.621501	0.952442
609.111020	0.950598
609.602109	0.950795
610.085352	0.943215
610.576440	0.941640
611.065960	0.941283
611.550772	0.943965
612.040291	0.949632
613.016192	0.964064
613.505711	0.966943
613.996799	0.967442
614.480043	0.963831
614.971131	0.963670
615.460650	0.960183
615.945463	0.958718
616.919794	0.957679
617.409313	0.956695
618.383645	0.966476
618.874733	0.964508
619.364253	0.964705
619.849065	0.970481
620.340153	0.967694
620.829672	0.963634
621.314485	0.965332
621.804004	0.965799
622.295092	0.960306
623.269424	0.960274
624.243755	0.965744
624.733275	0.968641
625.224363	0.969177
625.707606	0.970838
626.198695	0.969873
626.688214	0.971177
627.662546	0.977993
628.153634	0.977420
628.638446	0.974775
629.619054	0.965030
630.102297	0.964224
631.082904	0.970216
631.567717	0.974399
632.057236	0.974468
632.548324	0.970893
633.031568	0.972093
633.522656	0.969873
634.005899	0.969374
634.496988	0.972198
634.986507	0.976313
635.471319	0.972253
635.962407	0.974290
636.936739	0.974917
637.426258	0.977581
637.917347	0.985106
638.400590	0.984465
639.381197	0.989111
639.866010	0.986378
640.355529	0.981192
640.846617	0.983568
641.329861	0.982552
642.310468	0.977471
642.795281	0.980245
643.775888	0.980048
644.260700	0.981462
644.750220	0.985984
645.241308	0.985499
645.724551	0.988255
647.189971	0.985664
647.679490	0.988058
648.170579	0.984268
648.653822	0.982927
649.144910	0.985106
649.628154	0.982533
650.119242	0.975649
651.584662	0.982460
653.048513	0.997496
653.539601	1.000092
654.022844	1.000375
654.513932	0.999464
655.003452	1.001666
655.488264	1.004902
655.977783	1.002289
656.468872	1.001913
656.952115	0.991203
657.443203	0.989381
657.932722	0.977384
658.417535	0.975722
658.908623	0.975612
659.398142	0.988470
659.882955	0.990919
660.372474	0.996352
660.863562	0.999501
661.346806	1.000769
662.327413	0.999249
662.812225	0.992100
663.301745	0.993207
663.792833	0.993583
664.276076	0.990740
665.256684	0.999053
666.232584	0.991454
666.715828	0.994031
667.206916	0.989738
667.696435	0.993386
668.181248	0.999396
669.161855	0.996764
669.645099	0.991775
670.136187	0.984785
670.625706	0.984195
671.110518	0.982533
671.600038	0.978830
674.039789	0.996105
675.020397	1.012500
675.505209	1.011768
675.994728	1.013054
676.485816	1.009763
677.460148	0.994173
677.949667	0.993047
678.434480	0.993084
678.923999	0.989829
679.415087	0.990543
679.898331	0.991866
680.878938	0.984428
681.363750	0.987953
681.854839	0.994832
682.338082	0.995995
682.829170	1.003186
683.318690	1.004165
683.803502	1.008244
684.784109	1.008335
685.267353	1.005795
686.732773	0.993761
687.222292	0.992278
687.713380	0.985806
688.198193	0.990562
688.687712	0.993422
689.178800	0.988809
690.153132	0.993546
690.642651	0.993386
691.127463	0.992260
691.616983	0.994549
692.108071	0.991903
692.591314	0.998892
693.082402	0.996425
693.571922	0.996283
694.056734	0.994512
694.546253	0.999982
695.037342	0.994530
696.011673	1.006115
696.501192	1.010084
696.986005	1.005026
697.477093	1.009603
697.966612	1.007813
698.451425	1.004829
698.940944	1.003987
699.425756	1.006921
699.915276	1.005346
700.406364	1.001629
700.889607	0.999410
701.380695	1.000325
701.870215	0.994137
702.355027	0.990310
702.844546	0.990470
703.335634	0.987307
703.820447	0.992759
704.309966	1.003470
705.775386	1.019096
706.749718	1.006724
707.730325	1.000572
708.213568	0.996837
708.704657	0.994800
709.194176	0.994745
709.678988	0.993619
710.659596	1.004257
711.144408	1.005525
711.633927	1.003076
712.125016	1.004275
712.608259	0.993349
713.099347	0.991546
713.588867	0.993422
714.073679	0.993958
715.048011	1.002041
715.537530	0.998984
716.511861	1.002060
717.002950	0.998462
717.492469	0.999982
717.977281	1.003346
718.466801	1.002879
718.957889	1.005543
719.442701	1.005561
719.932220	1.004687
721.397640	0.994567
721.887160	0.994512
722.861491	0.989166
723.352579	0.988969
723.835823	0.986895
724.326911	0.986163
724.816430	0.988470
726.281850	1.003863
726.766662	1.003611
727.256182	0.999858
727.747270	0.998430
728.721602	0.992475
729.695933	1.002220
730.185452	0.999968
730.670265	0.998787
731.159784	1.000485
731.650872	0.992512
732.134116	0.990795
733.114723	0.997785
733.599536	0.994031
734.090624	0.998178
735.064955	1.002756
736.528806	0.992493
737.509414	0.980762
738.483745	0.992457
738.974834	0.989738
739.458077	0.992045
739.949165	0.998984
740.438685	0.993244
740.923497	0.993029
741.413016	0.999428
741.904104	0.999803
742.388917	0.996247
742.878436	0.996265
743.369524	0.999588
743.852768	0.994869
744.343856	1.000197
744.833375	0.998609
745.318188	0.997785
745.807707	0.993152
746.298795	0.993102
747.273127	0.994622
747.756370	0.994333
748.247458	0.993404
748.736978	0.997249
749.221790	0.992315
749.712878	0.993601
750.202397	0.986575
750.687210	0.983586
751.176729	0.986305
752.151061	0.993491
753.131668	1.019705
753.616480	1.020172
755.080331	1.003021
755.571420	0.998750
756.060939	0.998251
756.545751	1.004509
757.036839	1.007745
757.526359	1.008367
758.500690	1.006349
758.991779	1.008939
759.475022	1.012679
759.966110	1.019060
761.429961	0.996338
761.921049	0.991473
762.404293	0.984071
762.895381	0.985481
763.378624	0.979906
765.335132	1.000824
765.824652	1.008280
766.309464	1.008367
766.798983	1.003451
767.290072	1.002362
767.773315	1.002417
768.264403	0.999876
768.753922	1.000412
769.238735	1.003346
769.728254	1.001181
770.219342	1.000394
771.193674	1.001771
771.683193	0.992690
772.168006	0.990328
772.659094	0.986840
773.148613	0.989166
773.633425	0.980762
774.122945	0.990740
774.614033	0.993368
775.097276	0.997267
775.588365	0.995047
776.077884	1.005099
776.562696	1.002165
777.052215	1.002307
777.543304	0.997139
778.026547	0.996517
778.517635	0.985984
779.007155	0.983229
779.491967	0.985234
779.983055	0.997693
780.466298	1.004454
780.957387	1.013929
781.446906	1.011658
781.931718	1.013356
782.421238	1.005383
783.395569	1.001469
783.886657	1.001684
784.376177	0.996585
784.860989	0.996443
785.350508	0.988790
786.324840	0.983000
787.305447	0.983732
788.281348	0.987413
788.770867	0.993368
789.255680	0.992063
789.745199	0.989399
790.236287	0.993207
790.719531	0.986538
791.210619	0.989326
791.700138	0.988058
792.184950	0.989559
793.165558	0.999876
793.648801	0.999020
794.139890	1.006742
794.629409	1.006564
795.114221	0.997679
795.605309	0.995317
796.579641	0.980853
797.069160	0.980460
797.553973	0.983069
798.043492	0.983050
798.534580	0.981961
799.017824	0.984250
799.998431	0.991418
800.483243	0.997551
800.972763	1.007960
801.948663	0.999071
802.438183	1.000485
802.929271	1.000503
803.412514	0.993656
803.903602	0.998462
804.393122	0.996050
804.877934	0.988433
805.367453	0.986808
805.858541	0.986987
806.341785	0.989935
806.832873	0.990598
807.322392	0.989898
807.807205	0.987541
808.296724	0.993816
808.787812	0.992580
809.271056	0.996640
809.762144	1.004792
810.251663	1.008102
810.736475	1.001396
811.227564	1.000197
812.201895	0.991528
812.691415	0.999286
813.176227	0.999895
813.665746	0.995780
814.640078	1.009640
815.131166	0.999771
815.620685	1.001341
816.105498	1.006207
817.086105	1.000897
818.060437	0.990328
818.551525	0.988882
819.034768	0.983426
819.525857	0.981746
820.015376	0.995514
820.500188	1.003648
820.989708	1.007781
821.480796	1.007617
821.964039	0.999735
822.455127	0.984035
823.429459	0.972788
823.918978	0.977489
824.894879	0.995890
825.384398	1.006170
825.875486	1.002559
826.358730	1.006207
826.849818	0.994549
827.339337	0.992905
827.824150	0.982318
828.313669	0.994173
828.798481	0.995459
829.288001	1.010248
829.779089	1.010120
830.262332	1.013215
830.753420	1.009763
831.242940	1.002934
831.727752	1.007278
832.217271	1.003291
832.708359	1.007923
833.193172	1.003364
833.682691	1.007136
834.173779	0.998856
834.657023	1.002810
835.148111	0.988236
836.122443	0.978670
836.611962	0.983929
837.103050	0.976436
837.586293	0.982552
838.077382	0.992512
838.566901	0.998357
839.051713	0.990777
840.032321	0.994819
841.006652	0.973612
841.980984	0.981192
842.472072	0.982927
842.961592	0.999931
843.446404	1.003451
844.420736	0.986859
844.910255	0.983554
845.401343	0.974432
845.884586	0.982336
846.375675	0.984964
846.865194	0.986163
847.350006	0.993816
848.330614	0.996924
848.815426	0.994100
849.796034	0.975329
850.279277	0.977242
850.770365	0.967996
851.259885	0.969410
852.234216	0.984698
852.725304	0.986021
853.208548	0.980478
853.699636	0.985984
854.673968	1.004829
855.163487	0.990846
855.654575	0.995047
856.139387	0.991436
856.628907	0.984927
857.119995	0.975704
857.603238	0.994942
858.094327	0.994457
858.583846	0.996013
859.068658	0.998732
859.558177	0.994942
860.049266	0.981888
860.532509	0.981801
861.023597	0.983586
861.506841	0.984213
861.997929	0.982195
862.972261	0.999071
863.463349	1.003007
863.952868	1.000732
864.437680	0.997428
864.927200	0.995926
865.418288	1.003685
865.901531	0.997785
866.882139	1.014286
867.856470	0.988703
868.347559	0.986341
868.830802	0.980029
869.321890	0.985678
869.811410	1.003598
870.296222	1.007241
870.787310	0.999771
871.276829	1.001126
871.761642	0.998769
872.742249	0.987738
873.225493	0.992260
874.206100	0.988539
874.690913	0.991312
875.180432	0.999199
876.154763	1.000307
876.645852	0.993976
877.129095	0.995226
877.620183	1.001126
878.109703	0.999410
878.594515	0.991743
879.085603	0.995766
879.575122	0.987197
880.059935	0.971896
880.549454	0.975544
881.040542	0.981622
881.523786	0.979100
882.014874	0.973466
882.504393	0.975791
883.478725	0.974505
883.969813	0.969804
884.453056	0.972610
885.433664	0.992081
885.918476	0.986465
886.409564	0.997286
886.899084	0.996247
887.873415	0.971932
888.847747	0.983838
889.338835	0.994782
889.828354	0.995871
890.313167	0.998000
890.802686	1.004756
891.293774	0.999950
891.777018	0.983179
892.757625	0.976720
893.733526	0.953587
894.216769	0.967158
894.707857	0.957967
895.682189	0.987486
896.171708	0.989472
896.662797	0.986433
897.146040	0.997588
897.637128	0.994173
898.126647	0.981210
898.611460	0.974056
899.100979	0.973182
900.075311	0.987843
901.055918	0.983389
901.540731	0.984698
902.031819	0.983160
902.521338	0.979759
903.006150	0.986071
903.495670	0.999931
903.986758	1.000522
904.470001	0.996764
904.961089	0.987037
905.450609	0.985481
905.935421	0.987591
906.424940	0.980423
906.916029	0.989990
907.399272	0.984698
907.890360	0.985984
908.379880	0.980318
908.864692	0.992672
909.355780	0.982872
909.839023	0.990310
910.330112	0.990310
910.819631	0.998874
911.304443	0.987559
911.793963	0.993226
912.285051	0.991399
912.768294	0.987879
913.259382	0.994585
913.748902	0.995963
914.233714	0.990598
914.723233	0.994997
915.214322	0.994832
915.699134	0.972894
916.188653	0.970696
916.679741	0.969497
917.654073	0.976848
918.143592	0.989111
918.628405	0.990740
919.117924	0.989559
919.609012	0.989276
920.092256	0.985074
920.583344	0.986071
921.072863	0.978386
921.557675	0.988864
922.047195	0.986772
922.538283	0.987577
923.021526	0.976738
923.512615	0.981014
924.002134	0.970285
924.978034	0.974056
925.467554	0.982263
925.952366	0.977832
926.441885	0.978134
926.926698	0.969337
927.416217	0.966192
927.907305	0.947847
928.390549	0.963117
929.371156	0.974166
929.855968	0.969085
930.345488	0.981549
931.321388	0.951600
931.810907	0.956036
932.301996	0.976578
932.785239	0.986053
933.276327	0.983801
933.765847	0.992026
934.250659	0.972948
934.740178	0.961148
935.231266	0.963579
935.714510	0.982675
936.205598	0.976491
936.695117	0.983321
937.179930	0.983444
938.160537	0.953532
938.645350	0.960897
939.134869	0.963455
939.625957	0.956681
940.109200	0.964581
940.600289	0.958521
941.089808	0.942180
941.574620	0.938207
942.064140	0.959345
942.548952	0.960810
943.038471	0.964920
944.012803	0.986772
944.503891	0.975558
944.993410	0.969804
945.478223	0.978098
945.967742	0.983000
946.458830	0.980208
946.943643	0.983389
947.433162	0.988131
947.924250	0.986717
948.407493	0.963991
948.898582	0.949902
949.388101	0.945485
949.872913	0.961075
950.362433	0.965314
950.853521	0.984570
951.336764	0.993761
951.827852	0.998714
952.802184	0.986250
953.291703	0.993940
953.782792	0.995533
954.267604	0.975059
954.757123	0.973434
955.248211	0.975329
955.731455	0.968801
956.222543	0.965012
956.712062	0.975809
957.196875	0.972111
957.686394	0.975040
958.177482	0.976313
958.660725	0.972807
959.635057	0.951724
960.126145	0.947435
961.100477	0.963400
961.591565	0.974326
962.081084	0.977095
962.565897	0.976240
963.546504	0.950529
964.029748	0.949939
964.520836	0.960164
965.010355	0.957912
965.495168	0.962238
965.984687	0.968660
966.475775	0.960201
966.959018	0.940802
967.450107	0.939319
967.939626	0.942340
968.424438	0.951120
968.913958	0.953765
969.889858	0.966765
970.379377	0.969982
970.870466	0.967337
971.353709	0.984483
971.844797	0.977027
972.334317	0.982373
972.819129	0.979759
973.308648	0.982158
973.799736	0.976510
974.282980	0.988900
974.774068	0.973846
975.748400	0.971305
976.237919	0.975489
976.722731	0.975022
977.213820	0.984643
977.703339	0.987591
978.188151	0.982195
978.677670	0.972376
979.168759	0.953710
979.652002	0.952136
980.143090	0.949060
980.632610	0.950547
981.606941	0.968426
982.098029	0.971520
982.581273	0.977814
983.072361	0.971571
983.561880	0.975095
984.046693	0.976738
984.537781	0.960933
985.027300	0.953120
985.512112	0.961400
986.001632	0.949760
986.492720	0.956036
986.975963	0.958342
987.956571	0.940299
988.441383	0.951921
988.930902	0.948149
989.421991	0.946432
989.905234	0.953568
990.396322	0.965117
990.879566	0.961579
991.860173	0.983623
993.325593	0.952049
993.810405	0.948309
994.299925	0.946542
994.791013	0.955125
995.274256	0.959162
995.765345	0.958736
996.254864	0.964133
996.739676	0.976134
997.720284	0.988932
998.203527	0.985106
998.694615	0.959789
999.184135	0.945842
999.668947	0.942286
1000.160035	0.943357
