299.981172	0.012551
300.139639	0.012674
300.447157	0.012244
300.759382	0.013068
301.685076	0.012047
301.997301	0.011173
302.617045	0.011924
302.922995	0.011887
303.388980	0.013375
304.007155	0.013160
304.320949	0.012835
304.473139	0.012391
305.092883	0.014913
305.398833	0.015055
305.558868	0.015036
306.023284	0.012587
306.330802	0.013732
306.482992	0.013178
306.948977	0.014354
307.262771	0.015338
307.568721	0.015055
308.034706	0.016249
308.340655	0.016020
308.652881	0.016734
309.738609	0.013265
309.890800	0.013535
310.272060	0.015572
310.546630	0.020739
311.098908	0.033560
311.375047	0.028178
311.644910	0.017540
311.919480	0.016931
312.195619	0.021348
312.471759	0.017091
313.017761	0.017824
313.292331	0.018130
313.568470	0.011800
314.120748	0.024996
314.395318	0.023939
314.665181	0.015357
314.941320	0.022886
315.217460	0.022099
315.493599	0.016679
315.768169	0.019522
316.314171	0.038280
316.866449	0.047182
317.141019	0.054584
317.687021	0.031697
317.963161	0.035007
318.239300	0.042912
318.513870	0.041159
319.336011	0.066512
319.612150	0.062489
320.156583	0.074806
320.708862	0.066887
320.985001	0.068567
321.259571	0.067958
321.529434	0.064937
321.805573	0.071680
322.081712	0.072215
322.357851	0.070787
322.632421	0.065313
323.730702	0.084139
324.005272	0.099033
324.275135	0.102434
324.551274	0.091508
325.378122	0.084766
325.654261	0.085196
325.924125	0.094868
326.200264	0.095797
326.750973	0.085141
327.027112	0.082674
327.296975	0.081960
327.573114	0.079186
327.849253	0.084015
328.123823	0.091971
328.399962	0.092794
328.669826	0.089558
329.222104	0.098177
329.496674	0.088020
329.772813	0.084569
330.042676	0.088002
330.594954	0.077506
330.869524	0.088396
331.145663	0.092007
331.415527	0.091151
331.691666	0.092616
331.967805	0.090222
332.242375	0.080798
332.788377	0.075630
333.064516	0.077561
333.615225	0.089810
333.891364	0.095156
334.161228	0.104274
334.713506	0.105812
334.988076	0.116001
335.264215	0.116917
335.534078	0.111103
335.810217	0.113035
336.086356	0.112568
336.637065	0.092918
336.906929	0.095747
337.183068	0.101198
337.459207	0.101629
337.733777	0.102773
338.286055	0.121421
338.555918	0.116756
338.832057	0.115644
339.382766	0.120688
339.658905	0.113195
339.928769	0.113195
340.479478	0.117951
340.755617	0.112980
341.031756	0.112051
341.301619	0.112229
341.852328	0.100823
342.128467	0.098695
342.404607	0.102718
342.950609	0.099161
343.225179	0.106490
343.501318	0.106760
343.777457	0.104329
344.323459	0.114573
344.874168	0.107922
345.150308	0.106778
345.696310	0.101413
345.970880	0.100017
346.247019	0.103254
346.523158	0.102004
346.793021	0.096424
347.619869	0.102219
347.896009	0.106133
348.165872	0.116413
348.442011	0.117219
348.992720	0.108851
349.268859	0.108316
349.544998	0.102416
349.814861	0.100466
350.089431	0.109227
350.365570	0.111264
350.641710	0.108957
350.917849	0.111854
351.187712	0.121027
351.462282	0.123906
351.738421	0.122029
352.014560	0.124977
352.290699	0.122190
352.835132	0.101056
353.387411	0.114179
353.933413	0.122817
354.207983	0.129554
354.760261	0.117022
355.036400	0.117292
355.306263	0.116129
355.580833	0.116843
356.133112	0.112193
356.409251	0.111442
356.953684	0.104558
357.505962	0.119310
357.782101	0.118381
358.051964	0.118560
358.602674	0.112408
358.878813	0.108334
359.975524	0.142984
360.251663	0.143840
360.803941	0.130181
361.072235	0.127838
361.348375	0.127069
361.624514	0.123425
361.900653	0.123279
362.176792	0.122171
362.445086	0.125462
362.721225	0.123457
363.273503	0.136100
363.549642	0.139514
363.817936	0.133024
364.094076	0.132630
364.370215	0.129788
364.646354	0.130127
364.922493	0.125371
365.466926	0.135313
365.743065	0.134814
366.019204	0.131271
366.295343	0.135171
366.839777	0.130021
367.392055	0.142732
367.668194	0.139624
367.936488	0.139016
368.212627	0.141016
368.488766	0.136027
368.764905	0.136617
369.585478	0.151086
369.861617	0.150564
370.682189	0.138942
370.958328	0.138819
371.234467	0.140178
371.510606	0.140375
371.786745	0.139084
372.061315	0.140123
372.607318	0.146344
372.883457	0.145524
373.159596	0.142609
374.256307	0.151690
374.532446	0.156144
374.807016	0.155375
375.076880	0.149708
375.629158	0.152230
376.179867	0.155571
376.725869	0.154802
377.002008	0.158002
377.278147	0.164081
377.552717	0.166067
378.098720	0.172718
378.374859	0.171358
378.650998	0.166978
378.925568	0.165889
379.471570	0.159540
379.747709	0.161238
380.298418	0.169715
380.568282	0.177025
380.844421	0.179442
381.120560	0.178833
381.671269	0.181245
382.217271	0.170356
382.493410	0.171303
383.044119	0.176384
383.320259	0.175757
383.590122	0.183232
383.866261	0.185447
384.142400	0.184912
384.416970	0.188468
384.962972	0.201792
385.239111	0.199984
385.789821	0.187667
386.065960	0.189937
386.335823	0.189365
386.611962	0.194762
387.162671	0.209926
388.535522	0.184715
389.081524	0.195407
389.908372	0.214842
390.184511	0.214092
390.454374	0.219744
390.730513	0.220619
391.006652	0.223177
391.557362	0.233188
391.827225	0.232025
392.103364	0.228771
392.379503	0.219438
392.930212	0.187557
393.200075	0.179922
393.476214	0.183786
393.752353	0.192546
394.849065	0.246938
395.675913	0.269554
395.952052	0.264514
397.048764	0.204026
397.324903	0.210947
397.870905	0.252568
398.145475	0.262313
398.697753	0.262084
398.967616	0.259365
399.243755	0.260743
399.794465	0.268931
400.070604	0.265695
400.340467	0.266661
400.616606	0.273115
400.891176	0.272987
401.167315	0.269055
401.443454	0.270717
401.713317	0.274795
402.264027	0.271719
402.540166	0.271824
403.086168	0.269092
403.362307	0.275189
403.913016	0.291886
404.189155	0.294088
404.459018	0.297947
404.735158	0.297484
405.009728	0.292692
405.285867	0.294857
405.562006	0.300666
405.838145	0.298432
406.108008	0.294303
406.382578	0.295393
406.934856	0.302524
407.210995	0.304904
407.755429	0.312342
408.031568	0.312379
408.853709	0.330239
409.128279	0.330921
409.404418	0.327378
409.956696	0.314988
410.501130	0.323515
411.329547	0.337554
411.873980	0.337535
412.426258	0.342543
412.702397	0.342648
412.972261	0.344094
414.075248	0.357863
414.345111	0.360115
414.619681	0.360330
414.895820	0.357291
415.171959	0.356828
415.717962	0.362962
415.992532	0.364820
416.544810	0.371773
417.095519	0.368880
417.365382	0.371238
417.917660	0.372917
418.193799	0.376245
419.014372	0.391570
419.290511	0.387134
419.841220	0.371114
420.111083	0.368038
420.387222	0.371755
421.483934	0.408126
421.760073	0.409732
422.856784	0.398042
423.132923	0.391391
423.409062	0.393625
423.685201	0.399937
423.959772	0.400399
425.058052	0.405924
425.332622	0.404601
425.602485	0.400793
426.430902	0.417243
426.705473	0.415472
427.251475	0.422301
427.527614	0.425272
428.078323	0.440006
428.900464	0.445691
429.176603	0.442542
429.727313	0.441686
429.997176	0.438074
430.824024	0.393890
431.100163	0.396270
432.473014	0.465607
432.742877	0.463767
433.569725	0.449605
434.115727	0.431387
434.391866	0.435035
435.218715	0.469987
436.040856	0.466897
436.591565	0.476748
436.861428	0.471685
437.137567	0.470220
437.413707	0.478391
437.964416	0.482487
438.234279	0.491303
438.510418	0.493592
438.786557	0.489138
439.061127	0.489335
439.613405	0.493999
439.883268	0.494429
440.710117	0.492498
440.986256	0.489262
441.256119	0.488511
441.532258	0.493088
441.806828	0.492910
442.082967	0.488886
442.628969	0.498650
442.905109	0.495395
443.179679	0.495272
443.455818	0.498219
443.731957	0.498256
444.001820	0.501529
444.828668	0.531011
445.104807	0.528672
445.650810	0.508001
445.925380	0.498847
446.201519	0.497936
446.477658	0.502028
447.023660	0.516977
447.298230	0.520483
447.574369	0.519174
447.850508	0.518890
448.120372	0.517279
448.396511	0.517943
449.769361	0.544335
450.043931	0.541419
450.320070	0.541918
451.142212	0.544852
451.969060	0.557563
452.515062	0.553810
453.065771	0.540527
453.341910	0.541813
453.887913	0.558424
454.162483	0.563821
454.438622	0.564196
455.260763	0.558099
455.535333	0.560067
456.087611	0.573799
456.363750	0.574641
456.633614	0.576678
457.184323	0.573996
457.460462	0.573584
458.557173	0.588336
458.833312	0.588515
459.109451	0.586226
459.379315	0.585530
459.930024	0.581704
460.482302	0.584313
460.752165	0.588730
461.302874	0.601423
461.579013	0.606128
461.855153	0.607396
462.125016	0.604265
462.399586	0.604196
462.675725	0.606288
462.951864	0.605858
463.228003	0.606430
463.772436	0.619429
464.324714	0.621736
464.600854	0.625078
465.145287	0.617013
465.421426	0.619928
465.973704	0.634035
466.794276	0.622862
467.070415	0.617750
467.346555	0.617535
468.443266	0.638416
468.719405	0.634393
468.995544	0.635894
469.539977	0.635697
469.816116	0.638004
470.092256	0.644765
470.368395	0.646980
471.465106	0.642352
471.741245	0.645891
472.009539	0.652326
472.285678	0.652756
472.561817	0.649305
472.837957	0.649662
473.382390	0.645263
473.658529	0.648788
474.210807	0.659480
474.486946	0.659371
474.761516	0.660286
475.307519	0.653741
475.583658	0.654436
475.859797	0.658139
476.134367	0.658656
476.680369	0.667362
476.956508	0.666937
477.232647	0.670315
478.053220	0.689516
478.329359	0.690876
479.149931	0.678233
479.426070	0.674910
479.978348	0.681456
480.798921	0.682563
481.351199	0.683653
483.544622	0.705019
483.820761	0.703070
484.371470	0.714691
484.917472	0.732053
485.193611	0.734593
486.290323	0.696739
486.566462	0.701229
487.663173	0.735449
487.939312	0.735811
488.215451	0.738117
489.036024	0.714279
489.862872	0.728638
490.139011	0.736149
490.408874	0.738150
490.685013	0.737559
490.961152	0.741994
491.235722	0.743120
491.781725	0.728693
492.057864	0.727050
492.334003	0.729604
493.154575	0.767366
493.430714	0.761571
493.981423	0.743249
494.257562	0.739152
494.527426	0.746036
495.079704	0.767114
495.354274	0.767311
495.630413	0.766936
495.900276	0.765096
496.452554	0.753776
496.727124	0.755799
497.003263	0.753277
497.279403	0.748773
497.549266	0.747661
497.825405	0.742818
498.099975	0.741335
498.652253	0.749272
498.922116	0.751652
499.472825	0.764006
500.025104	0.758729
500.294967	0.758445
500.845676	0.766707
501.943956	0.789717
502.218526	0.791685
502.494665	0.791397
502.770805	0.790522
503.591377	0.793131
504.143655	0.796546
504.413518	0.793131
504.689657	0.792719
504.964227	0.793704
505.240367	0.792362
505.516506	0.792289
505.786369	0.798748
506.337078	0.802286
506.889356	0.801929
507.435358	0.794990
507.709928	0.795974
508.538346	0.808525
508.808209	0.817144
509.082779	0.816928
509.358918	0.814393
509.911196	0.817752
510.181059	0.819199
510.455629	0.819345
510.731769	0.823382
511.007908	0.824367
511.284047	0.823419
511.553910	0.819592
512.104619	0.817519
512.380758	0.816160
512.656897	0.812209
512.926760	0.811976
513.477470	0.817075
513.753609	0.817629
514.574181	0.828285
515.402598	0.839636
515.947032	0.836707
516.223171	0.833397
516.499310	0.842891
516.775449	0.840423
517.596021	0.850150
517.872160	0.841371
518.692733	0.845124
519.245011	0.838226
519.795720	0.833613
520.065583	0.835741
520.341722	0.839316
520.617861	0.839961
520.894000	0.842872
521.168570	0.842016
521.714573	0.831232
521.990712	0.831754
522.266851	0.833539
523.363562	0.852169
523.639701	0.851565
523.914271	0.846557
524.460274	0.843481
525.012552	0.838995
525.287122	0.841998
525.556985	0.832358
525.833124	0.835398
526.109263	0.835059
526.659972	0.841014
526.929836	0.853780
527.205975	0.854032
527.482114	0.857533
528.032823	0.854444
528.302686	0.855927
528.578825	0.854622
528.854964	0.854888
529.405673	0.860984
529.675537	0.858838
530.503954	0.858911
530.778524	0.858284
531.324526	0.864578
531.600665	0.863845
532.427513	0.858609
532.697377	0.860344
533.249655	0.868336
533.800364	0.881298
534.070227	0.882406
534.346366	0.879939
534.622505	0.879257
534.897075	0.880351
535.394440	0.875165
536.368771	0.875380
536.858290	0.869727
537.343103	0.859199
537.834191	0.857712
538.323710	0.855121
538.808523	0.857213
539.298042	0.864578
539.789130	0.868262
540.272374	0.875503
540.763462	0.873714
541.252981	0.875824
541.737793	0.872231
542.227313	0.878328
542.718401	0.875700
543.201644	0.876309
543.692733	0.871233
544.182252	0.871892
544.667064	0.864312
545.158152	0.863845
545.647672	0.871018
546.132484	0.868084
547.113092	0.875183
548.087423	0.858449
548.576942	0.859968
549.061755	0.857213
549.551274	0.857767
550.042362	0.861076
550.525606	0.874323
551.501506	0.881367
551.991025	0.886626
552.482114	0.887162
552.965357	0.882227
553.945965	0.880172
554.430777	0.873000
554.920296	0.875398
555.411384	0.871965
555.894628	0.879760
556.385716	0.881385
556.875235	0.882136
557.360048	0.884283
558.340655	0.876309
558.823899	0.874304
559.314987	0.875595
559.804506	0.875540
560.289318	0.879133
560.780407	0.874414
561.269926	0.878543
561.754738	0.879403
562.244258	0.878543
562.735346	0.879866
563.218589	0.882639
564.199197	0.878259
565.173528	0.884731
565.664617	0.879046
566.147860	0.876346
567.123761	0.880850
567.613280	0.875165
568.587611	0.884461
569.078700	0.887395
569.568219	0.883495
570.053031	0.890773
570.542551	0.892613
571.516882	0.885944
572.007970	0.884338
572.497490	0.877344
572.982302	0.877344
573.471821	0.874680
573.962910	0.882246
574.447722	0.881564
574.937241	0.885912
575.428329	0.884122
575.911573	0.891290
576.892180	0.885500
577.376993	0.889148
577.866512	0.890059
578.357600	0.880566
578.840843	0.876149
579.331932	0.881797
579.821451	0.880154
581.286871	0.894545
581.770114	0.897282
582.261202	0.896193
582.750722	0.892741
583.726622	0.906615
584.209866	0.905237
585.190473	0.912552
586.164805	0.897552
587.139136	0.894476
587.630225	0.892686
588.604556	0.904665
589.585164	0.906418
590.069976	0.904702
590.559495	0.897085
591.050584	0.894636
591.533827	0.897584
592.024915	0.891881
593.488766	0.905187
593.979854	0.900912
594.463098	0.906720
594.954186	0.904972
595.443705	0.907654
595.928518	0.904345
596.418037	0.908240
596.909125	0.910332
597.883457	0.903004
598.374545	0.907096
598.857788	0.904345
599.348877	0.904523
599.832120	0.911998
600.323208	0.915216
600.812728	0.914483
601.297540	0.919344
601.787059	0.918470
602.278147	0.916181
602.761391	0.914964
603.252479	0.912872
603.741998	0.914982
604.226811	0.911586
605.207418	0.919917
605.692230	0.918791
606.181750	0.914323
606.672838	0.918022
607.156081	0.914108
607.647170	0.912355
608.621501	0.920026
609.111020	0.918919
609.602109	0.919239
610.576440	0.929428
611.065960	0.932092
611.550772	0.933058
612.040291	0.932774
613.016192	0.923299
613.505711	0.925226
614.480043	0.935740
614.971131	0.936797
615.454374	0.939782
615.945463	0.940606
616.434982	0.939548
616.919794	0.939265
617.409313	0.941983
617.900402	0.940871
618.383645	0.938029
618.874733	0.936440
619.364253	0.940409
619.849065	0.942052
620.340153	0.944753
620.829672	0.942089
621.314485	0.946684
621.804004	0.947275
622.295092	0.950566
622.778336	0.950653
623.269424	0.954498
623.758943	0.956393
624.243755	0.960471
624.733275	0.959789
625.224363	0.957395
626.198695	0.948419
626.688214	0.938496
627.173026	0.936582
627.662546	0.941983
628.153634	0.944538
628.638446	0.944002
629.127965	0.948721
629.619054	0.947435
630.102297	0.942089
630.593385	0.942876
631.082904	0.946185
632.057236	0.947256
633.031568	0.945773
633.522656	0.949096
634.005899	0.950135
634.496988	0.954264
635.471319	0.964938
636.936739	0.957857
637.426258	0.953834
637.917347	0.953568
639.381197	0.974935
640.355529	0.980300
641.329861	0.963277
641.820949	0.957912
642.310468	0.960540
642.795281	0.956608
643.286369	0.957377
643.775888	0.961972
644.260700	0.964101
645.241308	0.963277
645.724551	0.968138
646.215640	0.966421
646.705159	0.962435
647.189971	0.962274
647.679490	0.964673
648.164303	0.959523
648.653822	0.960183
649.628154	0.963419
650.119242	0.968907
650.608761	0.969232
651.093573	0.970285
651.584662	0.969195
652.074181	0.970019
652.558993	0.963689
653.048513	0.969731
653.539601	0.972843
654.022844	0.978780
654.513932	0.978633
655.003452	0.976651
655.488264	0.970967
655.977783	0.967996
656.468872	0.967424
656.952115	0.971392
657.443203	0.973649
658.908623	0.985055
659.398142	0.979315
659.882955	0.981837
660.372474	0.986717
660.863562	0.984712
661.346806	0.979709
661.837894	0.982263
662.327413	0.980565
663.792833	0.993958
664.276076	0.996498
664.767165	1.002165
665.251977	0.991706
665.741496	0.986287
666.232584	0.985124
666.715828	0.981476
667.206916	0.981444
667.696435	0.987216
668.181248	0.987001
668.670767	0.989523
669.161855	0.995816
670.136187	0.996801
670.625706	0.998966
671.600038	0.994672
672.091126	0.995601
672.574369	0.992315
673.065458	0.990740
673.554977	0.991386
674.039789	0.990205
674.530877	0.993313
675.505209	0.989381
675.994728	0.989454
676.485816	0.991349
676.969060	0.985714
677.460148	0.990974
677.949667	0.991061
678.434480	0.992457
678.923999	0.990402
679.415087	0.990223
679.898331	0.990974
680.389419	0.996302
681.363750	1.009388
681.854839	1.012752
682.829170	1.004472
683.318690	1.001021
683.803502	0.999464
684.293021	0.990722
684.784109	0.987985
685.267353	0.983893
685.758441	0.981407
686.247960	0.974578
687.713380	0.993422
689.178800	1.004509
689.662043	1.000732
690.642651	0.986612
691.127463	0.989202
691.616983	0.986950
692.108071	0.993761
693.082402	1.010033
693.571922	1.004953
694.546253	1.005168
695.037342	1.005278
695.520585	0.998874
696.011673	1.000055
696.501192	0.996141
696.986005	0.997409
697.477093	0.993834
697.960336	0.995404
698.451425	0.993244
698.940944	0.994228
699.915276	0.998837
700.406364	1.003470
700.889607	1.013787
701.380695	1.016684
702.355027	1.004953
702.844546	1.005918
703.820447	1.000984
704.309966	1.009013
704.801054	1.011393
705.284298	1.002522
705.775386	0.997034
706.264905	1.001323
706.749718	1.001575
707.239237	1.006994
707.730325	1.016524
708.213568	1.020973
708.704657	1.020259
709.194176	1.016199
709.678988	1.006472
710.168508	1.001698
710.659596	1.000073
711.144408	0.999858
711.633927	1.000288
712.125016	1.007813
712.608259	1.008958
713.099347	1.003346
713.582591	1.002646
715.048011	0.994654
715.537530	0.999268
716.028618	1.000197
716.511861	0.999268
717.002950	1.001199
717.492469	1.001666
717.977281	0.999716
718.466801	0.999680
718.957889	1.006170
719.442701	1.005992
719.932220	1.010963
720.423309	1.010230
720.906552	1.011786
721.887160	1.002110
722.371972	1.001218
722.861491	1.003433
723.835823	0.999840
724.816430	1.002467
725.301243	1.006957
725.790762	1.000897
726.281850	1.003543
726.766662	1.007726
727.256182	1.001236
727.747270	1.000879
728.721602	1.008386
729.204845	1.003401
729.695933	1.001556
730.185452	0.993349
730.670265	0.993528
731.159784	0.996320
732.134116	1.008047
732.625204	1.008477
733.114723	1.005525
734.090624	0.995066
734.580143	0.997139
735.554475	1.006706
736.528806	1.015933
737.019895	1.019348
737.994226	1.016702
738.974834	1.002307
739.458077	0.994352
739.949165	0.996622
740.438685	0.995871
740.923497	0.997606
741.904104	1.009013
742.388917	1.006225
742.878436	1.006976
744.343856	1.002307
745.318188	1.007868
745.807707	1.007813
746.782038	0.995945
747.756370	0.988218
748.247458	0.984231
749.221790	0.997052
749.712878	0.997194
750.202397	0.994333
750.687210	0.995963
751.667817	0.989308
752.151061	0.990058
752.642149	0.992580
753.131668	0.999268
753.616480	1.000485
754.106000	1.003648
754.597088	0.999821
755.080331	1.001501
755.571420	0.996068
756.060939	0.994512
756.545751	0.994709
757.036839	1.002861
757.526359	1.003758
758.011171	1.008225
758.500690	1.009905
759.966110	1.009136
760.455629	1.006294
760.940442	1.012999
761.429961	1.014286
761.914773	1.010445
762.404293	1.008367
762.895381	1.009104
763.378624	1.004921
763.869713	0.998430
764.359232	0.996210
764.844044	0.995569
765.335132	0.997121
766.309464	1.011983
766.798983	1.018277
767.290072	1.022099
767.773315	1.017865
768.264403	1.007763
768.753922	1.010747
769.238735	1.007690
769.728254	1.011159
770.219342	1.007850
770.702586	1.009370
771.193674	1.007351
771.683193	1.008138
772.168006	1.006152
772.659094	1.012015
773.633425	1.017416
774.122945	1.018259
774.614033	1.014414
775.588365	1.001254
776.077884	0.994443
777.052215	1.002005
777.543304	0.997158
778.026547	0.995317
778.517635	0.998572
779.002448	0.994942
779.491967	0.994031
779.983055	1.005026
780.466298	1.005310
780.957387	1.003740
781.446906	1.003611
781.931718	1.004921
782.421238	1.002540
782.912326	1.008157
783.395569	1.010587
784.376177	1.002128
785.350508	1.016309
785.841597	1.016290
786.815928	1.026466
787.305447	1.016808
787.790260	1.000503
789.255680	0.983948
789.745199	0.986772
790.236287	1.001451
790.719531	1.010839
791.210619	1.012372
791.700138	1.014716
792.184950	1.015700
793.165558	0.998000
793.648801	0.993674
794.139890	0.993313
795.114221	0.995853
796.088553	1.008244
796.579641	1.012839
797.069160	1.013590
797.553973	1.012624
798.043492	1.007832
798.534580	1.013375
799.017824	1.012784
799.508912	1.013215
799.998431	1.020707
800.483243	1.019096
801.948663	0.991688
802.438183	0.988415
802.929271	0.988470
803.412514	0.990008
804.393122	1.005081
805.367453	0.994031
805.858541	0.991633
806.341785	0.992100
806.832873	0.998087
807.807205	1.018455
808.296724	1.023335
808.787812	1.019275
809.762144	0.997121
810.251663	0.996173
810.736475	0.997139
812.201895	1.026054
812.691415	1.020277
813.176227	1.017023
814.156834	1.005653
814.640078	1.000700
815.131166	1.006472
815.620685	1.008958
816.105498	1.005653
816.595017	1.010464
817.086105	1.001684
817.570918	0.996764
818.060437	0.997515
818.551525	1.006097
819.034768	1.005259
820.015376	0.999625
820.500188	1.001735
820.989708	0.985554
821.480796	0.990292
821.964039	1.007653
822.455127	1.011374
822.944647	0.998824
823.429459	1.007813
823.918978	1.004257
824.410067	0.995281
824.894879	1.001469
825.384398	1.012162
825.875486	1.011246
826.358730	1.012125
826.849818	1.011928
827.824150	1.002701
828.798481	1.003401
829.288001	1.009887
830.262332	1.010569
830.753420	1.010963
831.242940	1.006367
831.727752	1.004312
832.217271	1.007154
832.708359	1.007118
833.682691	1.014482
834.173779	1.007136
834.657023	0.995638
835.148111	0.998036
835.637630	0.998677
836.611962	1.000806
837.103050	1.008495
837.586293	1.012999
838.077382	1.010033
838.566901	1.002362
839.051713	1.003598
839.541233	1.008889
840.517133	1.001378
841.006652	1.007438
841.497741	1.009209
841.980984	1.003987
842.472072	1.003433
842.955316	1.001414
843.446404	0.994603
843.935923	0.992777
844.420736	0.992242
844.910255	0.990452
845.884586	1.008207
846.375675	1.011818
846.865194	1.018616
847.350006	1.021920
847.841095	1.019330
848.815426	1.009406
849.304945	1.006742
849.796034	1.008244
850.279277	1.004239
850.770365	1.001932
851.259885	0.997766
851.744697	0.995423
852.234216	0.987879
852.725304	0.984373
853.699636	1.007456
854.673968	1.018863
855.163487	1.034261
855.654575	1.022836
856.139387	1.021870
856.628907	1.018684
857.119995	1.017508
857.603238	1.005117
858.094327	1.012642
859.068658	1.010999
859.558177	1.011965
860.042990	1.016647
860.532509	1.015416
861.023597	1.012034
861.506841	1.004275
861.997929	1.006097
862.487448	0.999753
862.972261	0.988182
863.463349	0.982085
863.952868	0.983838
864.437680	0.978350
864.927200	0.982195
865.418288	1.003845
865.901531	1.008495
866.882139	1.025303
867.366951	1.025729
867.856470	1.010802
868.347559	1.008601
869.321890	1.000645
870.296222	1.019778
870.787310	1.018973
871.276829	1.028182
871.761642	1.027679
872.251161	1.019957
872.742249	1.006564
873.225493	1.009695
873.716581	1.001488
874.206100	1.002005
875.180432	1.025820
875.665244	1.022474
876.154763	1.023408
876.645852	1.022548
877.129095	1.015343
877.620183	1.018579
878.109703	1.024227
878.594515	1.025125
879.085603	1.028608
879.575122	1.019865
880.059935	1.017343
880.549454	1.016020
882.014874	1.033437
882.504393	1.024209
882.989205	1.020689
884.453056	1.001291
884.944145	1.004293
885.433664	1.005493
885.918476	1.001039
886.409564	0.998659
886.899084	0.994210
887.383896	0.993816
887.873415	0.996370
888.364504	0.993528
888.847747	0.991972
889.338835	1.004202
889.828354	1.003973
890.313167	0.995853
890.802686	1.000394
891.293774	1.006742
891.777018	1.007726
892.268106	1.005795
893.242438	1.022959
894.216769	1.008157
894.707857	1.016235
895.197377	1.013375
895.682189	1.003579
897.146040	0.997803
898.126647	1.005149
899.100979	1.007992
899.592067	1.002183
900.075311	1.004792
900.566399	1.004724
902.031819	1.021138
902.521338	1.014464
903.006150	1.019618
903.495670	1.015467
903.986758	1.015842
904.470001	1.010747
904.961089	1.009621
905.450609	1.003524
905.935421	1.006761
906.424940	1.004417
906.916029	1.007063
907.399272	1.004811
907.890360	1.009603
908.375173	1.012446
908.864692	1.021316
909.355780	1.021458
909.839023	1.018863
910.330112	1.010821
910.819631	1.006097
911.793963	0.979691
912.285051	0.984016
912.768294	0.981032
913.259382	0.974793
913.748902	0.979993
914.233714	0.994297
914.723233	0.996961
915.214322	1.000984
915.699134	1.001753
916.188653	0.996567
916.679741	0.994278
917.162985	0.995601
918.143592	1.009566
918.628405	1.022067
919.117924	1.018437
919.609012	1.020941
921.072863	0.996837
921.557675	0.991761
922.047195	0.992438
923.512615	1.012606
924.002134	1.010944
924.486946	1.000307
924.978034	0.999162
925.952366	0.987056
926.441885	0.993422
926.926698	1.004705
927.416217	1.000252
928.390549	1.005973
929.371156	0.994352
929.855968	0.993885
930.345488	0.989990
931.810907	1.016432
932.301996	1.014482
932.785239	1.016826
933.276327	1.005776
933.765847	1.009603
934.250659	1.007209
934.740178	1.023728
935.231266	1.023815
935.714510	1.032563
936.695117	1.030896
937.179930	1.020973
938.645350	1.016364
939.134869	1.010656
939.625957	1.010084
940.600289	0.999858
941.083532	0.991848
941.574620	0.989308
942.064140	0.988342
942.548952	0.983838
943.529559	0.995121
944.012803	0.996855
944.993410	1.021527
945.967742	1.018899
946.458830	1.018327
946.943643	1.000307
947.433162	0.998911
947.924250	0.984767
949.388101	0.995066
949.872913	0.994851
950.362433	1.004792
951.336764	0.995157
951.827852	1.003113
952.802184	0.989848
953.291703	0.988900
953.782792	0.996155
954.267604	0.988575
954.757123	0.991079
956.222543	1.015915
956.705786	1.033043
957.196875	1.041053
957.686394	1.042555
958.171206	1.035153
958.660725	1.031739
959.151814	1.019527
959.635057	1.013787
960.126145	1.013091
960.615665	1.004220
961.100477	0.999661
961.591565	1.011461
962.081084	1.015842
962.565897	1.005186
963.055416	1.004078
963.546504	0.994745
964.029748	0.978528
965.010355	0.998659
965.495168	1.002737
965.984687	1.011214
966.475775	1.015952
966.959018	1.009837
967.450107	1.017508
967.939626	1.017096
968.424438	1.014611
968.913958	1.001932
969.405046	0.995496
969.889858	0.993207
970.870466	1.008729
971.353709	1.024209
971.844797	1.019993
972.334317	1.021870
972.819129	1.026928
973.308648	1.029001
974.282980	1.045937
975.257311	1.016167
976.237919	0.987985
977.213820	0.986840
977.703339	0.989720
978.188151	0.988845
978.677670	0.982803
979.168759	0.982300
979.652002	0.986753
980.143090	0.998947
981.117422	1.028965
981.606941	1.027573
982.098029	1.022639
982.581273	1.021797
983.072361	1.012034
983.561880	1.006651
984.537781	1.014771
985.027300	1.022282
985.512112	1.033794
986.492720	1.042536
986.975963	1.037890
987.467052	1.007887
988.441383	0.972358
988.930902	0.968124
989.415715	0.966279
989.905234	0.978546
990.396322	0.986053
990.879566	1.004399
991.370654	0.988703
991.860173	0.988685
992.344986	0.985751
992.836074	0.980066
993.325593	0.972019
993.810405	0.978583
994.299925	0.990058
994.791013	0.994457
995.765345	0.972967
996.254864	0.974399
996.739676	0.961812
997.229195	0.954658
997.720284	0.972807
998.203527	0.978043
998.694615	0.973200
999.668947	0.992599
1000.160035	0.980478
