400  0.442720
405  0.442720
410  0.441993
415  0.441993
420  0.441993
425  0.441993
430  0.441993
435  0.441946
440  0.442729
445  0.442752
450  0.442727
455  0.442677
460  0.443461
465  0.443461
470  0.443461
475  0.443461
480  0.443461
485  0.443461
490  0.443461
495  0.443461
500  0.443461
505  0.443461
510  0.443461
515  0.443461
520  0.444182
525  0.444935
530  0.444929
535  0.444929
540  0.444929
545  0.444929
550  0.444929
555  0.444929
560  0.444930
565  0.445661
570  0.445683
575  0.446398
580  0.446398
585  0.446398
590  0.446398
595  0.446398
600  0.446398
605  0.447211
610  0.447130
615  0.447866
620  0.447866
625  0.447866
630  0.447866
635  0.447866
640  0.447911
645  0.448600
650  0.448525
655  0.449335
660  0.449335
665  0.449335
670  0.449335
675  0.449354
680  0.450090
685  0.450804
690  0.450803
695  0.450803
700  0.450803
705  0.450797
710  0.451536
715  0.451538
720  0.452273
725  0.452272
730  0.452272
735  0.452272
740  0.452427
745  0.453100
750  0.452969
755  0.453740
760  0.453740
765  0.453740
770  0.454526
775  0.454474
780  0.454405
785  0.455208
790  0.455208
795  0.455178
800  0.455178
