400  0.091729
405  0.091770
410  0.091065
415  0.091036
420  0.091779
425  0.091680
430  0.095476
435  0.095447
440  0.095447
445  0.095447
450  0.095447
455  0.095447
460  0.095416
465  0.097695
470  0.097593
475  0.100504
480  0.103512
485  0.103515
490  0.107233
495  0.107194
500  0.107194
505  0.108001
510  0.110867
515  0.114374
520  0.118037
525  0.121102
530  0.121489
535  0.125571
540  0.125549
545  0.125564
550  0.128593
555  0.126915
560  0.131388
565  0.134366
570  0.134360
575  0.134360
580  0.134360
585  0.134360
590  0.134346
595  0.141472
600  0.145579
605  0.149027
610  0.149342
615  0.154219
620  0.157805
625  0.160630
630  0.163309
635  0.163737
640  0.166676
645  0.169655
650  0.173652
655  0.177224
660  0.181297
665  0.185779
670  0.190113
675  0.195048
680  0.199267
685  0.204170
690  0.204236
695  0.209246
700  0.214950
705  0.220453
710  0.224218
715  0.227859
720  0.232757
725  0.235630
730  0.239040
735  0.242271
740  0.245918
745  0.246015
750  0.248136
755  0.251692
760  0.254030
765  0.256205
770  0.260052
775  0.262852
780  0.262846
785  0.263302
790  0.266639
795  0.269699
800  0.269699
