400  0.067327
405  0.066813
410  0.066796
415  0.065340
420  0.065349
425  0.063806
430  0.063885
435  0.062406
440  0.062407
445  0.060954
450  0.060991
455  0.059472
460  0.059473
465  0.058015
470  0.057195
475  0.056519
480  0.055799
485  0.055817
490  0.054538
495  0.050802
500  0.051303
505  0.050529
510  0.049195
515  0.048521
520  0.047724
525  0.047791
530  0.046253
535  0.045532
540  0.044831
545  0.043331
550  0.043317
555  0.042578
560  0.042515
565  0.041850
570  0.041922
575  0.040400
580  0.040386
585  0.039648
590  0.039647
595  0.039712
600  0.038994
605  0.038625
610  0.037440
615  0.037445
620  0.037445
625  0.037445
630  0.037445
635  0.037448
640  0.036711
645  0.036710
650  0.036710
655  0.036712
660  0.036737
665  0.036710
670  0.036734
675  0.035976
680  0.035976
685  0.035976
690  0.035976
695  0.035976
700  0.035976
705  0.035508
710  0.034502
715  0.034508
720  0.034508
725  0.034508
730  0.034508
735  0.034508
740  0.034508
745  0.034508
750  0.034508
755  0.034508
760  0.034508
765  0.034508
770  0.034508
775  0.034508
780  0.034508
785  0.034508
790  0.034496
795  0.033040
800  0.033040
