400  0.046256
405  0.046256
410  0.046884
415  0.047782
420  0.047723
425  0.047723
430  0.047723
435  0.048476
440  0.048458
445  0.048385
450  0.049192
455  0.049192
460  0.049160
465  0.050701
470  0.049942
475  0.050661
480  0.050658
485  0.052132
490  0.053454
495  0.054492
500  0.057120
505  0.062638
510  0.070517
515  0.080578
520  0.089135
525  0.096524
530  0.101581
535  0.104287
540  0.104992
545  0.104992
550  0.104977
555  0.102036
560  0.098995
565  0.092545
570  0.084643
575  0.080048
580  0.075177
585  0.071206
590  0.069757
595  0.068249
600  0.068436
605  0.063670
610  0.060966
615  0.059474
620  0.057357
625  0.056509
630  0.054969
635  0.053457
640  0.050635
645  0.047767
650  0.046344
655  0.044432
660  0.041798
665  0.041117
670  0.041116
675  0.041690
680  0.044190
685  0.050126
690  0.060725
695  0.083684
700  0.114935
705  0.150167
710  0.192708
715  0.240836
720  0.285929
725  0.331537
730  0.374941
735  0.411442
740  0.442622
745  0.459062
750  0.475530
755  0.486563
760  0.491181
765  0.495609
770  0.499292
775  0.501441
780  0.503504
785  0.505137
790  0.505826
795  0.506660
800  0.506660
