350.4	0.780
359.1	0.772
366.2	0.793
373.3	0.792
379.4	0.787
388.0	0.817
395.1	0.824
402.5	0.850
409.6	0.851
417.2	0.852
424.3	0.855
431.7	0.852
439.2	0.887
446.5	0.891
453.6	0.901
461.6	0.916
468.3	0.922
476.3	0.947
486.4	0.948
489.7	0.966
497.9	0.960
506.2	0.970
512.1	0.985
519.8	0.987
527.8	0.981
534.2	0.987
541.7	1.000
549.7	1.000
556.1	1.002
563.5	1.004
571.2	1.016
577.9	1.012
585.4	1.012
593.0	1.018
599.6	1.017
607.6	1.022
615.2	1.041
622.0	1.038
629.4	1.052
637.1	1.046
644.2	1.058
651.6	1.070
659.2	1.071
666.0	1.090
673.4	1.092
681.1	1.093
688.2	1.088
695.3	1.091
702.9	1.099
710.1	1.099
717.4	1.102
724.8	1.106
731.9	1.105
739.2	1.117
746.7	1.118
761.4	1.136
768.8	1.135
775.9	1.144
783.3	1.158
798.0	1.154
805.1	1.155
812.5	1.164
820.0	1.157
827.3	1.165
834.7	1.176
841.8	1.176
856.6	1.197
863.9	1.193
871.3	1.207
878.8	1.217
885.9	1.233
893.8	1.226
900.3	1.243
907.9	1.244
915.4	1.265
922.5	1.270
929.8	1.275
937.2	1.279
944.6	1.289
951.7	1.291
959.1	1.298
966.5	1.300
973.8	1.296
980.9	1.303
982.5	1.303
999.0	1.314
1014.9	1.324
1031.5	1.338
1047.7	1.353
1065.4	1.361
1082.0	1.361
1098.3	1.380
1113.9	1.399
1130.1	1.399
1147.0	1.412
1163.8	1.423
1180.0	1.440
1196.3	1.442
1212.6	1.438
1228.5	1.448
1245.0	1.450
1278.1	1.470
1295.0	1.484
1310.9	1.480
1326.9	1.486
1343.5	1.494
1359.6	1.518
1377.1	1.524
1393.3	1.535
1409.3	1.533
1425.5	1.522
1441.8	1.484
1458.3	1.411
1475.2	1.244
1491.8	1.091
1508.0	1.067
1524.2	1.089
1540.5	1.103
1556.8	1.110
1573.6	1.174
1590.1	1.292
1602.2	1.333
1625.3	1.371
1641.5	1.410
1655.7	1.440
1672.5	1.470
1689.1	1.501
1705.4	1.549
1721.9	1.596
1738.2	1.612
1754.4	1.617
1771.3	1.623
1787.8	1.631
1804.1	1.653
1820.0	1.661
1836.2	1.637
1853.0	1.644
1869.3	1.606
1886.8	1.544
1902.7	1.408
1919.2	1.221
1935.5	1.047
1952.0	0.923
1968.8	0.843
1985.4	0.784
2001.6	0.748
2017.9	0.722
2034.4	0.723
2051.0	0.723
2067.5	0.764
2084.1	0.852
2100.3	0.980
2116.9	1.134
2133.4	1.254
2150.2	1.359
2166.5	1.437
2183.1	1.495
2199.2	1.551
2216.1	1.581
2232.9	1.575
2249.5	1.575
2266.4	1.545
2282.6	1.482
2299.5	1.437
2316.3	1.351
2333.4	1.289
2350.5	1.239
2367.6	1.206
2384.8	1.187
2401.6	1.151
2418.2	1.121
2434.7	1.104
2451.0	1.088
2467.3	1.060
2483.8	1.034
2500.1	1.020
2516.6	1.002
2533.1	0.989
2549.4	0.977
2564.4	0.975
2581.8	0.975
2598.1	0.965
2615.3	0.922
2630.0	0.891
2646.6	0.847
2661.6	0.763
2680.8	0.654
2696.2	0.502
2712.2	0.385
2732.8	0.262
2747.9	0.165
2763.3	0.103
2781.3	0.064
2799.0	0.041
2816.2	0.027
2832.7	0.022
2849.5	0.019
2866.0	0.018
2882.6	0.018
2898.8	0.019
2915.4	0.021
2931.7	0.023
2947.3	0.024
2963.3	0.022
2977.5	0.019
3000.7	0.018
3013.8	0.017
3029.7	0.021
3048.1	0.024
3064.6	0.029
3080.5	0.035
3097.1	0.041
3112.2	0.039
3129.6	0.034
3146.8	0.033
3163.2	0.032
3179.8	0.032
3197.2	0.035
3213.8	0.037
3231.5	0.042
3248.0	0.050
3265.9	0.059
3283.2	0.072
3299.5	0.083
3316.3	0.097
3333.5	0.110
3350.0	0.125
3365.6	0.140
3381.9	0.157
3398.7	0.179
3415.5	0.197
3431.8	0.220
3449.0	0.243
3464.9	0.266
3481.4	0.291
3498.0	0.315
3513.1	0.331
3530.2	0.349
3546.8	0.361
3562.9	0.374
3580.4	0.382
3596.4	0.386
3614.1	0.387
3630.9	0.383
3648.7	0.381
3665.5	0.373
3682.9	0.359
3699.7	0.348
3717.5	0.334
3734.6	0.314
3751.2	0.298
3767.7	0.279
3784.6	0.264
3801.2	0.254
3817.7	0.240
3834.8	0.228
3851.6	0.212
3862.0	0.198
3881.8	0.183
3898.6	0.184
3914.8	0.176
3930.9	0.166
3947.7	0.163
3963.9	0.155
3980.5	0.151
3997.0	0.144
4012.9	0.140
4029.5	0.133
4047.5	0.129
4063.2	0.128
4080.9	0.123
4097.7	0.119
4114.5	0.115
4132.0	0.106
4149.2	0.106
4166.6	0.105
4183.1	0.103
4198.5	0.099
4211.4	0.092
4224.1	0.080
4242.5	0.061
4260.5	0.066
4278.5	0.074
4296.6	0.078
4314.8	0.078
4332.8	0.077
4351.2	0.075
4366.5	0.075
4383.1	0.070
4398.2	0.069
4415.6	0.065
4431.8	0.066
4447.8	0.066
4465.8	0.065
4482.7	0.069
4499.8	0.068
4516.1	0.067
4534.1	0.071
4552.1	0.074
4568.1	0.074
4585.8	0.076
4603.2	0.074
4620.3	0.083
4636.3	0.084
4654.3	0.090
4670.6	0.093
4687.4	0.097
4703.1	0.105
4719.6	0.107
4737.4	0.108
4753.5	0.112
4770.5	0.111
4787.0	0.117
4803.8	0.121
4819.8	0.127
4836.0	0.130
4853.2	0.130
4869.7	0.133
4885.7	0.128
4902.8	0.132
4919.9	0.135
4937.0	0.139
4954.2	0.134
4971.9	0.143
4989.0	0.137
5005.9	0.127
5022.8	0.127
5041.0	0.120
5057.6	0.111
5074.1	0.105
5091.3	0.101
5100.2	0.092