3000.000000 1.675573e-02 
3003.000000 1.674358e-02 
3006.000000 1.673142e-02 
3009.000000 1.671927e-02 
3012.000000 1.670711e-02 
3015.000000 1.669597e-02 
3018.000000 1.668382e-02 
3021.000000 1.667166e-02 
3024.000000 1.665951e-02 
3027.000000 1.664735e-02 
3030.000000 1.663520e-02 
3033.000000 1.662305e-02 
3036.000000 1.661190e-02 
3039.000000 1.659975e-02 
3042.000000 1.658760e-02 
3045.000000 1.657544e-02 
3048.000000 1.656329e-02 
3051.000000 1.655113e-02 
3054.000000 1.653898e-02 
3057.000000 1.652784e-02 
3060.000000 1.651568e-02 
3063.000000 1.650353e-02 
3066.000000 1.649137e-02 
3069.000000 1.647922e-02 
3072.000000 1.646707e-02 
3075.000000 1.645491e-02 
3078.000000 1.644377e-02 
3081.000000 1.643162e-02 
3084.000000 1.641946e-02 
3087.000000 1.640731e-02 
3090.000000 1.639515e-02 
3093.000000 1.638300e-02 
3096.000000 1.637084e-02 
3099.000000 1.635970e-02 
3102.000000 1.634755e-02 
3105.000000 1.633539e-02 
3108.000000 1.632324e-02 
3111.000000 1.631109e-02 
3114.000000 1.629893e-02 
3117.000000 1.628779e-02 
3120.000000 1.627564e-02 
3123.000000 1.626348e-02 
3126.000000 1.625133e-02 
3129.000000 1.623917e-02 
3132.000000 1.622702e-02 
3135.000000 1.621486e-02 
3138.000000 1.620372e-02 
3141.000000 1.619157e-02 
3144.000000 1.617941e-02 
3147.000000 1.616726e-02 
3150.000000 1.615511e-02 
3153.000000 1.614295e-02 
3156.000000 1.613080e-02 
3159.000000 1.611966e-02 
3162.000000 1.610750e-02 
3165.000000 1.609535e-02 
3168.000000 1.608319e-02 
3171.000000 1.607104e-02 
3174.000000 1.605888e-02 
3177.000000 1.604673e-02 
3180.000000 1.603255e-02 
3183.000000 1.602039e-02 
3186.000000 1.600824e-02 
3189.000000 1.599609e-02 
3192.000000 1.598393e-02 
3195.000000 1.597178e-02 
3198.000000 1.595962e-02 
3201.000000 1.594848e-02 
3204.000000 1.593633e-02 
3207.000000 1.592417e-02 
3210.000000 1.591202e-02 
3213.000000 1.589986e-02 
3216.000000 1.588771e-02 
3219.000000 1.587556e-02 
3222.000000 1.586441e-02 
3225.000000 1.585226e-02 
3228.000000 1.584011e-02 
3231.000000 1.582795e-02 
3234.000000 1.581580e-02 
3237.000000 1.580364e-02 
3240.000000 1.579250e-02 
3243.000000 1.578035e-02 
3246.000000 1.576819e-02 
3249.000000 1.575604e-02 
3252.000000 1.574388e-02 
3255.000000 1.573173e-02 
3258.000000 1.571958e-02 
3261.000000 1.570843e-02 
3264.000000 1.569628e-02 
3267.000000 1.568413e-02 
3270.000000 1.567197e-02 
3273.000000 1.565982e-02 
3276.000000 1.564766e-02 
3279.000000 1.563551e-02 
3282.000000 1.562437e-02 
3285.000000 1.561221e-02 
3288.000000 1.560006e-02 
3291.000000 1.558790e-02 
3294.000000 1.557575e-02 
3297.000000 1.556360e-02 
3300.000000 1.555144e-02 
3303.000000 1.554030e-02 
3306.000000 1.552815e-02 
3309.000000 1.551599e-02 
3312.000000 1.550384e-02 
3315.000000 1.549168e-02 
3318.000000 1.547953e-02 
3321.000000 1.546737e-02 
3324.000000 1.545623e-02 
3327.000000 1.544408e-02 
3330.000000 1.543192e-02 
3333.000000 1.541977e-02 
3336.000000 1.540762e-02 
3339.000000 1.539546e-02 
3342.000000 1.538331e-02 
3345.000000 1.537217e-02 
3348.000000 1.536001e-02 
3351.000000 1.534786e-02 
3354.000000 1.533570e-02 
3357.000000 1.532355e-02 
3360.000000 1.531139e-02 
3363.000000 1.529924e-02 
3366.000000 1.528810e-02 
3369.000000 1.527594e-02 
3372.000000 1.526379e-02 
3375.000000 1.525163e-02 
3379.000000 1.540559e-02 
3381.000000 1.544104e-02 
3384.000000 1.511794e-02 
3387.000000 1.481914e-02 
3390.000000 1.357434e-02 
3393.000000 1.376577e-02 
3396.000000 1.363815e-02 
3399.000000 1.498019e-02 
3402.000000 1.503792e-02 
3404.000000 1.679321e-02 
3407.000000 1.765515e-02 
3410.000000 2.102797e-02 
3413.000000 2.441295e-02 
3416.000000 2.793365e-02 
3419.000000 3.026930e-02 
3422.000000 2.972742e-02 
3425.000000 2.801366e-02 
3428.000000 2.793061e-02 
3430.000000 3.065317e-02 
3433.000000 3.188076e-02 
3436.000000 3.372112e-02 
3439.000000 3.439467e-02 
3442.000000 3.063595e-02 
3445.000000 2.537719e-02 
3448.000000 2.225657e-02 
3451.000000 1.959275e-02 
3453.000000 1.756095e-02 
3456.000000 1.723481e-02 
3459.000000 1.521011e-02 
3462.000000 1.310235e-02 
3465.000000 1.290079e-02 
3468.000000 1.292510e-02 
3471.000000 1.384882e-02 
3474.000000 1.358649e-02 
3476.000000 1.469456e-02 
3479.000000 1.477660e-02 
3482.000000 1.452339e-02 
3485.000000 1.421852e-02 
3488.000000 1.452238e-02 
3491.000000 1.420231e-02 
3494.000000 1.291193e-02 
3497.000000 1.305474e-02 
3499.000000 1.351559e-02 
3502.000000 1.290990e-02 
3505.000000 1.332619e-02 
3508.000000 1.357333e-02 
3511.000000 1.284812e-02 
3514.000000 1.266581e-02 
3517.000000 1.281976e-02 
3519.000000 1.253515e-02 
3522.000000 1.223737e-02 
3525.000000 1.229510e-02 
3528.000000 1.247843e-02 
3531.000000 1.184741e-02 
3534.000000 1.136833e-02 
3537.000000 1.231536e-02 
3540.000000 1.230421e-02 
3542.000000 1.277519e-02 
3545.000000 1.339203e-02 
3548.000000 1.356725e-02 
3551.000000 1.406456e-02 
3554.000000 1.468038e-02 
3557.000000 1.487688e-02 
3560.000000 1.546636e-02 
3562.000000 1.597785e-02 
3565.000000 1.566792e-02 
3568.000000 1.577630e-02 
3571.000000 1.535697e-02 
3574.000000 1.610142e-02 
3577.000000 1.508249e-02 
3580.000000 1.491739e-02 
3583.000000 1.406456e-02 
3585.000000 1.439172e-02 
3588.000000 1.444742e-02 
3591.000000 1.494575e-02 
3594.000000 1.538736e-02 
3597.000000 1.565577e-02 
3600.000000 1.608117e-02 
3603.000000 1.567298e-02 
3605.000000 1.599203e-02 
3608.000000 1.611155e-02 
3611.000000 1.488802e-02 
3614.000000 1.483535e-02 
3617.000000 1.453656e-02 
3620.000000 1.356624e-02 
3623.000000 1.308715e-02 
3625.000000 1.382249e-02 
3628.000000 1.421548e-02 
3631.000000 1.372424e-02 
3634.000000 1.379008e-02 
3637.000000 1.327352e-02 
3640.000000 1.241563e-02 
3643.000000 1.228801e-02 
3645.000000 1.222217e-02 
3648.000000 1.207227e-02 
3651.000000 1.233460e-02 
3654.000000 1.289269e-02 
3657.000000 1.346495e-02 
3660.000000 1.307905e-02 
3663.000000 1.321477e-02 
3665.000000 1.356016e-02 
3668.000000 1.305474e-02 
3671.000000 1.311855e-02 
3674.000000 1.423574e-02 
3677.000000 1.389845e-02 
3680.000000 1.334543e-02 
3683.000000 1.387111e-02 
3685.000000 1.364828e-02 
3688.000000 1.417800e-02 
3691.000000 1.464392e-02 
3694.000000 1.473609e-02 
3697.000000 1.475939e-02 
3700.000000 1.484649e-02 
3702.000000 1.504906e-02 
3705.000000 1.509363e-02 
3708.000000 1.576921e-02 
3711.000000 1.652682e-02 
3714.000000 1.691981e-02 
3717.000000 1.819703e-02 
3720.000000 1.908936e-02 
3722.000000 1.889793e-02 
3725.000000 1.895060e-02 
3728.000000 1.850595e-02 
3731.000000 1.840973e-02 
3734.000000 1.773213e-02 
3737.000000 1.806738e-02 
3740.000000 1.844518e-02 
3742.000000 1.917545e-02 
3745.000000 1.946209e-02 
3748.000000 1.956338e-02 
3751.000000 1.951273e-02 
3754.000000 2.026428e-02 
3757.000000 2.017616e-02 
3759.000000 1.880880e-02 
3762.000000 1.761261e-02 
3765.000000 1.831655e-02 
3768.000000 1.857584e-02 
3771.000000 1.831655e-02 
3774.000000 1.778074e-02 
3776.000000 1.640528e-02 
3779.000000 1.575097e-02 
3782.000000 1.461151e-02 
3785.000000 1.483839e-02 
3788.000000 1.487485e-02 
3791.000000 1.462366e-02 
3794.000000 1.462265e-02 
3796.000000 1.474419e-02 
3799.000000 1.516149e-02 
3802.000000 1.570843e-02 
3805.000000 1.620676e-02 
3808.000000 1.620372e-02 
3811.000000 1.592924e-02 
3813.000000 1.504602e-02 
3816.000000 1.439476e-02 
3819.000000 1.444844e-02 
3822.000000 1.497411e-02 
3825.000000 1.567197e-02 
3828.000000 1.650049e-02 
3830.000000 1.684284e-02 
3833.000000 1.624424e-02 
3836.000000 1.560006e-02 
3839.000000 1.514326e-02 
3842.000000 1.452643e-02 
3845.000000 1.428132e-02 
3847.000000 1.396632e-02 
3850.000000 1.491233e-02 
3853.000000 1.583605e-02 
3856.000000 1.710213e-02 
3859.000000 1.806738e-02 
3862.000000 1.860015e-02 
3865.000000 1.838745e-02 
3867.000000 1.844315e-02 
3870.000000 1.720949e-02 
3873.000000 1.714264e-02 
3876.000000 1.763489e-02 
3879.000000 1.797724e-02 
3882.000000 1.871966e-02 
3884.000000 1.838745e-02 
3887.000000 1.733103e-02 
3890.000000 1.691880e-02 
3893.000000 1.639515e-02 
3896.000000 1.594544e-02 
3899.000000 1.528810e-02 
3901.000000 1.502273e-02 
3904.000000 1.499336e-02 
3907.000000 1.460543e-02 
3910.000000 1.443223e-02 
3913.000000 1.372728e-02 
3916.000000 1.314691e-02 
3918.000000 1.321883e-02 
3921.000000 1.313476e-02 
3924.000000 1.203682e-02 
3927.000000 1.118906e-02 
3930.000000 1.123970e-02 
3932.000000 1.085076e-02 
3935.000000 1.095205e-02 
3938.000000 1.249159e-02 
3941.000000 1.384882e-02 
3944.000000 1.402810e-02 
3947.000000 1.370196e-02 
3949.000000 1.351256e-02 
3952.000000 1.470773e-02 
3955.000000 1.607813e-02 
3958.000000 1.666255e-02 
3961.000000 1.710314e-02 
3964.000000 1.703224e-02 
3966.000000 1.734623e-02 
3969.000000 1.698666e-02 
3972.000000 1.653189e-02 
3975.000000 1.627766e-02 
3978.000000 1.560715e-02 
3981.000000 1.500450e-02 
3983.000000 1.450313e-02 
3986.000000 1.308412e-02 
3989.000000 1.252097e-02 
3992.000000 1.194465e-02 
3995.000000 1.128933e-02 
3998.000000 1.136529e-02 
4000.000000 1.128021e-02 
4003.000000 1.142201e-02 
4006.000000 1.158914e-02 
4009.000000 1.184134e-02 
4012.000000 1.234270e-02 
4014.000000 1.251691e-02 
4017.000000 1.313476e-02 
4020.000000 1.314590e-02 
4023.000000 1.319249e-02 
4026.000000 1.368272e-02 
4029.000000 1.343963e-02 
4031.000000 1.321275e-02 
4034.000000 1.321174e-02 
4037.000000 1.215330e-02 
4040.000000 1.249564e-02 
4043.000000 1.286331e-02 
4045.000000 1.269011e-02 
4048.000000 1.224040e-02 
4051.000000 1.273772e-02 
4054.000000 1.261314e-02 
4057.000000 1.317831e-02 
4060.000000 1.342140e-02 
4062.000000 1.323604e-02 
4065.000000 1.348622e-02 
4068.000000 1.425903e-02 
4071.000000 1.421953e-02 
4074.000000 1.479889e-02 
4076.000000 1.549067e-02 
4079.000000 1.523340e-02 
4082.000000 1.699578e-02 
4085.000000 1.842999e-02 
4088.000000 1.981457e-02 
4091.000000 2.168127e-02 
4093.000000 2.323702e-02 
4096.000000 2.390854e-02 
4099.000000 2.453753e-02 
4102.000000 2.377890e-02 
4105.000000 2.240850e-02 
4107.000000 2.112318e-02 
4110.000000 1.944386e-02 
4113.000000 1.748296e-02 
4116.000000 1.594240e-02 
4119.000000 1.486877e-02 
4122.000000 1.402810e-02 
4124.000000 1.281672e-02 
4127.000000 1.229915e-02 
4130.000000 1.217457e-02 
4133.000000 1.277418e-02 
4136.000000 1.276608e-02 
4138.000000 1.256756e-02 
4141.000000 1.315603e-02 
4144.000000 1.298891e-02 
4147.000000 1.193047e-02 
4150.000000 1.235486e-02 
4153.000000 1.254021e-02 
4155.000000 1.235688e-02 
4158.000000 1.201251e-02 
4161.000000 1.171777e-02 
4164.000000 1.130047e-02 
4167.000000 1.116373e-02 
4169.000000 1.078290e-02 
4172.000000 1.089735e-02 
4175.000000 1.118197e-02 
4178.000000 1.105637e-02 
4181.000000 1.136023e-02 
4183.000000 1.199023e-02 
4186.000000 1.255338e-02 
4189.000000 1.273063e-02 
4192.000000 1.284002e-02 
4195.000000 1.249058e-02 
4197.000000 1.249868e-02 
4200.000000 1.183323e-02 
4203.000000 1.179475e-02 
4206.000000 1.132681e-02 
4209.000000 1.115361e-02 
4212.000000 1.076771e-02 
4214.000000 1.043144e-02 
4217.000000 1.068060e-02 
4220.000000 1.068567e-02 
4223.000000 1.091660e-02 
4226.000000 1.079505e-02 
4228.000000 1.124274e-02 
4231.000000 1.099864e-02 
4234.000000 1.098345e-02 
4237.000000 1.070592e-02 
4240.000000 9.867275e-03 
4242.000000 9.442887e-03 
4245.000000 9.838915e-03 
4248.000000 1.029774e-02 
4251.000000 1.036560e-02 
4254.000000 1.037067e-02 
4256.000000 1.125084e-02 
4259.000000 1.153343e-02 
4262.000000 1.255439e-02 
4265.000000 1.303246e-02 
4268.000000 1.343558e-02 
4270.000000 1.339101e-02 
4273.000000 1.300207e-02 
4276.000000 1.261921e-02 
4279.000000 1.195984e-02 
4282.000000 1.244196e-02 
4284.000000 1.188894e-02 
4287.000000 1.195680e-02 
4290.000000 1.228497e-02 
4293.000000 1.203479e-02 
4296.000000 1.112322e-02 
4299.000000 1.068668e-02 
4301.000000 1.035142e-02 
4304.000000 1.014682e-02 
4307.000000 1.024608e-02 
4310.000000 1.006478e-02 
4313.000000 1.012150e-02 
4315.000000 1.118804e-02 
4318.000000 1.251084e-02 
4321.000000 1.406558e-02 
4324.000000 1.573376e-02 
4327.000000 1.820108e-02 
4329.000000 2.011437e-02 
4332.000000 2.174001e-02 
4335.000000 2.273869e-02 
4338.000000 2.445245e-02 
4341.000000 2.617026e-02 
4343.000000 2.850895e-02 
4346.000000 3.162248e-02 
4349.000000 3.488692e-02 
4352.000000 3.618744e-02 
4355.000000 3.453040e-02 
4357.000000 3.299490e-02 
4360.000000 3.284804e-02 
4363.000000 3.247531e-02 
4366.000000 3.160425e-02 
4369.000000 3.081624e-02 
4371.000000 2.975679e-02 
4374.000000 2.823548e-02 
4377.000000 2.612873e-02 
4380.000000 2.205704e-02 
4383.000000 1.735129e-02 
4385.000000 1.426511e-02 
4388.000000 1.264352e-02 
4391.000000 1.105840e-02 
4394.000000 1.020456e-02 
4397.000000 1.032610e-02 
4399.000000 1.000401e-02 
4402.000000 1.009517e-02 
4405.000000 1.045169e-02 
4408.000000 1.042536e-02 
4410.000000 1.053981e-02 
4413.000000 1.087912e-02 
4416.000000 1.058539e-02 
4419.000000 1.016607e-02 
4422.000000 9.863223e-03 
4424.000000 1.011543e-02 
4427.000000 9.608996e-03 
4430.000000 9.946278e-03 
4433.000000 9.940201e-03 
4436.000000 1.020861e-02 
4438.000000 1.014480e-02 
4441.000000 1.056817e-02 
4444.000000 1.077784e-02 
4447.000000 1.111816e-02 
4450.000000 1.111005e-02 
4452.000000 1.094091e-02 
4455.000000 1.100674e-02 
4458.000000 1.139771e-02 
4461.000000 1.171979e-02 
4464.000000 1.140986e-02 
4466.000000 1.178664e-02 
4469.000000 1.148380e-02 
4472.000000 1.100978e-02 
4475.000000 1.072415e-02 
4478.000000 1.101890e-02 
4480.000000 1.088621e-02 
4483.000000 1.122957e-02 
4486.000000 1.197605e-02 
4489.000000 1.229712e-02 
4492.000000 1.246425e-02 
4494.000000 1.210468e-02 
4497.000000 1.221508e-02 
4500.000000 1.201758e-02 
4503.000000 1.247741e-02 
4505.000000 1.291801e-02 
4508.000000 1.303246e-02 
4511.000000 1.330087e-02 
4514.000000 1.381743e-02 
4517.000000 1.348521e-02 
4519.000000 1.334341e-02 
4522.000000 1.365132e-02 
4525.000000 1.309424e-02 
4528.000000 1.226978e-02 
4531.000000 1.228700e-02 
4533.000000 1.177348e-02 
4536.000000 1.165497e-02 
4539.000000 1.226167e-02 
4542.000000 1.180184e-02 
4545.000000 1.149291e-02 
4547.000000 1.117184e-02 
4550.000000 1.068263e-02 
4553.000000 9.901712e-03 
4556.000000 9.914879e-03 
4559.000000 9.848031e-03 
4561.000000 9.694076e-03 
4564.000000 9.174479e-03 
4567.000000 9.515813e-03 
4570.000000 1.021874e-02 
4572.000000 1.042536e-02 
4575.000000 1.045473e-02 
4578.000000 1.112727e-02 
4581.000000 1.164282e-02 
4584.000000 1.180285e-02 
4586.000000 1.227788e-02 
4589.000000 1.335556e-02 
4592.000000 1.361080e-02 
4595.000000 1.349736e-02 
4598.000000 1.321984e-02 
4600.000000 1.324212e-02 
4603.000000 1.306588e-02 
4606.000000 1.284306e-02 
4609.000000 1.376780e-02 
4611.000000 1.489713e-02 
4614.000000 1.552207e-02 
4617.000000 1.722468e-02 
4620.000000 1.873486e-02 
4623.000000 2.017717e-02 
4625.000000 2.196385e-02 
4628.000000 2.384169e-02 
4631.000000 2.563851e-02 
4634.000000 2.673341e-02 
4637.000000 2.760041e-02 
4639.000000 2.735834e-02 
4642.000000 2.740797e-02 
4645.000000 2.667466e-02 
4648.000000 2.558685e-02 
4650.000000 2.442713e-02 
4653.000000 2.262930e-02 
4656.000000 2.068968e-02 
4659.000000 1.877638e-02 
4662.000000 1.793875e-02 
4664.000000 1.824767e-02 
4667.000000 1.795090e-02 
4670.000000 1.919672e-02 
4673.000000 2.066435e-02 
4676.000000 2.162252e-02 
4678.000000 2.210768e-02 
4681.000000 2.253207e-02 
4684.000000 2.287745e-02 
4687.000000 2.298279e-02 
4689.000000 2.230316e-02 
4692.000000 2.125080e-02 
4695.000000 2.018325e-02 
4698.000000 1.846949e-02 
4701.000000 1.679523e-02 
4703.000000 1.439476e-02 
4706.000000 1.321883e-02 
4709.000000 1.258579e-02 
4712.000000 1.212494e-02 
4715.000000 1.126401e-02 
4717.000000 1.014277e-02 
4720.000000 9.911841e-03 
4723.000000 9.477324e-03 
4726.000000 9.491504e-03 
4728.000000 9.075219e-03 
4731.000000 9.624189e-03 
4734.000000 9.526954e-03 
4737.000000 1.003744e-02 
4740.000000 1.017113e-02 
4742.000000 1.048613e-02 
4745.000000 1.026128e-02 
4748.000000 9.426681e-03 
4751.000000 8.942534e-03 
4753.000000 8.559674e-03 
4756.000000 8.442182e-03 
4759.000000 8.718693e-03 
4762.000000 9.188659e-03 
4765.000000 9.715346e-03 
4767.000000 1.002731e-02 
4770.000000 1.034838e-02 
4773.000000 1.022380e-02 
4776.000000 1.011239e-02 
4778.000000 1.022684e-02 
4781.000000 9.913866e-03 
4784.000000 9.705217e-03 
4787.000000 9.593803e-03 
4790.000000 9.868288e-03 
4792.000000 9.635330e-03 
4795.000000 9.796375e-03 
4798.000000 9.578610e-03 
4801.000000 9.358820e-03 
4804.000000 9.286907e-03 
4806.000000 9.491504e-03 
4809.000000 9.121811e-03 
4812.000000 9.311215e-03 
4815.000000 9.187646e-03 
4817.000000 9.096489e-03 
4820.000000 9.041795e-03 
4823.000000 8.731860e-03 
4826.000000 8.784528e-03 
4829.000000 9.039769e-03 
4831.000000 9.874365e-03 
4834.000000 1.134909e-02 
4837.000000 1.370601e-02 
4840.000000 1.742219e-02 
4842.000000 2.228290e-02 
4845.000000 2.863454e-02 
4848.000000 3.446051e-02 
4851.000000 3.892925e-02 
4854.000000 4.046373e-02 
4856.000000 4.133783e-02 
4859.000000 4.116665e-02 
4862.000000 3.996641e-02 
4865.000000 3.820708e-02 
4867.000000 3.531334e-02 
4870.000000 3.301111e-02 
4873.000000 2.832056e-02 
4876.000000 2.262019e-02 
4879.000000 1.726216e-02 
4881.000000 1.409292e-02 
4884.000000 1.238727e-02 
4887.000000 1.141087e-02 
4890.000000 1.137542e-02 
4892.000000 1.156989e-02 
4895.000000 1.141391e-02 
4898.000000 1.127515e-02 
4901.000000 1.137846e-02 
4904.000000 1.109385e-02 
4906.000000 1.101687e-02 
4909.000000 1.145848e-02 
4912.000000 1.170460e-02 
4915.000000 1.193958e-02 
4917.000000 1.246121e-02 
4920.000000 1.352268e-02 
4923.000000 1.493967e-02 
4926.000000 1.829426e-02 
4929.000000 2.415568e-02 
4931.000000 3.650649e-02 
4934.000000 5.622584e-02 
4937.000000 8.938483e-02 
4940.000000 1.407733e-01 
4942.000000 2.067955e-01 
4945.000000 2.680593e-01 
4948.000000 3.136481e-01 
4951.000000 3.383537e-01 
4954.000000 3.499753e-01 
4956.000000 3.511137e-01 
4959.000000 3.389098e-01 
4962.000000 3.211037e-01 
4965.000000 2.941303e-01 
4967.000000 2.650085e-01 
4970.000000 2.262130e-01 
4973.000000 1.793905e-01 
4976.000000 1.375159e-01 
4978.000000 1.200967e-01 
4981.000000 1.492823e-01 
4984.000000 2.312337e-01 
4987.000000 3.760351e-01 
4990.000000 5.741788e-01 
4992.000000 7.696697e-01 
4995.000000 8.848126e-01 
4998.000000 9.524665e-01 
5001.000000 9.878153e-01 
5003.000000 1.000000e+00 
5006.000000 9.830123e-01 
5009.000000 9.504803e-01 
5012.000000 8.897239e-01 
5015.000000 8.069247e-01 
5017.000000 6.970123e-01 
5020.000000 5.433544e-01 
5023.000000 3.600269e-01 
5026.000000 1.939737e-01 
5028.000000 8.874369e-02 
5031.000000 4.272038e-02 
5034.000000 2.485759e-02 
5037.000000 1.756197e-02 
5040.000000 1.396226e-02 
5042.000000 1.258781e-02 
5045.000000 1.215938e-02 
5048.000000 1.207430e-02 
5051.000000 1.169447e-02 
5053.000000 1.165092e-02 
5056.000000 1.139264e-02 
5059.000000 1.082139e-02 
5062.000000 1.003946e-02 
5064.000000 9.972612e-03 
5067.000000 9.457067e-03 
5070.000000 9.335524e-03 
5073.000000 9.460105e-03 
5076.000000 9.690025e-03 
5078.000000 9.849043e-03 
5081.000000 9.421617e-03 
5084.000000 9.393257e-03 
5087.000000 9.516826e-03 
5089.000000 9.391231e-03 
5092.000000 9.308177e-03 
5095.000000 9.661664e-03 
5098.000000 9.716359e-03 
5101.000000 9.772066e-03 
5103.000000 9.647484e-03 
5106.000000 9.597854e-03 
5109.000000 9.544173e-03 
5112.000000 9.579623e-03 
5114.000000 9.738642e-03 
5117.000000 9.712307e-03 
5120.000000 9.759912e-03 
5123.000000 1.007491e-02 
5126.000000 1.014176e-02 
5128.000000 1.022684e-02 
5131.000000 1.073631e-02 
5134.000000 1.101687e-02 
5137.000000 1.119209e-02 
5139.000000 1.160534e-02 
5142.000000 1.231333e-02 
5145.000000 1.302031e-02 
5148.000000 1.314084e-02 
5150.000000 1.347002e-02 
5153.000000 1.373437e-02 
5156.000000 1.391263e-02 
5159.000000 1.415167e-02 
5162.000000 1.419624e-02 
5164.000000 1.369588e-02 
5167.000000 1.382148e-02 
5170.000000 1.393694e-02 
5173.000000 1.402709e-02 
5175.000000 1.395416e-02 
5178.000000 1.359055e-02 
5181.000000 1.310133e-02 
5184.000000 1.302334e-02 
5187.000000 1.292510e-02 
5189.000000 1.267188e-02 
5192.000000 1.196896e-02 
5195.000000 1.103814e-02 
5198.000000 1.033015e-02 
5200.000000 1.012859e-02 
5203.000000 9.626214e-03 
5206.000000 9.524928e-03 
5209.000000 9.599880e-03 
5211.000000 9.307164e-03 
5214.000000 9.280829e-03 
5217.000000 9.077245e-03 
5220.000000 8.892904e-03 
5223.000000 8.913161e-03 
5225.000000 8.945573e-03 
5228.000000 9.080283e-03 
5231.000000 9.199801e-03 
5234.000000 8.935444e-03 
5236.000000 9.378064e-03 
5239.000000 9.439848e-03 
5242.000000 9.797388e-03 
5245.000000 1.024406e-02 
5248.000000 1.080518e-02 
5250.000000 1.114550e-02 
5253.000000 1.145037e-02 
5256.000000 1.197909e-02 
5259.000000 1.245412e-02 
5261.000000 1.282179e-02 
5264.000000 1.290383e-02 
5267.000000 1.302334e-02 
5270.000000 1.305373e-02 
5272.000000 1.311146e-02 
5275.000000 1.333936e-02 
5278.000000 1.380223e-02 
5281.000000 1.377995e-02 
5284.000000 1.380426e-02 
5286.000000 1.425397e-02 
5289.000000 1.419624e-02 
5292.000000 1.395619e-02 
5295.000000 1.404633e-02 
5297.000000 1.416180e-02 
5300.000000 1.405140e-02 
5303.000000 1.412230e-02 
5306.000000 1.402405e-02 
5309.000000 1.319249e-02 
5311.000000 1.267796e-02 
5314.000000 1.247640e-02 
5317.000000 1.229307e-02 
5320.000000 1.194870e-02 
5322.000000 1.146050e-02 
5325.000000 1.136631e-02 
5328.000000 1.098243e-02 
5331.000000 1.065528e-02 
5333.000000 1.032104e-02 
5336.000000 1.038991e-02 
5339.000000 1.017822e-02 
5342.000000 9.950329e-03 
5345.000000 1.032205e-02 
5347.000000 1.020658e-02 
5350.000000 9.941214e-03 
5353.000000 9.761938e-03 
5356.000000 9.563417e-03 
5358.000000 9.293997e-03 
5361.000000 9.166376e-03 
5364.000000 9.341601e-03 
5367.000000 9.387180e-03 
5370.000000 9.355781e-03 
5372.000000 9.667742e-03 
5375.000000 9.704205e-03 
5378.000000 9.644446e-03 
5381.000000 9.843979e-03 
5383.000000 9.385154e-03 
5386.000000 9.324382e-03 
5389.000000 9.917918e-03 
5392.000000 9.910828e-03 
5394.000000 1.032610e-02 
5397.000000 1.079708e-02 
5400.000000 1.135213e-02 
5403.000000 1.161243e-02 
5406.000000 1.158711e-02 
5408.000000 1.186767e-02 
5411.000000 1.185450e-02 
5414.000000 1.188388e-02 
5417.000000 1.185248e-02 
5419.000000 1.183729e-02 
5422.000000 1.170865e-02 
5425.000000 1.151317e-02 
5428.000000 1.121843e-02 
5431.000000 1.094698e-02 
5433.000000 1.053171e-02 
5436.000000 1.023596e-02 
5439.000000 1.024001e-02 
5442.000000 1.036864e-02 
5444.000000 1.018430e-02 
5447.000000 1.005769e-02 
5450.000000 1.003845e-02 
5453.000000 9.947291e-03 
5455.000000 9.992869e-03 
5458.000000 9.957419e-03 
5461.000000 9.666729e-03 
5464.000000 9.728513e-03 
5467.000000 9.557340e-03 
5469.000000 9.702179e-03 
5472.000000 9.996921e-03 
5475.000000 1.014581e-02 
5478.000000 1.021772e-02 
5480.000000 1.041219e-02 
5483.000000 1.017822e-02 
5486.000000 9.887532e-03 
5489.000000 9.751809e-03 
5492.000000 9.660652e-03 
5494.000000 9.739655e-03 
5497.000000 9.701166e-03 
5500.000000 9.731552e-03 
5503.000000 9.671793e-03 
5505.000000 1.012657e-02 
5508.000000 1.048309e-02 
5511.000000 1.076366e-02 
5514.000000 1.118703e-02 
5516.000000 1.125996e-02 
5519.000000 1.115361e-02 
5522.000000 1.129845e-02 
5525.000000 1.112727e-02 
5528.000000 1.103004e-02 
5530.000000 1.095610e-02 
5533.000000 1.105738e-02 
5536.000000 1.115968e-02 
5539.000000 1.103915e-02 
5541.000000 1.092267e-02 
5544.000000 1.072517e-02 
5547.000000 1.059653e-02 
5550.000000 1.022279e-02 
5553.000000 1.008605e-02 
5555.000000 1.005465e-02 
5558.000000 1.002326e-02 
5561.000000 1.021570e-02 
5564.000000 1.049626e-02 
5566.000000 1.077885e-02 
5569.000000 1.112525e-02 
5572.000000 1.099459e-02 
5575.000000 1.126907e-02 
5577.000000 1.111512e-02 
5580.000000 1.109385e-02 
5583.000000 1.003845e-02 
5586.000000 9.777130e-03 
5589.000000 1.017012e-02 
5591.000000 1.067047e-02 
5594.000000 1.054792e-02 
5597.000000 1.026229e-02 
5600.000000 1.006883e-02 
5602.000000 1.038890e-02 
5605.000000 1.037472e-02 
5608.000000 1.037168e-02 
5611.000000 1.018430e-02 
5614.000000 1.025419e-02 
5616.000000 1.009618e-02 
5619.000000 1.047094e-02 
5622.000000 1.068465e-02 
5625.000000 1.049829e-02 
5627.000000 1.057729e-02 
5630.000000 1.052158e-02 
5633.000000 1.056311e-02 
5636.000000 1.054386e-02 
5639.000000 1.061679e-02 
5641.000000 1.073631e-02 
5644.000000 1.074542e-02 
5647.000000 1.101484e-02 
5650.000000 1.127515e-02 
5652.000000 1.148380e-02 
5655.000000 1.245310e-02 
5658.000000 1.317426e-02 
5661.000000 1.442615e-02 
5663.000000 1.503286e-02 
5666.000000 1.548358e-02 
5669.000000 1.589277e-02 
5672.000000 1.601027e-02 
5675.000000 1.564361e-02 
5677.000000 1.582289e-02 
5680.000000 1.550485e-02 
5683.000000 1.486067e-02 
5686.000000 1.461556e-02 
5688.000000 1.476749e-02 
5691.000000 1.484244e-02 
5694.000000 1.456998e-02 
5697.000000 1.428537e-02 
5700.000000 1.446363e-02 
5702.000000 1.488599e-02 
5705.000000 1.582593e-02 
5708.000000 1.643263e-02 
5711.000000 1.742928e-02 
5713.000000 1.804004e-02 
5716.000000 1.845835e-02 
5719.000000 1.882399e-02 
5722.000000 2.009614e-02 
5725.000000 2.260904e-02 
5727.000000 2.605580e-02 
5730.000000 3.277005e-02 
5733.000000 4.343141e-02 
5736.000000 5.469035e-02 
5738.000000 6.319229e-02 
5741.000000 7.070872e-02 
5744.000000 7.010809e-02 
5747.000000 6.710193e-02 
5750.000000 6.512179e-02 
5752.000000 6.186443e-02 
5755.000000 6.015675e-02 
5758.000000 5.728124e-02 
5761.000000 5.304445e-02 
5763.000000 5.303129e-02 
5766.000000 4.946501e-02 
5769.000000 4.154546e-02 
5772.000000 3.199926e-02 
5774.000000 2.178964e-02 
5777.000000 1.413243e-02 
5780.000000 1.107764e-02 
5783.000000 1.026026e-02 
5786.000000 1.005871e-02 
5788.000000 1.026938e-02 
5791.000000 1.031496e-02 
5794.000000 1.060160e-02 
5797.000000 1.086798e-02 
5799.000000 1.090748e-02 
5802.000000 1.095509e-02 
5805.000000 1.125692e-02 
5808.000000 1.119513e-02 
5811.000000 1.082240e-02 
5813.000000 1.058944e-02 
5816.000000 1.028660e-02 
5819.000000 9.883481e-03 
5822.000000 9.453015e-03 
5824.000000 9.351730e-03 
5827.000000 9.195749e-03 
5830.000000 9.024576e-03 
5833.000000 8.838210e-03 
5836.000000 9.082309e-03 
5838.000000 8.984062e-03 
5841.000000 8.919239e-03 
5844.000000 9.310202e-03 
5847.000000 9.973625e-03 
5849.000000 1.070795e-02 
5852.000000 1.220799e-02 
5855.000000 1.417193e-02 
5858.000000 1.641338e-02 
5861.000000 1.796306e-02 
5863.000000 1.867712e-02 
5866.000000 1.858394e-02 
5869.000000 1.896782e-02 
5872.000000 1.900124e-02 
5874.000000 1.816664e-02 
5877.000000 1.758729e-02 
5880.000000 1.723583e-02 
5883.000000 1.637996e-02 
5886.000000 1.603761e-02 
5888.000000 1.445958e-02 
5891.000000 1.237410e-02 
5894.000000 1.155470e-02 
5897.000000 9.773079e-03 
5899.000000 9.504671e-03 
5902.000000 9.311215e-03 
5905.000000 9.269688e-03 
5908.000000 9.486440e-03 
5911.000000 9.459093e-03 
5913.000000 9.561391e-03 
5916.000000 9.717372e-03 
5919.000000 9.851069e-03 
5922.000000 1.009112e-02 
5924.000000 1.018531e-02 
5927.000000 1.042536e-02 
5930.000000 1.054386e-02 
5933.000000 1.065224e-02 
5936.000000 1.060970e-02 
5938.000000 1.067655e-02 
5941.000000 1.042333e-02 
5944.000000 1.058235e-02 
5947.000000 1.061578e-02 
5949.000000 1.030483e-02 
5952.000000 1.052259e-02 
5955.000000 1.039801e-02 
5958.000000 1.025014e-02 
5961.000000 9.437823e-03 
5963.000000 9.324382e-03 
5966.000000 9.390218e-03 
5969.000000 9.099528e-03 
5972.000000 9.187646e-03 
5974.000000 9.371987e-03 
5977.000000 9.516826e-03 
5980.000000 9.248418e-03 
5983.000000 9.196762e-03 
5986.000000 9.156248e-03 
5988.000000 9.353755e-03 
5991.000000 9.284881e-03 
5994.000000 9.380090e-03 
5997.000000 9.283868e-03 
5999.000000 9.016473e-03 
6002.000000 9.111682e-03 
6005.000000 9.153209e-03 
6008.000000 8.999255e-03 
6011.000000 8.912149e-03 
6013.000000 9.044833e-03 
6016.000000 8.845300e-03 
6019.000000 8.885814e-03 
6022.000000 8.768323e-03 
6024.000000 8.659947e-03 
6027.000000 8.950637e-03 
6030.000000 8.927342e-03 
6033.000000 8.991152e-03 
6036.000000 8.970894e-03 
6038.000000 9.113708e-03 
6041.000000 9.066103e-03 
6044.000000 9.065090e-03 
6047.000000 9.517838e-03 
6050.000000 9.996921e-03 
6052.000000 1.052361e-02 
6055.000000 1.164687e-02 
6058.000000 1.230827e-02 
6061.000000 1.345887e-02 
6063.000000 1.488599e-02 
6066.000000 1.694817e-02 
6069.000000 1.945095e-02 
6072.000000 2.181901e-02 
6075.000000 2.416074e-02 
6077.000000 2.619760e-02 
6080.000000 2.713146e-02 
6083.000000 2.764194e-02 
6086.000000 2.685596e-02 
6088.000000 2.687926e-02 
6091.000000 2.581778e-02 
6094.000000 2.572359e-02 
6097.000000 2.521817e-02 
6100.000000 2.416885e-02 
6102.000000 2.132575e-02 
6105.000000 1.846240e-02 
6108.000000 1.606597e-02 
6111.000000 1.452238e-02 
6113.000000 1.326846e-02 
6116.000000 1.233055e-02 
6119.000000 1.155267e-02 
6122.000000 1.067554e-02 
6125.000000 9.964509e-03 
6127.000000 9.619124e-03 
6130.000000 9.477324e-03 
6133.000000 9.489478e-03 
6136.000000 9.643433e-03 
6139.000000 9.828786e-03 
6141.000000 9.999959e-03 
6144.000000 9.877404e-03 
6147.000000 9.764976e-03 
6150.000000 9.911841e-03 
6152.000000 9.963497e-03 
6155.000000 9.685973e-03 
6158.000000 9.777130e-03 
6161.000000 9.579623e-03 
6164.000000 9.878416e-03 
6166.000000 1.011745e-02 
6169.000000 1.017721e-02 
6172.000000 1.013771e-02 
6175.000000 9.936149e-03 
6177.000000 9.780169e-03 
6180.000000 9.706230e-03 
6183.000000 9.582661e-03 
6186.000000 9.858159e-03 
6189.000000 9.835876e-03 
6191.000000 1.002528e-02 
6194.000000 9.977677e-03 
6197.000000 9.653562e-03 
6200.000000 9.784220e-03 
6203.000000 9.780169e-03 
6205.000000 9.647484e-03 
6208.000000 9.868288e-03 
6211.000000 9.633304e-03 
6214.000000 9.558353e-03 
6216.000000 9.137003e-03 
6219.000000 9.564430e-03 
6222.000000 9.431745e-03 
6225.000000 9.775105e-03 
6228.000000 9.591777e-03 
6230.000000 9.474286e-03 
6233.000000 9.921969e-03 
6236.000000 9.679896e-03 
6239.000000 9.683947e-03 
6242.000000 9.395283e-03 
6244.000000 9.277791e-03 
6247.000000 9.346665e-03 
6250.000000 9.196762e-03 
6253.000000 8.834158e-03 
6255.000000 9.206891e-03 
6258.000000 9.507710e-03 
6261.000000 9.351730e-03 
6264.000000 9.599880e-03 
6267.000000 9.731552e-03 
6269.000000 1.022684e-02 
6272.000000 1.120729e-02 
6275.000000 1.349027e-02 
6278.000000 1.663317e-02 
6281.000000 2.000802e-02 
6283.000000 2.377586e-02 
6286.000000 2.690053e-02 
6289.000000 2.760750e-02 
6292.000000 2.826688e-02 
6294.000000 2.790731e-02 
6297.000000 2.772702e-02 
6300.000000 2.753559e-02 
6303.000000 2.719831e-02 
6306.000000 2.557267e-02 
6308.000000 2.516246e-02 
6311.000000 2.488393e-02 
6314.000000 2.293316e-02 
6317.000000 2.016603e-02 
6320.000000 1.730875e-02 
6322.000000 1.490524e-02 
6325.000000 1.313780e-02 
6328.000000 1.290281e-02 
6331.000000 1.285015e-02 
6333.000000 1.301119e-02 
6336.000000 1.352268e-02 
6339.000000 1.517061e-02 
6342.000000 1.719430e-02 
6345.000000 1.864674e-02 
6347.000000 1.975481e-02 
6350.000000 2.042836e-02 
6353.000000 2.030378e-02 
6356.000000 2.140070e-02 
6359.000000 2.149895e-02 
6361.000000 2.140273e-02 
6364.000000 2.139564e-02 
6367.000000 2.048001e-02 
6370.000000 1.951982e-02 
6372.000000 1.900934e-02 
6375.000000 1.899516e-02 
6378.000000 1.810081e-02 
6381.000000 1.737864e-02 
6384.000000 1.648834e-02 
6386.000000 1.540053e-02 
6389.000000 1.421649e-02 
6392.000000 1.366752e-02 
6395.000000 1.292814e-02 
6398.000000 1.257060e-02 
6400.000000 1.271442e-02 
6403.000000 1.258579e-02 
6406.000000 1.272759e-02 
6409.000000 1.229105e-02 
6412.000000 1.170561e-02 
6414.000000 1.130655e-02 
6417.000000 1.101079e-02 
6420.000000 1.070491e-02 
6423.000000 1.098547e-02 
6425.000000 1.094901e-02 
6428.000000 1.107258e-02 
6431.000000 1.101991e-02 
6434.000000 1.142303e-02 
6437.000000 1.133491e-02 
6439.000000 1.153849e-02 
6442.000000 1.151216e-02 
6445.000000 1.192743e-02 
6448.000000 1.201049e-02 
6451.000000 1.192946e-02 
6453.000000 1.214823e-02 
6456.000000 1.240044e-02 
6459.000000 1.255135e-02 
6462.000000 1.301625e-02 
6465.000000 1.335860e-02 
6467.000000 1.372728e-02 
6470.000000 1.416079e-02 
6473.000000 1.392580e-02 
6476.000000 1.391466e-02 
6478.000000 1.350344e-02 
6481.000000 1.347103e-02 
6484.000000 1.346596e-02 
6487.000000 1.341330e-02 
6490.000000 1.342545e-02 
6492.000000 1.354092e-02 
6495.000000 1.340722e-02 
6498.000000 1.305879e-02 
6501.000000 1.312969e-02 
6504.000000 1.317527e-02 
6506.000000 1.260402e-02 
6509.000000 1.288762e-02 
6512.000000 1.351559e-02 
6515.000000 1.581073e-02 
6518.000000 2.214212e-02 
6520.000000 3.993603e-02 
6523.000000 7.060439e-02 
6526.000000 1.060119e-01 
6529.000000 1.399437e-01 
6532.000000 1.763013e-01 
6534.000000 2.003081e-01 
6537.000000 2.410706e-01 
6540.000000 3.079629e-01 
6543.000000 3.721761e-01 
6546.000000 4.321273e-01 
6548.000000 4.723337e-01 
6551.000000 4.727196e-01 
6554.000000 5.111941e-01 
6557.000000 5.875688e-01 
6559.000000 6.743597e-01 
6562.000000 7.231916e-01 
6565.000000 7.653104e-01 
6568.000000 7.834963e-01 
6571.000000 7.728339e-01 
6573.000000 7.580391e-01 
6576.000000 7.359132e-01 
6579.000000 6.671349e-01 
6582.000000 5.922218e-01 
6585.000000 5.137577e-01 
6587.000000 4.434359e-01 
6590.000000 4.069425e-01 
6593.000000 4.098535e-01 
6596.000000 3.861496e-01 
6599.000000 3.177340e-01 
6601.000000 2.487147e-01 
6604.000000 1.741986e-01 
6607.000000 8.786352e-02 
6610.000000 3.521003e-02 
6613.000000 1.860217e-02 
6615.000000 1.394910e-02 
6618.000000 1.246425e-02 
6621.000000 1.147975e-02 
6624.000000 1.149798e-02 
6627.000000 1.136935e-02 
6629.000000 1.117589e-02 
6632.000000 1.075353e-02 
6635.000000 1.056412e-02 
6638.000000 1.065629e-02 
6641.000000 1.068870e-02 
6643.000000 1.074036e-02 
6646.000000 1.086292e-02 
6649.000000 1.111410e-02 
6652.000000 1.192034e-02 
6655.000000 1.277216e-02 
6657.000000 1.343659e-02 
6660.000000 1.448287e-02 
6663.000000 1.499234e-02 
6666.000000 1.534583e-02 
6669.000000 1.528303e-02 
6671.000000 1.551498e-02 
6674.000000 1.492246e-02 
6677.000000 1.489106e-02 
6680.000000 1.471077e-02 
6683.000000 1.452440e-02 
6685.000000 1.421143e-02 
6688.000000 1.443932e-02 
6691.000000 1.437754e-02 
6694.000000 1.380122e-02 
6697.000000 1.296460e-02 
6699.000000 1.219989e-02 
6702.000000 1.115361e-02 
6705.000000 1.107865e-02 
6708.000000 1.097230e-02 
6711.000000 1.082949e-02 
6713.000000 1.103308e-02 
6716.000000 1.089634e-02 
6719.000000 1.104928e-02 
6722.000000 1.107359e-02 
6725.000000 1.114145e-02 
6727.000000 1.110600e-02 
6730.000000 1.104118e-02 
6733.000000 1.122451e-02 
6736.000000 1.115361e-02 
6739.000000 1.148279e-02 
6741.000000 1.154761e-02 
6744.000000 1.175524e-02 
6747.000000 1.125185e-02 
6750.000000 1.161547e-02 
6753.000000 1.136124e-02 
6755.000000 1.119817e-02 
6758.000000 1.099054e-02 
6761.000000 1.080721e-02 
6764.000000 1.101890e-02 
6767.000000 1.055602e-02 
6769.000000 1.074340e-02 
6772.000000 1.092673e-02 
6775.000000 1.122754e-02 
6778.000000 1.115057e-02 
6781.000000 1.085380e-02 
6783.000000 1.100472e-02 
6786.000000 1.076669e-02 
6789.000000 1.052968e-02 
6792.000000 1.078087e-02 
6795.000000 1.070187e-02 
6797.000000 1.048411e-02 
6800.000000 1.058944e-02 
6803.000000 1.082949e-02 
6806.000000 1.072719e-02 
6809.000000 1.039801e-02 
6811.000000 1.065325e-02 
6814.000000 1.083759e-02 
6817.000000 1.086899e-02 
6820.000000 1.112828e-02 
6823.000000 1.089938e-02 
6825.000000 1.107865e-02 
6828.000000 1.129946e-02 
6831.000000 1.116475e-02 
6834.000000 1.118804e-02 
6837.000000 1.125489e-02 
6839.000000 1.082949e-02 
6842.000000 1.082645e-02 
6845.000000 1.080113e-02 
6848.000000 1.133896e-02 
6851.000000 1.101484e-02 
6853.000000 1.142708e-02 
6856.000000 1.153951e-02 
6859.000000 1.107562e-02 
6862.000000 1.106447e-02 
6865.000000 1.095812e-02 
6867.000000 9.713320e-03 
6870.000000 8.204160e-03 
6873.000000 8.643741e-03 
6876.000000 9.347678e-03 
6879.000000 1.012555e-02 
6882.000000 1.103105e-02 
6884.000000 1.170156e-02 
6887.000000 1.110499e-02 
6890.000000 1.093382e-02 
6893.000000 1.084266e-02 
6896.000000 1.092470e-02 
6898.000000 1.089533e-02 
6901.000000 1.132478e-02 
6904.000000 1.119615e-02 
6907.000000 1.108068e-02 
6910.000000 1.112930e-02 
6912.000000 1.075150e-02 
6915.000000 1.123970e-02 
6918.000000 1.085481e-02 
6921.000000 1.095509e-02 
6924.000000 1.077480e-02 
6926.000000 1.090546e-02 
6929.000000 1.088115e-02 
6932.000000 1.057729e-02 
6935.000000 1.015493e-02 
6938.000000 1.014986e-02 
6940.000000 1.022785e-02 
6943.000000 1.017316e-02 
6946.000000 1.026533e-02 
6949.000000 1.027343e-02 
6952.000000 1.048309e-02 
6955.000000 1.014581e-02 
6957.000000 1.034332e-02 
6960.000000 1.024203e-02 
6963.000000 1.072922e-02 
6966.000000 1.088520e-02 
6969.000000 1.119918e-02 
6971.000000 1.113436e-02 
6974.000000 1.115563e-02 
6977.000000 1.131668e-02 
6980.000000 1.145037e-02 
6983.000000 1.221204e-02 
6985.000000 1.192439e-02 
6988.000000 1.231434e-02 
6991.000000 1.330998e-02 
6994.000000 1.406051e-02 
6997.000000 1.441197e-02 
6999.000000 1.473508e-02 
7002.000000 1.456593e-02 
7005.000000 1.480395e-02 
7008.000000 1.443426e-02 
7011.000000 1.427321e-02 
7014.000000 1.382654e-02 
7016.000000 1.385490e-02 
7019.000000 1.399771e-02 
7022.000000 1.385288e-02 
7025.000000 1.307601e-02 
7028.000000 1.265568e-02 
7030.000000 1.204391e-02 
7033.000000 1.216241e-02 
7036.000000 1.256047e-02 
7039.000000 1.312969e-02 
7042.000000 1.465303e-02 
7044.000000 1.579250e-02 
7047.000000 1.700692e-02 
7050.000000 1.829629e-02 
7053.000000 1.792153e-02 
7056.000000 1.782936e-02 
7059.000000 1.769566e-02 
7061.000000 1.772706e-02 
7064.000000 1.716999e-02 
7067.000000 1.726722e-02 
7070.000000 1.676890e-02 
7073.000000 1.631919e-02 
7075.000000 1.684385e-02 
7078.000000 1.693399e-02 
7081.000000 1.594038e-02 
7084.000000 1.478876e-02 
7087.000000 1.382857e-02 
7090.000000 1.275392e-02 
7092.000000 1.151418e-02 
7095.000000 1.145544e-02 
7098.000000 1.121438e-02 
7101.000000 1.152533e-02 
7104.000000 1.185045e-02 
7106.000000 1.322490e-02 
7109.000000 1.607509e-02 
7112.000000 1.942056e-02 
7115.000000 2.180382e-02 
7118.000000 2.458513e-02 
7121.000000 2.765612e-02 
7123.000000 2.725604e-02 
7126.000000 2.784046e-02 
7129.000000 2.912679e-02 
7132.000000 2.908831e-02 
7135.000000 2.877533e-02 
7137.000000 2.917541e-02 
7140.000000 2.843096e-02 
7143.000000 2.706157e-02 
7146.000000 2.823041e-02 
7149.000000 2.933848e-02 
7152.000000 2.823446e-02 
7154.000000 2.688534e-02 
7157.000000 2.432382e-02 
7160.000000 2.002524e-02 
7163.000000 1.776150e-02 
7166.000000 1.592519e-02 
7168.000000 1.521517e-02 
7171.000000 1.427524e-02 
7174.000000 1.398657e-02 
7177.000000 1.332619e-02 
7180.000000 1.244601e-02 
7183.000000 1.217254e-02 
7185.000000 1.167118e-02 
7188.000000 1.126907e-02 
7191.000000 1.110499e-02 
7194.000000 1.095205e-02 
7197.000000 1.070086e-02 
7199.000000 1.071301e-02 
7202.000000 1.059248e-02 
7205.000000 1.159015e-02 
7208.000000 1.325529e-02 
7211.000000 1.580162e-02 
7214.000000 1.868421e-02 
7216.000000 2.133791e-02 
7219.000000 2.299292e-02 
7222.000000 2.369483e-02 
7225.000000 2.264146e-02 
7228.000000 2.388829e-02 
7230.000000 2.316916e-02 
7233.000000 2.224847e-02 
7236.000000 2.125586e-02 
7239.000000 2.170355e-02 
7242.000000 2.150807e-02 
7245.000000 2.093378e-02 
7247.000000 2.176027e-02 
7250.000000 2.116268e-02 
7253.000000 1.974063e-02 
7256.000000 1.749512e-02 
7259.000000 1.630400e-02 
7262.000000 1.477863e-02 
7264.000000 1.351863e-02 
7267.000000 1.348116e-02 
7270.000000 1.356016e-02 
7273.000000 1.327453e-02 
7276.000000 1.310539e-02 
7278.000000 1.306082e-02 
7281.000000 1.305879e-02 
7284.000000 1.412635e-02 
7287.000000 1.541673e-02 
7290.000000 1.905188e-02 
7293.000000 2.762168e-02 
7295.000000 4.132061e-02 
7298.000000 5.353670e-02 
7301.000000 6.911549e-02 
7304.000000 8.615887e-02 
7307.000000 9.249735e-02 
7310.000000 1.003085e-01 
7312.000000 1.077054e-01 
7315.000000 1.123190e-01 
7318.000000 1.074380e-01 
7321.000000 1.052391e-01 
7324.000000 1.054640e-01 
7327.000000 9.769230e-02 
7329.000000 9.638875e-02 
7332.000000 1.022117e-01 
7335.000000 9.738642e-02 
7338.000000 8.759207e-02 
7341.000000 8.545291e-02 
7344.000000 7.736827e-02 
7346.000000 6.302821e-02 
7349.000000 4.981141e-02 
7352.000000 4.036447e-02 
7355.000000 3.092664e-02 
7358.000000 2.233152e-02 
7360.000000 1.737864e-02 
7363.000000 1.473001e-02 
7366.000000 1.341431e-02 
7369.000000 1.349129e-02 
7372.000000 1.401696e-02 
7375.000000 1.349534e-02 
7377.000000 1.325934e-02 
7380.000000 1.344064e-02 
7383.000000 1.354598e-02 
7386.000000 1.366550e-02 
7389.000000 1.395416e-02 
7392.000000 1.478369e-02 
7394.000000 1.403013e-02 
7397.000000 1.406760e-02 
7400.000000 1.415471e-02 
7403.000000 1.383262e-02 
7406.000000 1.300511e-02 
7409.000000 1.261314e-02 
7411.000000 1.234169e-02 
7414.000000 1.229814e-02 
7417.000000 1.248754e-02 
7420.000000 1.233865e-02 
7423.000000 1.245310e-02 
7426.000000 1.292915e-02 
7428.000000 1.302942e-02 
7431.000000 1.345482e-02 
7434.000000 1.347204e-02 
7437.000000 1.372728e-02 
7440.000000 1.304360e-02 
7443.000000 1.313071e-02 
7445.000000 1.343862e-02 
7448.000000 1.304259e-02 
7451.000000 1.329682e-02 
7454.000000 1.313780e-02 
7457.000000 1.324921e-02 
7460.000000 1.285926e-02 
7462.000000 1.268606e-02 
7465.000000 1.285825e-02 
7468.000000 1.277823e-02 
7471.000000 1.266884e-02 
7474.000000 1.259085e-02 
7477.000000 1.250476e-02 
7479.000000 1.214823e-02 
7482.000000 1.259490e-02 
7485.000000 1.276912e-02 
7488.000000 1.213709e-02 
7491.000000 1.240651e-02 
7494.000000 1.271949e-02 
7496.000000 1.262023e-02 
7499.000000 1.313678e-02 
7502.000000 1.321275e-02 
7505.000000 1.335354e-02 
7508.000000 1.316008e-02 
7511.000000 1.296156e-02 
7514.000000 1.288154e-02 
7516.000000 1.276203e-02 
7519.000000 1.230320e-02 
7522.000000 1.276101e-02 
7525.000000 1.269011e-02 
7528.000000 1.203176e-02 
7531.000000 1.185754e-02 
7533.000000 1.198618e-02 
7536.000000 1.241056e-02 
7539.000000 1.231232e-02 
7542.000000 1.256249e-02 
7545.000000 1.213912e-02 
7548.000000 1.263846e-02 
7550.000000 1.248349e-02 
7553.000000 1.249463e-02 
7556.000000 1.264656e-02 
7559.000000 1.306994e-02 
7562.000000 1.352674e-02 
7565.000000 1.405747e-02 
7567.000000 1.407368e-02 
7570.000000 1.533368e-02 
7573.000000 1.587150e-02 
7576.000000 1.671319e-02 
7579.000000 1.694817e-02 
7582.000000 1.750322e-02 
7585.000000 1.740801e-02 
7587.000000 1.760957e-02 
7590.000000 1.770478e-02 
7593.000000 1.728647e-02 
7596.000000 1.375058e-02 
7599.000000 9.316279e-03 
7602.000000 7.392860e-03 
7604.000000 6.248329e-03 
7607.000000 5.810774e-03 
7610.000000 6.451913e-03 
7613.000000 8.243662e-03 
7616.000000 1.089026e-02 
7619.000000 1.412534e-02 
7621.000000 1.584922e-02 
7624.000000 1.262934e-02 
7627.000000 1.022887e-02 
7630.000000 9.555314e-03 
7633.000000 9.617099e-03 
7636.000000 9.323369e-03 
7639.000000 9.092438e-03 
7641.000000 8.864544e-03 
7644.000000 8.936457e-03 
7647.000000 9.264624e-03 
7650.000000 9.773079e-03 
7653.000000 1.040915e-02 
7656.000000 1.083861e-02 
7658.000000 1.067149e-02 
7661.000000 1.153140e-02 
7664.000000 1.166915e-02 
7667.000000 1.236600e-02 
7670.000000 1.263947e-02 
7673.000000 1.282179e-02 
7676.000000 1.343558e-02 
7678.000000 1.399873e-02 
7681.000000 1.477458e-02 
7684.000000 1.516352e-02 
7687.000000 1.615612e-02 
7690.000000 1.679827e-02 
7693.000000 1.714771e-02 
7695.000000 1.797015e-02 
7698.000000 1.951982e-02 
7701.000000 1.969505e-02 
7704.000000 2.138551e-02 
7707.000000 2.207831e-02 
7710.000000 2.257663e-02 
7713.000000 2.376877e-02 
7715.000000 2.537516e-02 
7718.000000 2.503180e-02 
7721.000000 2.470262e-02 
7724.000000 2.472896e-02 
7727.000000 2.560913e-02 
7730.000000 2.595654e-02 
7733.000000 2.651260e-02 
7735.000000 2.647817e-02 
7738.000000 2.487886e-02 
7741.000000 2.503889e-02 
7744.000000 2.473909e-02 
7747.000000 2.363608e-02 
7750.000000 2.439269e-02 
7753.000000 2.382144e-02 
7755.000000 2.395919e-02 
7758.000000 2.236393e-02 
7761.000000 2.153744e-02 
7764.000000 2.223327e-02 
7767.000000 2.183522e-02 
7770.000000 2.142906e-02 
7772.000000 2.087300e-02 
7775.000000 1.954211e-02 
7778.000000 1.786785e-02 
7781.000000 1.664634e-02 
7784.000000 1.655113e-02 
7787.000000 1.653898e-02 
7790.000000 1.600621e-02 
7792.000000 1.580162e-02 
7795.000000 1.615409e-02 
7798.000000 1.534786e-02 
7801.000000 1.464696e-02 
7804.000000 1.340519e-02 
7807.000000 1.254021e-02 
7810.000000 1.306994e-02 
7812.000000 1.342950e-02 
7815.000000 1.262934e-02 
7818.000000 1.249564e-02 
7821.000000 1.345685e-02 
7824.000000 1.317021e-02 
7827.000000 1.310336e-02 
7830.000000 1.313375e-02 
7832.000000 1.353383e-02 
7835.000000 1.365638e-02 
7838.000000 1.420636e-02 
7841.000000 1.413648e-02 
7844.000000 1.482522e-02 
7847.000000 1.437754e-02 
7850.000000 1.473001e-02 
7852.000000 1.459429e-02 
7855.000000 1.521416e-02 
7858.000000 1.529012e-02 
7861.000000 1.493967e-02 
7864.000000 1.461353e-02 
7867.000000 1.508755e-02 
7870.000000 1.581377e-02 
7873.000000 1.685499e-02 
7875.000000 1.671724e-02 
7878.000000 1.637793e-02 
7881.000000 1.675371e-02 
7884.000000 1.629994e-02 
7887.000000 1.576009e-02 
7890.000000 1.599406e-02 
7893.000000 1.715277e-02 
7895.000000 1.586745e-02 
7898.000000 1.632223e-02 
7901.000000 1.610851e-02 
7904.000000 1.649441e-02 
7907.000000 1.532861e-02 
7910.000000 1.526784e-02 
7913.000000 1.540255e-02 
7915.000000 1.563146e-02 
7918.000000 1.532253e-02 
7921.000000 1.476951e-02 
7924.000000 1.453858e-02 
7927.000000 1.491942e-02 
7930.000000 1.522834e-02 
7933.000000 1.524961e-02 
7935.000000 1.537926e-02 
7938.000000 1.528506e-02 
7941.000000 1.500551e-02 
7944.000000 1.519188e-02 
7947.000000 1.429144e-02 
7950.000000 1.447376e-02 
7953.000000 1.503995e-02 
7956.000000 1.446464e-02 
7958.000000 1.444439e-02 
7961.000000 1.408178e-02 
7964.000000 1.465709e-02 
7967.000000 1.515643e-02 
7970.000000 1.485966e-02 
7973.000000 1.456492e-02 
7976.000000 1.403215e-02 
7978.000000 1.399164e-02 
7981.000000 1.431069e-02 
7984.000000 1.447275e-02 
7987.000000 1.404532e-02 
7990.000000 1.368677e-02 
7993.000000 1.386604e-02 
7996.000000 1.553220e-02 
7999.000000 1.523543e-02 
8001.000000 1.496702e-02 
8004.000000 1.552713e-02 
8007.000000 1.518479e-02 
8010.000000 1.571958e-02 
8013.000000 1.552815e-02 
8016.000000 1.535900e-02 
8019.000000 1.549776e-02 
8022.000000 1.510173e-02 
8024.000000 1.526379e-02 
8027.000000 1.548662e-02 
8030.000000 1.585226e-02 
8033.000000 1.555448e-02 
8036.000000 1.548257e-02 
8039.000000 1.517871e-02 
8042.000000 1.600115e-02 
8045.000000 1.539344e-02 
8047.000000 1.504501e-02 
8050.000000 1.526278e-02 
8053.000000 1.532051e-02 
8056.000000 1.504096e-02 
8059.000000 1.517770e-02 
8062.000000 1.452238e-02 
8065.000000 1.562639e-02 
8068.000000 1.552106e-02 
8070.000000 1.567298e-02 
8073.000000 1.483535e-02 
8076.000000 1.473508e-02 
8079.000000 1.454668e-02 
8082.000000 1.497715e-02 
8085.000000 1.425802e-02 
8088.000000 1.488295e-02 
8091.000000 1.449098e-02 
8093.000000 1.493866e-02 
8096.000000 1.486067e-02 
8099.000000 1.439678e-02 
8102.000000 1.448996e-02 
8105.000000 1.450313e-02 
8108.000000 1.443223e-02 
8111.000000 1.452440e-02 
8114.000000 1.412432e-02 
8116.000000 1.460138e-02 
8119.000000 1.469254e-02 
8122.000000 1.488397e-02 
8125.000000 1.479484e-02 
8128.000000 1.504299e-02 
8131.000000 1.563753e-02 
8134.000000 1.495588e-02 
8137.000000 1.469963e-02 
8139.000000 1.587150e-02 
8142.000000 1.515237e-02 
8145.000000 1.503286e-02 
8148.000000 1.552612e-02 
8151.000000 1.541268e-02 
8154.000000 1.493562e-02 
8157.000000 1.446262e-02 
8160.000000 1.437146e-02 
8162.000000 1.523644e-02 
8165.000000 1.504096e-02 
8168.000000 1.462670e-02 
8171.000000 1.540964e-02 
8174.000000 1.539850e-02 
8177.000000 1.598292e-02 
8180.000000 1.563450e-02 
8183.000000 1.589885e-02 
8186.000000 1.613890e-02 
8188.000000 1.765515e-02 
8191.000000 1.840872e-02 
8194.000000 1.909240e-02 
8197.000000 1.909949e-02 
8200.000000 2.030175e-02 
8203.000000 2.014780e-02 
8206.000000 2.117787e-02 
8209.000000 2.231430e-02 
8212.000000 2.403414e-02 
8214.000000 2.396729e-02 
8217.000000 2.541669e-02 
8220.000000 2.506118e-02 
8223.000000 2.441396e-02 
8226.000000 2.343351e-02 
8229.000000 2.220086e-02 
8232.000000 2.230012e-02 
8235.000000 2.312459e-02 
8238.000000 2.418100e-02 
8240.000000 2.645487e-02 
8243.000000 2.576815e-02 
8246.000000 2.430356e-02 
8249.000000 2.472389e-02 
8252.000000 2.461349e-02 
8255.000000 2.416480e-02 
8258.000000 2.313472e-02 
8261.000000 1.999688e-02 
8264.000000 2.082641e-02 
8266.000000 1.999891e-02 
8269.000000 1.916228e-02 
8272.000000 1.802484e-02 
8275.000000 1.700692e-02 
8278.000000 1.638806e-02 
8281.000000 1.674155e-02 
8284.000000 1.738066e-02 
8287.000000 1.780505e-02 
8290.000000 1.725608e-02 
8292.000000 1.631210e-02 
8295.000000 1.634957e-02 
8298.000000 1.700084e-02 
8301.000000 1.841986e-02 
8304.000000 1.737256e-02 
8307.000000 1.701806e-02 
8310.000000 1.666660e-02 
8313.000000 1.719227e-02 
8316.000000 1.770984e-02 
8318.000000 1.718417e-02 
8321.000000 1.749613e-02 
8324.000000 1.770579e-02 
8327.000000 1.752247e-02 
8330.000000 1.781417e-02 
8333.000000 1.712441e-02 
8336.000000 1.710719e-02 
8339.000000 1.696641e-02 
8342.000000 1.538736e-02 
8345.000000 1.638199e-02 
8347.000000 1.778480e-02 
8350.000000 1.676890e-02 
8353.000000 1.574692e-02 
8356.000000 1.518276e-02 
8359.000000 1.451731e-02 
8362.000000 1.345584e-02 
8365.000000 1.333429e-02 
8368.000000 1.412939e-02 
8371.000000 1.296662e-02 
8373.000000 1.413952e-02 
8376.000000 1.379818e-02 
8379.000000 1.310640e-02 
8382.000000 1.308614e-02 
8385.000000 1.374551e-02 
8388.000000 1.238727e-02 
8391.000000 1.347711e-02 
8394.000000 1.316413e-02 
8397.000000 1.214216e-02 
8400.000000 1.327149e-02 
8402.000000 1.369487e-02 
8405.000000 1.347002e-02 
8408.000000 1.200238e-02 
8411.000000 1.251894e-02 
8414.000000 1.457302e-02 
8417.000000 1.671420e-02 
8420.000000 1.879563e-02 
8423.000000 1.945297e-02 
8426.000000 2.027846e-02 
8429.000000 1.920482e-02 
8431.000000 1.960997e-02 
8434.000000 1.975785e-02 
8437.000000 1.899516e-02 
8440.000000 1.966871e-02 
8443.000000 1.930611e-02 
8446.000000 1.902251e-02 
8449.000000 1.677396e-02 
8452.000000 1.653898e-02 
8455.000000 1.649137e-02 
8458.000000 1.760755e-02 
8461.000000 1.778277e-02 
8463.000000 1.780505e-02 
8466.000000 1.780809e-02 
8469.000000 1.848569e-02 
8472.000000 1.588771e-02 
8475.000000 1.525062e-02 
8478.000000 1.447376e-02 
8481.000000 1.392074e-02 
8484.000000 1.465303e-02 
8487.000000 1.439982e-02 
8490.000000 1.313071e-02 
8493.000000 1.326744e-02 
8495.000000 1.234068e-02 
8498.000000 1.157698e-02 
8501.000000 1.262630e-02 
8504.000000 1.124780e-02 
8507.000000 1.246526e-02 
8510.000000 1.246830e-02 
8513.000000 1.222724e-02 
8516.000000 1.302132e-02 
8519.000000 1.305069e-02 
8522.000000 1.406760e-02 
8525.000000 1.401493e-02 
8527.000000 1.516048e-02 
8530.000000 1.403013e-02 
8533.000000 1.317527e-02 
8536.000000 1.285926e-02 
8539.000000 1.295042e-02 
8542.000000 1.251793e-02 
8545.000000 1.107764e-02 
8548.000000 1.231941e-02 
8551.000000 1.287344e-02 
8554.000000 1.255236e-02 
8557.000000 1.249970e-02 
8559.000000 1.219381e-02 
8562.000000 1.259490e-02 
8565.000000 1.345178e-02 
8568.000000 1.359865e-02 
8571.000000 1.351863e-02 
8574.000000 1.401392e-02 
8577.000000 1.405342e-02 
8580.000000 1.468241e-02 
8583.000000 1.636781e-02 
8586.000000 1.406051e-02 
8589.000000 1.532051e-02 
8592.000000 1.598596e-02 
8594.000000 1.669597e-02 
8597.000000 1.696235e-02 
8600.000000 1.686006e-02 
8603.000000 1.608724e-02 
8606.000000 1.582086e-02 
8609.000000 1.507135e-02 
8612.000000 1.539141e-02 
8615.000000 1.481104e-02 
8618.000000 1.516149e-02 
8621.000000 1.437349e-02 
8624.000000 1.469558e-02 
8627.000000 1.545725e-02 
8629.000000 1.410508e-02 
8632.000000 1.509869e-02 
8635.000000 1.556056e-02 
8638.000000 1.629083e-02 
8641.000000 1.660988e-02 
8644.000000 1.682461e-02 
8647.000000 1.734825e-02 
8650.000000 1.625943e-02 
8653.000000 1.714872e-02 
8656.000000 1.705250e-02 
8659.000000 1.862243e-02 
8662.000000 1.693298e-02 
8665.000000 1.863864e-02 
8667.000000 1.724697e-02 
8670.000000 1.988952e-02 
8673.000000 1.855963e-02 
8676.000000 1.910151e-02 
8679.000000 1.862344e-02 
8682.000000 2.079299e-02 
8685.000000 1.829730e-02 
8688.000000 1.918457e-02 
8691.000000 1.946006e-02 
8694.000000 1.855659e-02 
8697.000000 1.821627e-02 
8700.000000 1.840365e-02 
8703.000000 1.774732e-02 
8705.000000 1.784253e-02 
8708.000000 1.809169e-02 
8711.000000 1.808663e-02 
8714.000000 1.813626e-02 
8717.000000 1.848671e-02 
8720.000000 1.925851e-02 
8723.000000 1.924433e-02 
8726.000000 1.890097e-02 
8729.000000 2.046989e-02 
8732.000000 1.967986e-02 
8735.000000 1.882095e-02 
8738.000000 1.825881e-02 
8741.000000 1.843100e-02 
8744.000000 1.850190e-02 
8746.000000 1.672129e-02 
8749.000000 1.718012e-02 
8752.000000 1.643263e-02 
8755.000000 1.595962e-02 
8758.000000 1.563753e-02 
8761.000000 1.438868e-02 
8764.000000 1.599406e-02 
8767.000000 1.613586e-02 
8770.000000 1.762173e-02 
8773.000000 1.474115e-02 
8776.000000 1.382958e-02 
8779.000000 1.472799e-02 
8782.000000 1.411825e-02 
8785.000000 1.275899e-02 
8788.000000 1.245513e-02 
8790.000000 1.240550e-02 
8793.000000 1.277519e-02 
8796.000000 1.377387e-02 
8799.000000 1.317730e-02 
8802.000000 1.227991e-02 
8805.000000 1.261415e-02 
8808.000000 1.182817e-02 
8811.000000 1.253920e-02 
8814.000000 1.294029e-02 
8817.000000 1.384680e-02 
8820.000000 1.351053e-02 
8823.000000 1.226066e-02 
8826.000000 1.215127e-02 
8829.000000 1.497918e-02 
8832.000000 1.617131e-02 
8835.000000 1.448389e-02 
8837.000000 1.650454e-02 
8840.000000 1.843910e-02 
8843.000000 1.926357e-02 
8846.000000 1.782531e-02 
8849.000000 1.731685e-02 
8852.000000 1.877638e-02 
8855.000000 1.922407e-02 
8858.000000 1.835098e-02 
8861.000000 1.844012e-02 
8864.000000 1.901947e-02 
8867.000000 1.895971e-02 
8870.000000 1.762882e-02 
8873.000000 1.798737e-02 
8876.000000 1.631109e-02 
8879.000000 1.884323e-02 
8882.000000 1.760147e-02 
8885.000000 1.699274e-02 
8887.000000 1.826489e-02 
8890.000000 1.647112e-02 
8893.000000 1.399468e-02 
8896.000000 1.413141e-02 
8899.000000 1.234979e-02 
8902.000000 1.216140e-02 
8905.000000 1.532760e-02 
8908.000000 1.532962e-02 
8911.000000 1.490422e-02 
8914.000000 1.468342e-02 
8917.000000 1.357839e-02 
8920.000000 1.569425e-02 
8923.000000 1.732394e-02 
8926.000000 1.489106e-02 
8929.000000 1.593633e-02 
8932.000000 1.512908e-02 
8935.000000 1.536710e-02 
8938.000000 1.498019e-02 
8941.000000 1.527290e-02 
8943.000000 1.442919e-02 
8946.000000 1.419624e-02 
8949.000000 1.296865e-02 
8952.000000 1.216343e-02 
8955.000000 1.000806e-02 
8958.000000 1.001515e-02 
8961.000000 1.301625e-02 
8964.000000 1.036661e-02 
8967.000000 9.516826e-03 
8970.000000 1.094091e-02 
8973.000000 8.831120e-03 
8976.000000 1.065224e-02 
8979.000000 1.067047e-02 
8982.000000 1.395619e-02 
8985.000000 1.487890e-02 
8988.000000 1.459935e-02 
8991.000000 1.487485e-02 
8994.000000 1.608218e-02 
8997.000000 1.553524e-02 
9000.000000 1.860015e-02 
9002.000000 1.591708e-02 
9005.000000 1.906708e-02 
9008.000000 1.600318e-02 
9011.000000 1.667673e-02 
9014.000000 1.654607e-02 
9017.000000 1.920989e-02 
9020.000000 1.804510e-02 
9023.000000 1.933852e-02 
9026.000000 2.084870e-02 
9029.000000 2.060257e-02 
9032.000000 2.621685e-02 
9035.000000 3.248746e-02 
9038.000000 4.169942e-02 
9041.000000 5.192018e-02 
9044.000000 5.439459e-02 
9047.000000 6.061456e-02 
9050.000000 6.522408e-02 
9053.000000 6.140257e-02 
9056.000000 5.694497e-02 
9059.000000 6.219867e-02 
9062.000000 5.884510e-02 
9065.000000 5.583387e-02 
9068.000000 5.484835e-02 
9071.000000 5.449385e-02 
9073.000000 4.843898e-02 
9076.000000 4.687513e-02 
9079.000000 4.787077e-02 
9082.000000 4.724381e-02 
9085.000000 5.205286e-02 
9088.000000 5.123549e-02 
9091.000000 4.654797e-02 
9094.000000 4.401582e-02 
9097.000000 3.727018e-02 
9100.000000 3.126697e-02 
9103.000000 2.052154e-02 
9106.000000 1.531646e-02 
9109.000000 1.420434e-02 
9112.000000 1.420130e-02 
9115.000000 1.419826e-02 
9118.000000 1.419522e-02 
9121.000000 1.419218e-02 
9124.000000 1.418915e-02 
9127.000000 1.418611e-02 
9130.000000 1.418307e-02 
9133.000000 1.418003e-02 
9136.000000 1.417699e-02 
9139.000000 1.417395e-02 
9142.000000 1.417091e-02 
9145.000000 1.416788e-02 
9148.000000 1.416484e-02 
9151.000000 1.416180e-02 
9154.000000 1.415876e-02 
9157.000000 1.415572e-02 
9160.000000 1.415268e-02 
9163.000000 1.414964e-02 
9166.000000 1.414661e-02 
9169.000000 1.414357e-02 
9172.000000 1.414154e-02 
9175.000000 1.413850e-02 
9178.000000 1.413546e-02 
9181.000000 1.413243e-02 
9184.000000 1.412939e-02 
9187.000000 1.412635e-02 
9190.000000 1.412331e-02 
9193.000000 1.412027e-02 
9196.000000 1.411419e-02 
9199.000000 1.411116e-02 
9202.000000 1.410812e-02 
9205.000000 1.410508e-02 
9208.000000 1.410204e-02 
9211.000000 1.409900e-02 
9214.000000 1.409596e-02 
9217.000000 1.409292e-02 
9220.000000 1.408989e-02 
9223.000000 1.408381e-02 
9226.000000 1.408077e-02 
9229.000000 1.407773e-02 
9232.000000 1.407469e-02 
9235.000000 1.407165e-02 
9238.000000 1.406862e-02 
9241.000000 1.406254e-02 
9244.000000 1.406051e-02 
9247.000000 1.405747e-02 
9250.000000 1.405444e-02 
9253.000000 1.405140e-02 
9256.000000 1.404836e-02 
9259.000000 1.404228e-02 
9262.000000 1.403924e-02 
9265.000000 1.403620e-02 
9268.000000 1.403317e-02 
9271.000000 1.403013e-02 
9274.000000 1.402405e-02 
9277.000000 1.402101e-02 
9280.000000 1.401797e-02 
9283.000000 1.401493e-02 
9286.000000 1.400886e-02 
9289.000000 1.400582e-02 
9292.000000 1.400278e-02 
9295.000000 1.399974e-02 
9298.000000 1.399366e-02 
9301.000000 1.399062e-02 
9304.000000 1.398759e-02 
9307.000000 1.398151e-02 
9310.000000 1.397847e-02 
9313.000000 1.397644e-02 
9316.000000 1.397341e-02 
9319.000000 1.396733e-02 
9322.000000 1.396429e-02 
9325.000000 1.396125e-02 
9328.000000 1.395517e-02 
9331.000000 1.395214e-02 
9334.000000 1.394910e-02 
9337.000000 1.394302e-02 
9340.000000 1.393998e-02 
9343.000000 1.393694e-02 
9346.000000 1.393087e-02 
9349.000000 1.392783e-02 
9352.000000 1.392479e-02 
9355.000000 1.391871e-02 
9358.000000 1.391567e-02 
9361.000000 1.390960e-02 
9364.000000 1.390656e-02 
9367.000000 1.390352e-02 
9370.000000 1.389744e-02 
9373.000000 1.389542e-02 
9376.000000 1.388934e-02 
9379.000000 1.388630e-02 
9382.000000 1.388326e-02 
9385.000000 1.387718e-02 
9388.000000 1.387415e-02 
9391.000000 1.386807e-02 
9394.000000 1.386503e-02 
9397.000000 1.385895e-02 
9400.000000 1.385591e-02 
9403.000000 1.385288e-02 
9406.000000 1.384680e-02 
9409.000000 1.384376e-02 
9412.000000 1.383768e-02 
9415.000000 1.383464e-02 
9418.000000 1.382857e-02 
9421.000000 1.382553e-02 
9424.000000 1.381945e-02 
9427.000000 1.381641e-02 
9430.000000 1.381135e-02 
9433.000000 1.380831e-02 
9436.000000 1.380223e-02 
9439.000000 1.379919e-02 
9442.000000 1.379312e-02 
9445.000000 1.379008e-02 
9448.000000 1.378400e-02 
9451.000000 1.378096e-02 
9454.000000 1.377489e-02 
9457.000000 1.377185e-02 
9460.000000 1.376577e-02 
9463.000000 1.375969e-02 
9466.000000 1.375665e-02 
9469.000000 1.375058e-02 
9472.000000 1.374754e-02 
9475.000000 1.374146e-02 
9478.000000 1.373842e-02 
9481.000000 1.373235e-02 
9484.000000 1.372728e-02 
9487.000000 1.372424e-02 
9490.000000 1.371817e-02 
9493.000000 1.371513e-02 
9496.000000 1.370905e-02 
9499.000000 1.370297e-02 
9502.000000 1.369993e-02 
9505.000000 1.369386e-02 
9508.000000 1.368778e-02 
9511.000000 1.368474e-02 
9514.000000 1.367866e-02 
9517.000000 1.367259e-02 
9520.000000 1.366955e-02 
9523.000000 1.366347e-02 
9526.000000 1.365739e-02 
9529.000000 1.365436e-02 
9532.000000 1.364828e-02 
9535.000000 1.364321e-02 
9538.000000 1.364018e-02 
9541.000000 1.363410e-02 
9544.000000 1.362802e-02 
9547.000000 1.362498e-02 
9550.000000 1.361891e-02 
9553.000000 1.361283e-02 
9556.000000 1.360979e-02 
9559.000000 1.360371e-02 
9562.000000 1.359764e-02 
9565.000000 1.359156e-02 
9568.000000 1.358852e-02 
9571.000000 1.358244e-02 
9574.000000 1.357637e-02 
9577.000000 1.357029e-02 
9580.000000 1.356725e-02 
9583.000000 1.356219e-02 
9586.000000 1.355611e-02 
9589.000000 1.355003e-02 
9592.000000 1.354395e-02 
9595.000000 1.354092e-02 
9598.000000 1.353484e-02 
9601.000000 1.352876e-02 
9604.000000 1.352268e-02 
9607.000000 1.351661e-02 
9610.000000 1.351357e-02 
9613.000000 1.350749e-02 
9616.000000 1.350141e-02 
9619.000000 1.349534e-02 
9622.000000 1.348926e-02 
9625.000000 1.348420e-02 
9628.000000 1.348116e-02 
9631.000000 1.347508e-02 
9634.000000 1.346900e-02 
9637.000000 1.346293e-02 
9640.000000 1.345685e-02 
9643.000000 1.345077e-02 
9646.000000 1.344469e-02 
9649.000000 1.344166e-02 
9652.000000 1.343558e-02 
9655.000000 1.342950e-02 
9658.000000 1.342342e-02 
9661.000000 1.341735e-02 
9664.000000 1.341127e-02 
9667.000000 1.340519e-02 
9670.000000 1.340013e-02 
9673.000000 1.339405e-02 
9676.000000 1.338797e-02 
9679.000000 1.338190e-02 
9682.000000 1.337582e-02 
9685.000000 1.337278e-02 
9688.000000 1.336670e-02 
9691.000000 1.336063e-02 
9694.000000 1.335455e-02 
9697.000000 1.334847e-02 
9700.000000 1.334240e-02 
9703.000000 1.333632e-02 
9706.000000 1.333024e-02 
9709.000000 1.332416e-02 
9712.000000 1.331910e-02 
9715.000000 1.331302e-02 
9718.000000 1.330694e-02 
9721.000000 1.330087e-02 
9724.000000 1.329479e-02 
9727.000000 1.328871e-02 
9730.000000 1.328264e-02 
9733.000000 1.327656e-02 
9736.000000 1.327048e-02 
9739.000000 1.326440e-02 
9742.000000 1.325833e-02 
9745.000000 1.324921e-02 
9748.000000 1.324313e-02 
9751.000000 1.323706e-02 
9754.000000 1.323199e-02 
9757.000000 1.322592e-02 
9760.000000 1.321984e-02 
9763.000000 1.321376e-02 
9766.000000 1.320768e-02 
9769.000000 1.320161e-02 
9772.000000 1.319553e-02 
9775.000000 1.318945e-02 
9778.000000 1.318338e-02 
9781.000000 1.317426e-02 
9784.000000 1.316818e-02 
9787.000000 1.316211e-02 
9790.000000 1.315603e-02 
9793.000000 1.315096e-02 
9796.000000 1.314489e-02 
9799.000000 1.313881e-02 
9802.000000 1.312969e-02 
9805.000000 1.312362e-02 
9808.000000 1.311754e-02 
9811.000000 1.311146e-02 
9814.000000 1.310539e-02 
9817.000000 1.309931e-02 
9820.000000 1.309019e-02 
9823.000000 1.308412e-02 
9826.000000 1.307804e-02 
9829.000000 1.307196e-02 
9832.000000 1.306690e-02 
9835.000000 1.305778e-02 
9838.000000 1.305170e-02 
9841.000000 1.304563e-02 
9844.000000 1.303955e-02 
9847.000000 1.303347e-02 
9850.000000 1.302436e-02 
9853.000000 1.301828e-02 
9856.000000 1.301220e-02 
9859.000000 1.300613e-02 
9862.000000 1.299701e-02 
9865.000000 1.299093e-02 
9868.000000 1.298587e-02 
9871.000000 1.297675e-02 
9874.000000 1.297068e-02 
9877.000000 1.296460e-02 
9880.000000 1.295852e-02 
9883.000000 1.294941e-02 
9886.000000 1.294333e-02 
9889.000000 1.293725e-02 
9892.000000 1.292814e-02 
9895.000000 1.292206e-02 
9898.000000 1.291598e-02 
9901.000000 1.290687e-02 
9904.000000 1.290180e-02 
9907.000000 1.289572e-02 
9910.000000 1.288661e-02 
9913.000000 1.288053e-02 
9916.000000 1.287445e-02 
9919.000000 1.286534e-02 
9922.000000 1.285926e-02 
9925.000000 1.285318e-02 
9928.000000 1.284407e-02 
9931.000000 1.283799e-02 
9934.000000 1.282888e-02 
9937.000000 1.282381e-02 
9940.000000 1.281773e-02 
9943.000000 1.280862e-02 
9946.000000 1.280254e-02 
9949.000000 1.279343e-02 
9952.000000 1.278735e-02 
9955.000000 1.278127e-02 
9958.000000 1.277216e-02 
9961.000000 1.276608e-02 
9964.000000 1.275696e-02 
9967.000000 1.275089e-02 
9970.000000 1.274177e-02 
9973.000000 1.273671e-02 
9976.000000 1.273063e-02 
9979.000000 1.272151e-02 
9982.000000 1.271544e-02 
9985.000000 1.270632e-02 
9988.000000 1.270024e-02 
9991.000000 1.269113e-02 
9994.000000 1.268505e-02 
9997.000000 1.267593e-02 
10000.000000 1.266986e-02 
10005.000000 1.266074e-02 
10010.000000 1.265568e-02 
10013.000000 1.264656e-02 
10017.000000 1.264048e-02 
10020.000000 1.263137e-02 
10022.000000 1.262529e-02 
10024.000000 1.261617e-02 
10027.000000 1.260706e-02 
10030.000000 1.260098e-02 
10033.000000 1.259187e-02 
10037.000000 1.258579e-02 
10040.000000 1.257667e-02 
10042.000000 1.257161e-02 
10044.000000 1.256249e-02 
10047.000000 1.255642e-02 
10050.000000 1.254730e-02 
10053.000000 1.253818e-02 
10057.000000 1.253211e-02 
10060.000000 1.252299e-02 
10063.000000 1.251691e-02 
10067.000000 1.250780e-02 
10070.000000 1.249868e-02 
10073.000000 1.249362e-02 
10077.000000 1.248450e-02 
10080.000000 1.247539e-02 
10082.000000 1.246931e-02 
10085.000000 1.246019e-02 
10088.000000 1.245412e-02 
10090.000000 1.244500e-02 
10093.000000 1.243589e-02 
10097.000000 1.242981e-02 
10100.000000 1.242069e-02 
10102.000000 1.241158e-02 
10105.000000 1.240651e-02 
10108.000000 1.239740e-02 
10110.000000 1.238828e-02 
10113.000000 1.237917e-02 
10117.000000 1.237309e-02 
10120.000000 1.236397e-02 
10123.000000 1.235486e-02 
10127.000000 1.234878e-02 
10130.000000 1.233966e-02 
10133.000000 1.233055e-02 
10137.000000 1.232245e-02 
10140.000000 1.231637e-02 
10142.000000 1.230725e-02 
10144.000000 1.229814e-02 
10147.000000 1.228902e-02 
10150.000000 1.228294e-02 
10153.000000 1.227383e-02 
10157.000000 1.226471e-02 
10160.000000 1.225560e-02 
10162.000000 1.224952e-02 
10165.000000 1.224142e-02 
10168.000000 1.223230e-02 
10172.000000 1.222319e-02 
10175.000000 1.221407e-02 
10178.000000 1.220799e-02 
10180.000000 1.219888e-02 
10183.000000 1.218976e-02 
10187.000000 1.218065e-02 
10190.000000 1.217153e-02 
10193.000000 1.216545e-02 
10197.000000 1.215735e-02 
10200.000000 1.214823e-02 
10202.000000 1.213912e-02 
10205.000000 1.213000e-02 
10208.000000 1.212089e-02 
10210.000000 1.211177e-02 
10213.000000 1.210569e-02 
10217.000000 1.209658e-02 
10220.000000 1.208746e-02 
10222.000000 1.207936e-02 
10224.000000 1.207024e-02 
10227.000000 1.206113e-02 
10230.000000 1.205201e-02 
10233.000000 1.204290e-02 
10237.000000 1.203378e-02 
10240.000000 1.202467e-02 
10243.000000 1.201859e-02 
10247.000000 1.200947e-02 
10250.000000 1.200036e-02 
10253.000000 1.199225e-02 
10257.000000 1.198314e-02 
10260.000000 1.197402e-02 
10262.000000 1.196491e-02 
10264.000000 1.195579e-02 
10267.000000 1.194667e-02 
10270.000000 1.193756e-02 
10273.000000 1.192844e-02 
10277.000000 1.191933e-02 
10280.000000 1.191122e-02 
10282.000000 1.190211e-02 
10284.000000 1.189299e-02 
10287.000000 1.188388e-02 
10290.000000 1.187476e-02 
10293.000000 1.186565e-02 
10297.000000 1.185653e-02 
10300.000000 1.184741e-02 
10303.000000 1.183830e-02 
10307.000000 1.183020e-02 
10310.000000 1.182108e-02 
10313.000000 1.181196e-02 
10317.000000 1.180285e-02 
10320.000000 1.179373e-02 
10322.000000 1.178462e-02 
10325.000000 1.177550e-02 
10328.000000 1.176639e-02 
10330.000000 1.175423e-02 
10333.000000 1.174613e-02 
10337.000000 1.173701e-02 
10340.000000 1.172790e-02 
10342.000000 1.171878e-02 
10345.000000 1.170967e-02 
10348.000000 1.170055e-02 
10350.000000 1.169143e-02 
10353.000000 1.168232e-02 
10357.000000 1.167320e-02 
10360.000000 1.166206e-02 
10363.000000 1.165295e-02 
10367.000000 1.164383e-02 
10370.000000 1.163471e-02 
10373.000000 1.162560e-02 
10377.000000 1.161648e-02 
10382.000000 1.160737e-02 
10385.000000 1.159521e-02 
10388.000000 1.158711e-02 
10380.000000 1.157799e-02 
10392.000000 1.156888e-02 
10395.000000 1.155976e-02 
10398.000000 1.155065e-02 
10400.000000 1.153849e-02 
10402.000000 1.152938e-02 
10405.000000 1.152026e-02 
10408.000000 1.151115e-02 
10410.000000 1.150000e-02 
10413.000000 1.149089e-02 
10417.000000 1.148177e-02 
10420.000000 1.147266e-02 
10423.000000 1.146354e-02 
10427.000000 1.145139e-02 
10430.000000 1.144227e-02 
10433.000000 1.143316e-02 
10437.000000 1.142404e-02 
10440.000000 1.141290e-02 
10442.000000 1.140378e-02 
10445.000000 1.139467e-02 
10448.000000 1.138251e-02 
10450.000000 1.137340e-02 
10453.000000 1.136428e-02 
10457.000000 1.135517e-02 
10460.000000 1.134301e-02 
10462.000000 1.133491e-02 
10465.000000 1.132579e-02 
10468.000000 1.131364e-02 
10470.000000 1.130452e-02 
10473.000000 1.129541e-02 
10477.000000 1.128325e-02 
10480.000000 1.127414e-02 
10483.000000 1.126502e-02 
10487.000000 1.125388e-02 
10490.000000 1.124476e-02 
10493.000000 1.123565e-02 
10497.000000 1.122349e-02 
10500.000000 1.121438e-02 
10502.000000 1.120526e-02 
10505.000000 1.119311e-02 
10508.000000 1.118399e-02 
10510.000000 1.117285e-02 
10513.000000 1.116373e-02 
10517.000000 1.115462e-02 
10520.000000 1.114246e-02 
10522.000000 1.113335e-02 
10525.000000 1.112119e-02 
10528.000000 1.111208e-02 
10530.000000 1.109992e-02 
10533.000000 1.109182e-02 
10537.000000 1.108271e-02 
10540.000000 1.107055e-02 
10543.000000 1.106144e-02 
10547.000000 1.104928e-02 
10550.000000 1.104017e-02 
10553.000000 1.102801e-02 
10557.000000 1.101890e-02 
10560.000000 1.100775e-02 
10562.000000 1.099864e-02 
10565.000000 1.098648e-02 
10568.000000 1.097737e-02 
10570.000000 1.096521e-02 
10573.000000 1.095610e-02 
10577.000000 1.094394e-02 
10580.000000 1.093483e-02 
10582.000000 1.092369e-02 
10585.000000 1.091457e-02 
10588.000000 1.090242e-02 
10590.000000 1.089330e-02 
10593.000000 1.088115e-02 
10597.000000 1.087203e-02 
10600.000000 1.085988e-02 
10603.000000 1.085076e-02 
10607.000000 1.083962e-02 
10610.000000 1.082747e-02 
10613.000000 1.081835e-02 
10617.000000 1.080620e-02 
10620.000000 1.079708e-02 
10622.000000 1.078493e-02 
10625.000000 1.077581e-02 
10628.000000 1.076366e-02 
10630.000000 1.075251e-02 
10633.000000 1.074340e-02 
10637.000000 1.073124e-02 
10640.000000 1.072213e-02 
10642.000000 1.070997e-02 
10645.000000 1.069782e-02 
10648.000000 1.068870e-02 
10650.000000 1.067756e-02 
10653.000000 1.066541e-02 
10657.000000 1.065629e-02 
10660.000000 1.064414e-02 
10663.000000 1.063198e-02 
10667.000000 1.062287e-02 
10670.000000 1.061071e-02 
10673.000000 1.059856e-02 
10677.000000 1.059046e-02 
10680.000000 1.057830e-02 
10682.000000 1.056615e-02 
10685.000000 1.055703e-02 
10688.000000 1.054488e-02 
10690.000000 1.053272e-02 
10693.000000 1.052361e-02 
10697.000000 1.051247e-02 
10700.000000 1.050031e-02 
10702.000000 1.048816e-02 
10705.000000 1.047904e-02 
10708.000000 1.046689e-02 
10710.000000 1.045473e-02 
10713.000000 1.044258e-02 
10717.000000 1.043346e-02 
10720.000000 1.042232e-02 
10723.000000 1.041017e-02 
10727.000000 1.039801e-02 
10730.000000 1.038890e-02 
10733.000000 1.037674e-02 
10737.000000 1.036459e-02 
10740.000000 1.035243e-02 
10742.000000 1.034129e-02 
10745.000000 1.033218e-02 
10748.000000 1.032002e-02 
10750.000000 1.030787e-02 
10753.000000 1.029571e-02 
10757.000000 1.028356e-02 
10760.000000 1.027141e-02 
10762.000000 1.026330e-02 
10765.000000 1.025115e-02 
10768.000000 1.023899e-02 
10770.000000 1.022684e-02 
10773.000000 1.021469e-02 
10777.000000 1.020253e-02 
10780.000000 1.019342e-02 
10783.000000 1.018227e-02 
10787.000000 1.017012e-02 
10790.000000 1.015797e-02 
10793.000000 1.014581e-02 
10797.000000 1.013366e-02 
10800.000000 1.012150e-02 
10802.000000 1.010935e-02 
10805.000000 1.009821e-02 
10808.000000 1.008909e-02 
10810.000000 1.007694e-02 
10813.000000 1.006478e-02 
10817.000000 1.005263e-02 
10820.000000 1.004047e-02 
10822.000000 1.002832e-02 
10825.000000 1.001718e-02 
10828.000000 1.000502e-02 
10830.000000 9.992869e-03 
10833.000000 9.980715e-03 
10837.000000 9.968561e-03 
10840.000000 9.956407e-03 
10843.000000 9.944252e-03 
10847.000000 9.933111e-03 
10850.000000 9.920956e-03 
10853.000000 9.908802e-03 
10857.000000 9.896648e-03 
10860.000000 9.884494e-03 
10862.000000 9.872339e-03 
10865.000000 9.860185e-03 
10868.000000 9.849043e-03 
10870.000000 9.836889e-03 
10873.000000 9.824735e-03 
10877.000000 9.812581e-03 
10880.000000 9.800426e-03 
10882.000000 9.788272e-03 
10885.000000 9.776118e-03 
10888.000000 9.764976e-03 
10890.000000 9.752822e-03 
10893.000000 9.740668e-03 
10897.000000 9.728513e-03 
10900.000000 9.716359e-03 
10903.000000 9.704205e-03 
10907.000000 9.690025e-03 
10910.000000 9.677870e-03 
10913.000000 9.665716e-03 
10917.000000 9.653562e-03 
10920.000000 9.641407e-03 
10922.000000 9.629253e-03 
10925.000000 9.617099e-03 
10928.000000 9.605957e-03 
10930.000000 9.593803e-03 
10933.000000 9.578610e-03 
10937.000000 9.566456e-03 
10940.000000 9.554301e-03 
10942.000000 9.542147e-03 
10945.000000 9.529993e-03 
10948.000000 9.518851e-03 
10950.000000 9.506697e-03 
10953.000000 9.491504e-03 
10957.000000 9.479350e-03 
10960.000000 9.467196e-03 
10963.000000 9.455041e-03 
10967.000000 9.442887e-03 
10970.000000 9.428707e-03 
10973.000000 9.416553e-03 
10977.000000 9.404398e-03 
10980.000000 9.392244e-03 
10982.000000 9.380090e-03 
10985.000000 9.364897e-03 
10988.000000 9.353755e-03 
10990.000000 9.341601e-03 
10993.000000 9.329447e-03 
10999.000000 9.314254e-03 
11000.000000 9.302099e-03 
11003.000000 9.289945e-03 
