3000.000000 1.079298e-02 
3003.000000 1.079007e-02 
3006.000000 1.078657e-02 
3009.000000 1.078366e-02 
3012.000000 1.078074e-02 
3015.000000 1.077724e-02 
3018.000000 1.077433e-02 
3021.000000 1.077142e-02 
3024.000000 1.076792e-02 
3027.000000 1.076500e-02 
3030.000000 1.076151e-02 
3033.000000 1.075801e-02 
3036.000000 1.075509e-02 
3039.000000 1.075218e-02 
3042.000000 1.074868e-02 
3045.000000 1.074577e-02 
3048.000000 1.074227e-02 
3051.000000 1.073936e-02 
3054.000000 1.073644e-02 
3057.000000 1.073295e-02 
3060.000000 1.073003e-02 
3063.000000 1.072653e-02 
3066.000000 1.072304e-02 
3069.000000 1.072012e-02 
3072.000000 1.071721e-02 
3075.000000 1.071371e-02 
3078.000000 1.071080e-02 
3081.000000 1.070788e-02 
3084.000000 1.070439e-02 
3087.000000 1.070147e-02 
3090.000000 1.069797e-02 
3093.000000 1.069506e-02 
3096.000000 1.069215e-02 
3099.000000 1.068806e-02 
3102.000000 1.068515e-02 
3105.000000 1.068224e-02 
3108.000000 1.067874e-02 
3111.000000 1.067582e-02 
3114.000000 1.067291e-02 
3117.000000 1.066941e-02 
3120.000000 1.066650e-02 
3123.000000 1.066358e-02 
3126.000000 1.066009e-02 
3129.000000 1.065717e-02 
3132.000000 1.065309e-02 
3135.000000 1.065018e-02 
3138.000000 1.064726e-02 
3141.000000 1.064377e-02 
3144.000000 1.064085e-02 
3147.000000 1.063794e-02 
3150.000000 1.063444e-02 
3153.000000 1.063153e-02 
3156.000000 1.062861e-02 
3159.000000 1.062512e-02 
3162.000000 1.062220e-02 
3165.000000 1.061812e-02 
3168.000000 1.061521e-02 
3171.000000 1.061229e-02 
3174.000000 1.060879e-02 
3177.000000 1.060588e-02 
3180.000000 1.060297e-02 
3183.000000 1.059947e-02 
3186.000000 1.059655e-02 
3189.000000 1.059364e-02 
3192.000000 1.059014e-02 
3195.000000 1.058723e-02 
3198.000000 1.058373e-02 
3201.000000 1.058023e-02 
3204.000000 1.057732e-02 
3207.000000 1.057382e-02 
3210.000000 1.057091e-02 
3213.000000 1.056799e-02 
3216.000000 1.056450e-02 
3219.000000 1.056158e-02 
3222.000000 1.055867e-02 
3225.000000 1.055517e-02 
3228.000000 1.055226e-02 
3231.000000 1.054934e-02 
3234.000000 1.054526e-02 
3237.000000 1.054235e-02 
3240.000000 1.053943e-02 
3243.000000 1.053594e-02 
3246.000000 1.053302e-02 
3249.000000 1.052952e-02 
3252.000000 1.052661e-02 
3255.000000 1.052370e-02 
3258.000000 1.052020e-02 
3261.000000 1.051728e-02 
3264.000000 1.051437e-02 
3267.000000 1.051029e-02 
3270.000000 1.050738e-02 
3273.000000 1.050446e-02 
3276.000000 1.050096e-02 
3279.000000 1.049805e-02 
3282.000000 1.049514e-02 
3285.000000 1.049164e-02 
3288.000000 1.048872e-02 
3291.000000 1.048523e-02 
3294.000000 1.048231e-02 
3297.000000 1.047940e-02 
3300.000000 1.047532e-02 
3303.000000 1.047240e-02 
3306.000000 1.046949e-02 
3309.000000 1.046599e-02 
3312.000000 1.046308e-02 
3315.000000 1.046016e-02 
3318.000000 1.045667e-02 
3321.000000 1.045375e-02 
3324.000000 1.045084e-02 
3327.000000 1.044734e-02 
3330.000000 1.044443e-02 
3333.000000 1.044035e-02 
3336.000000 1.043743e-02 
3339.000000 1.043452e-02 
3342.000000 1.043102e-02 
3345.000000 1.042811e-02 
3348.000000 1.042519e-02 
3351.000000 1.042169e-02 
3355.600000 1.016232e-02 
3358.500000 1.011452e-02 
3361.400000 9.594603e-03 
3364.300000 1.058140e-02 
3367.100000 1.003875e-02 
3370.000000 9.441309e-03 
3372.900000 9.919844e-03 
3375.800000 1.002826e-02 
3378.700000 1.061054e-02 
3381.500000 1.044326e-02 
3384.400000 9.905855e-03 
3387.300000 9.899443e-03 
3390.100000 1.036399e-02 
3393.000000 9.374862e-03 
3395.900000 1.033776e-02 
3398.800000 1.100398e-02 
3401.600000 1.043743e-02 
3404.500000 1.044909e-02 
3407.400000 1.123072e-02 
3410.300000 9.809682e-03 
3413.100000 1.078424e-02 
3416.000000 1.017689e-02 
3418.900000 1.012035e-02 
3421.700000 9.930336e-03 
3424.600000 1.060879e-02 
3427.500000 9.826585e-03 
3430.300000 1.061404e-02 
3433.200000 1.059189e-02 
3436.100000 9.948404e-03 
3439.000000 1.080814e-02 
3441.800000 9.571288e-03 
3444.700000 1.041062e-02 
3447.600000 1.090256e-02 
3450.400000 9.884289e-03 
3453.300000 1.071021e-02 
3456.200000 1.070963e-02 
3459.000000 1.005449e-02 
3461.900000 9.665713e-03 
3464.800000 1.067000e-02 
3467.600000 9.348050e-03 
3470.500000 9.385936e-03 
3473.300000 9.488521e-03 
3476.200000 9.352130e-03 
3479.100000 9.255956e-03 
3481.900000 9.595769e-03 
3484.800000 9.436063e-03 
3487.700000 1.041995e-02 
3490.500000 1.032494e-02 
3493.400000 9.858643e-03 
3496.200000 1.003525e-02 
3499.100000 9.848151e-03 
3502.000000 9.950153e-03 
3504.800000 9.849317e-03 
3507.700000 1.020603e-02 
3510.600000 9.816093e-03 
3513.400000 1.000086e-02 
3516.300000 1.026490e-02 
3519.100000 1.034417e-02 
3522.000000 1.000086e-02 
3524.800000 9.953067e-03 
3527.700000 1.095210e-02 
3530.600000 1.026723e-02 
3533.400000 1.088449e-02 
3536.300000 1.026374e-02 
3539.100000 9.813179e-03 
3542.000000 1.020370e-02 
3544.900000 1.013026e-02 
3547.700000 9.677953e-03 
3550.600000 1.037215e-02 
3553.400000 1.035233e-02 
3556.300000 1.015591e-02 
3559.100000 1.018039e-02 
3562.000000 1.052603e-02 
3564.800000 1.023226e-02 
3567.700000 9.592272e-03 
3570.500000 1.026782e-02 
3573.400000 1.104536e-02 
3576.300000 1.043160e-02 
3579.100000 9.894781e-03 
3582.000000 1.098708e-02 
3584.800000 9.774127e-03 
3587.700000 9.792196e-03 
3590.500000 1.012793e-02 
3593.400000 9.668627e-03 
3596.200000 1.011044e-02 
3599.100000 1.020662e-02 
3601.900000 1.027539e-02 
3604.800000 9.719920e-03 
3607.600000 1.081105e-02 
3610.500000 1.035583e-02 
3613.300000 1.070439e-02 
3616.200000 1.093870e-02 
3619.000000 1.080697e-02 
3621.900000 1.043102e-02 
3624.700000 1.061404e-02 
3627.600000 1.050388e-02 
3630.400000 1.086992e-02 
3633.300000 1.089557e-02 
3636.100000 1.127676e-02 
3638.900000 1.024392e-02 
3641.800000 1.018447e-02 
3644.600000 1.037098e-02 
3647.500000 1.200593e-02 
3650.300000 2.152185e-02 
3653.200000 1.046657e-02 
3656.000000 1.031678e-02 
3658.900000 1.028355e-02 
3661.700000 9.979297e-03 
3664.600000 9.717006e-03 
3667.400000 9.608592e-03 
3670.200000 1.001951e-02 
3673.100000 9.482692e-03 
3675.900000 9.638901e-03 
3678.800000 9.338724e-03 
3681.600000 9.834162e-03 
3684.500000 9.957730e-03 
3687.300000 1.065601e-02 
3690.100000 9.690194e-03 
3693.000000 1.003817e-02 
3695.800000 9.175520e-03 
3698.700000 9.257122e-03 
3701.500000 8.948202e-03 
3704.300000 8.645110e-03 
3707.200000 9.582363e-03 
3710.000000 9.040878e-03 
3712.900000 9.329398e-03 
3715.700000 1.031153e-02 
3718.500000 1.786318e-02 
3721.400000 3.605685e-02 
3724.200000 6.432132e-02 
3727.000000 9.440085e-02 
3729.900000 8.821369e-02 
3732.700000 3.786549e-02 
3735.600000 1.283652e-02 
3738.400000 9.058364e-03 
3741.200000 8.721466e-03 
3744.100000 8.034263e-03 
3746.900000 8.908567e-03 
3749.700000 9.696022e-03 
3752.600000 9.865054e-03 
3755.400000 8.361253e-03 
3758.200000 7.612266e-03 
3761.100000 6.957122e-03 
3763.900000 8.281983e-03 
3766.700000 8.592652e-03 
3769.600000 9.869717e-03 
3772.400000 1.053419e-02 
3775.200000 9.172023e-03 
3778.100000 8.165992e-03 
3780.900000 7.808110e-03 
3783.700000 7.639661e-03 
3786.600000 6.937887e-03 
3789.400000 7.738749e-03 
3792.200000 8.655601e-03 
3795.100000 9.128891e-03 
3797.900000 1.096085e-02 
3800.700000 1.149650e-02 
3803.600000 9.170275e-03 
3806.400000 7.752155e-03 
3809.200000 7.600026e-03 
3812.100000 7.112165e-03 
3814.900000 7.255551e-03 
3817.700000 6.988014e-03 
3820.500000 7.426331e-03 
3823.400000 8.134517e-03 
3826.200000 8.153169e-03 
3829.000000 8.567005e-03 
3831.900000 9.160366e-03 
3834.700000 1.151516e-02 
3837.500000 1.243492e-02 
3840.300000 9.784035e-03 
3843.200000 7.570300e-03 
3846.000000 7.219996e-03 
3848.800000 7.937507e-03 
3851.600000 7.602940e-03 
3854.500000 7.605272e-03 
3857.300000 7.669387e-03 
3860.100000 7.136063e-03 
3863.000000 7.747492e-03 
3865.800000 8.186392e-03 
3868.600000 7.233985e-03 
3871.400000 7.543488e-03 
3874.200000 7.495693e-03 
3877.100000 7.529499e-03 
3879.900000 8.711557e-03 
3882.700000 9.916930e-03 
3885.500000 1.156528e-02 
3888.400000 1.509980e-02 
3891.200000 1.746391e-02 
3894.000000 1.188353e-02 
3896.800000 7.493944e-03 
3899.700000 7.741080e-03 
3902.500000 9.552637e-03 
3905.300000 9.391765e-03 
3908.100000 7.834339e-03 
3910.900000 7.245642e-03 
3913.800000 7.582540e-03 
3916.600000 7.304512e-03 
3919.400000 8.049418e-03 
3922.200000 7.505601e-03 
3925.000000 7.468881e-03 
3927.900000 7.400685e-03 
3930.700000 7.240979e-03 
3933.500000 6.816068e-03 
3936.300000 6.926230e-03 
3939.100000 7.432160e-03 
3942.000000 7.488698e-03 
3944.800000 7.662393e-03 
3947.600000 7.170452e-03 
3950.400000 7.110416e-03 
3953.200000 7.170452e-03 
3956.000000 7.530665e-03 
3958.900000 7.513762e-03 
3961.700000 8.709808e-03 
3964.500000 1.014949e-02 
3967.300000 1.332555e-02 
3970.100000 1.932851e-02 
3972.900000 1.905048e-02 
3975.800000 1.052778e-02 
3978.600000 7.233402e-03 
3981.400000 7.084187e-03 
3984.200000 6.982768e-03 
3987.000000 6.984517e-03 
3989.800000 6.997340e-03 
3992.700000 6.723391e-03 
3995.500000 7.199012e-03 
3998.300000 7.158212e-03 
4001.100000 6.579423e-03 
4003.900000 7.390193e-03 
4006.700000 6.864446e-03 
4009.500000 6.898835e-03 
4012.300000 6.810822e-03 
4015.200000 6.986848e-03 
4018.000000 7.003751e-03 
4020.800000 6.699494e-03 
4023.600000 7.169869e-03 
4026.400000 7.199595e-03 
4029.200000 7.122657e-03 
4032.000000 7.239230e-03 
4034.800000 7.018906e-03 
4037.700000 6.921567e-03 
4040.500000 7.445566e-03 
4043.300000 7.051547e-03 
4046.100000 6.832971e-03 
4048.900000 7.187938e-03 
4051.700000 7.266625e-03 
4054.500000 6.864446e-03 
4057.300000 7.057375e-03 
4060.100000 7.512596e-03 
4062.900000 7.359884e-03 
4065.800000 7.897289e-03 
4068.600000 8.850280e-03 
4071.400000 8.779753e-03 
4074.200000 7.974228e-03 
4077.000000 7.735835e-03 
4079.800000 8.007451e-03 
4082.600000 7.039889e-03 
4085.400000 7.401268e-03 
4088.200000 7.377370e-03 
4091.000000 8.435860e-03 
4093.800000 9.925673e-03 
4096.600000 1.191617e-02 
4099.400000 1.848743e-02 
4102.200000 2.889630e-02 
4105.100000 2.733421e-02 
4107.900000 1.127327e-02 
4110.700000 7.379702e-03 
4113.500000 7.107502e-03 
4116.300000 6.970528e-03 
4119.100000 7.206590e-03 
4121.900000 7.106919e-03 
4124.700000 7.312089e-03 
4127.500000 7.058541e-03 
4130.300000 7.133731e-03 
4133.100000 7.034643e-03 
4135.900000 6.770604e-03 
4138.700000 6.725140e-03 
4141.500000 7.247390e-03 
4144.300000 7.176863e-03 
4147.100000 6.862114e-03 
4149.900000 7.001420e-03 
4152.700000 7.085936e-03 
4155.500000 6.766524e-03 
4158.300000 6.673265e-03 
4161.100000 6.678511e-03 
4163.900000 6.965865e-03 
4166.700000 6.915155e-03 
4169.500000 6.986848e-03 
4172.300000 6.809656e-03 
4175.100000 6.686088e-03 
4177.900000 6.726306e-03 
4180.700000 6.810239e-03 
4183.500000 6.565434e-03 
4186.300000 6.744958e-03 
4189.100000 6.561354e-03 
4191.900000 6.951293e-03 
4194.700000 6.765941e-03 
4197.500000 6.196478e-03 
4200.300000 6.510644e-03 
4203.100000 6.671516e-03 
4205.900000 6.535125e-03 
4208.700000 6.491993e-03 
4211.500000 6.496073e-03 
4214.300000 6.538039e-03 
4217.100000 6.382413e-03 
4219.900000 6.740295e-03 
4222.700000 6.353270e-03 
4225.500000 6.546782e-03 
4228.300000 6.519970e-03 
4231.100000 6.373670e-03 
4233.900000 6.574760e-03 
4236.700000 6.389991e-03 
4239.500000 6.405728e-03 
4242.300000 6.556108e-03 
4245.100000 6.818982e-03 
4247.900000 6.673265e-03 
4250.700000 6.513559e-03 
4253.500000 6.609149e-03 
4256.300000 6.689002e-03 
4259.100000 6.590497e-03 
4261.900000 6.646453e-03 
4264.700000 6.423214e-03 
4267.500000 6.935556e-03 
4270.300000 6.570097e-03 
4273.100000 6.606235e-03 
4275.800000 6.351521e-03 
4278.600000 6.410391e-03 
4281.400000 6.505981e-03 
4284.200000 6.486747e-03 
4287.000000 6.829474e-03 
4289.800000 6.310720e-03 
4292.600000 6.557857e-03 
4295.400000 6.542119e-03 
4298.200000 6.404562e-03 
4301.000000 6.937887e-03 
4303.800000 6.631881e-03 
4306.600000 6.581171e-03 
4309.400000 6.511227e-03 
4312.200000 6.324126e-03 
4315.000000 6.358516e-03 
4317.700000 6.789256e-03 
4320.500000 6.552611e-03 
4323.300000 6.540371e-03 
4326.100000 6.998506e-03 
4328.900000 8.944704e-03 
4331.700000 1.168127e-02 
4334.500000 1.433449e-02 
4337.300000 2.259957e-02 
4340.100000 4.579891e-02 
4342.900000 5.476693e-02 
4345.700000 2.774455e-02 
4348.400000 7.707274e-03 
4351.200000 6.734466e-03 
4354.000000 6.408059e-03 
4356.800000 6.552028e-03 
4359.600000 6.751952e-03 
4362.400000 6.532793e-03 
4365.200000 6.776433e-03 
4368.000000 6.957705e-03 
4370.800000 6.689002e-03 
4373.500000 6.522302e-03 
4376.300000 6.327041e-03 
4379.100000 6.308389e-03 
4381.900000 6.500736e-03 
4384.700000 6.152180e-03 
4387.500000 6.440700e-03 
4390.300000 6.377750e-03 
4393.100000 6.221541e-03 
4395.900000 6.466346e-03 
4398.600000 6.305475e-03 
4401.400000 6.012874e-03 
4404.200000 6.162089e-03 
4407.000000 6.411557e-03 
4409.800000 6.380082e-03 
4412.600000 6.416802e-03 
4415.400000 6.513559e-03 
4418.100000 6.434289e-03 
4420.900000 6.140523e-03 
4423.700000 6.084567e-03 
4426.500000 5.945844e-03 
4429.300000 6.121288e-03 
4432.100000 6.048429e-03 
4434.900000 6.004714e-03 
4437.600000 6.013457e-03 
4440.400000 6.325875e-03 
4443.200000 5.952839e-03 
4446.000000 6.506564e-03 
4448.800000 6.106133e-03 
4451.600000 6.427294e-03 
4454.400000 6.499570e-03 
4457.100000 6.182489e-03 
4459.900000 6.560188e-03 
4462.700000 6.725140e-03 
4465.500000 6.471592e-03 
4468.300000 6.651699e-03 
4471.100000 7.338901e-03 
4473.800000 7.684542e-03 
4476.600000 6.982768e-03 
4479.400000 6.297897e-03 
4482.200000 6.373670e-03 
4485.000000 6.227370e-03 
4487.800000 6.649950e-03 
4490.500000 6.269920e-03 
4493.300000 6.139357e-03 
4496.100000 6.216878e-03 
4498.900000 6.312469e-03 
4501.700000 6.316549e-03 
4504.500000 6.419717e-03 
4507.200000 6.120122e-03 
4510.000000 6.086899e-03 
4512.800000 6.356184e-03 
4515.600000 6.413305e-03 
4518.400000 6.333452e-03 
4521.100000 6.350355e-03 
4523.900000 6.184238e-03 
4526.700000 6.086899e-03 
4529.500000 6.078156e-03 
4532.300000 6.273417e-03 
4535.100000 5.942930e-03 
4537.800000 6.163255e-03 
4540.600000 5.810619e-03 
4543.400000 5.592626e-03 
4546.200000 5.886975e-03 
4549.000000 6.099722e-03 
4551.700000 6.367259e-03 
4554.500000 6.069413e-03 
4557.300000 6.438369e-03 
4560.100000 6.293817e-03 
4562.900000 6.380082e-03 
4565.600000 6.262342e-03 
4568.400000 6.176661e-03 
4571.200000 6.534542e-03 
4574.000000 6.702991e-03 
4576.800000 6.561937e-03 
4579.500000 6.303143e-03 
4582.300000 6.082236e-03 
4585.100000 6.247188e-03 
4587.900000 6.351521e-03 
4590.600000 6.271668e-03 
4593.400000 6.348607e-03 
4596.200000 6.212798e-03 
4599.000000 6.058338e-03 
4601.800000 6.046098e-03 
4604.500000 6.221541e-03 
4607.300000 6.087482e-03 
4610.100000 6.283908e-03 
4612.900000 6.206387e-03 
4615.600000 6.184821e-03 
4618.400000 6.170832e-03 
4621.200000 6.254765e-03 
4624.000000 6.394071e-03 
4626.800000 6.077573e-03 
4629.500000 6.071744e-03 
4632.300000 6.553777e-03 
4635.100000 6.628967e-03 
4637.900000 6.784593e-03 
4640.600000 6.948379e-03 
4643.400000 6.721060e-03 
4646.200000 6.751369e-03 
4649.000000 6.377167e-03 
4651.700000 6.662190e-03 
4654.500000 6.417385e-03 
4657.300000 6.560188e-03 
4660.100000 6.159757e-03 
4662.800000 6.471009e-03 
4665.600000 6.413305e-03 
4668.400000 6.307806e-03 
4671.200000 6.201141e-03 
4674.000000 6.100888e-03 
4676.700000 5.937101e-03 
4679.500000 6.315383e-03 
4682.300000 6.067081e-03 
4685.100000 5.885809e-03 
4687.800000 5.793716e-03 
4690.600000 5.959250e-03 
4693.400000 5.829854e-03 
4696.200000 5.930107e-03 
4698.900000 6.050761e-03 
4701.700000 6.181906e-03 
4704.500000 6.300229e-03 
4707.200000 6.256514e-03 
4710.000000 5.867740e-03 
4712.800000 6.026280e-03 
4715.600000 6.250102e-03 
4718.300000 5.945844e-03 
4721.100000 5.881146e-03 
4723.900000 5.799544e-03 
4726.700000 5.845008e-03 
4729.400000 5.838014e-03 
4732.200000 6.030943e-03 
4735.000000 6.193564e-03 
4737.800000 5.937101e-03 
4740.500000 5.767487e-03 
4743.300000 5.964496e-03 
4746.100000 5.736012e-03 
4748.900000 5.692879e-03 
4751.600000 5.786138e-03 
4754.400000 5.860163e-03 
4757.200000 6.017537e-03 
4759.900000 5.739509e-03 
4762.700000 5.611861e-03 
4765.500000 5.834517e-03 
4768.300000 5.909124e-03 
4771.000000 5.748835e-03 
4773.800000 5.722606e-03 
4776.600000 5.600203e-03 
4779.400000 5.645084e-03 
4782.100000 5.791967e-03 
4784.900000 5.875900e-03 
4787.700000 5.858997e-03 
4790.400000 5.832185e-03 
4793.200000 5.667816e-03 
4796.000000 5.891638e-03 
4798.800000 5.842094e-03 
4801.500000 5.936519e-03 
4804.300000 5.823442e-03 
4807.100000 5.564648e-03 
4809.800000 5.780310e-03 
4812.600000 5.975571e-03 
4815.400000 5.701040e-03 
4818.200000 5.928941e-03 
4820.900000 5.861329e-03 
4823.700000 5.624101e-03 
4826.500000 5.895135e-03 
4829.200000 5.847340e-03 
4832.000000 5.741258e-03 
4834.800000 5.824608e-03 
4837.500000 5.873569e-03 
4840.300000 5.901546e-03 
4843.100000 6.187735e-03 
4845.900000 6.507730e-03 
4848.600000 9.385936e-03 
4851.400000 1.499838e-02 
4854.200000 2.087545e-02 
4856.900000 2.981549e-02 
4859.700000 7.493711e-02 
4862.500000 1.475725e-01 
4865.300000 1.179400e-01 
4868.000000 1.909886e-02 
4870.800000 6.341030e-03 
4873.600000 6.098556e-03 
4876.300000 5.875900e-03 
4879.100000 5.607198e-03 
4881.900000 5.557071e-03 
4884.600000 5.734263e-03 
4887.400000 5.781475e-03 
4890.200000 5.637507e-03 
4892.900000 5.657324e-03 
4895.700000 5.875900e-03 
4898.500000 5.803042e-03 
4901.300000 5.687051e-03 
4904.000000 5.680639e-03 
4906.800000 5.850254e-03 
4909.600000 5.833351e-03 
4912.300000 5.741840e-03 
4915.100000 5.817030e-03 
4917.900000 5.923113e-03 
4920.600000 6.207553e-03 
4923.400000 6.408642e-03 
4926.200000 6.443614e-03 
4928.900000 5.823442e-03 
4931.700000 5.926027e-03 
4934.500000 5.793716e-03 
4937.300000 5.907375e-03 
4940.000000 5.740092e-03 
4942.800000 6.079321e-03 
4945.600000 6.029778e-03 
4948.300000 6.220959e-03 
4951.100000 6.804993e-03 
4953.900000 7.351141e-03 
4956.600000 9.454132e-03 
4959.400000 1.494534e-02 
4962.200000 1.543203e-02 
4964.900000 7.705525e-03 
4967.700000 5.635758e-03 
4970.500000 5.954588e-03 
4973.200000 5.860746e-03 
4976.000000 5.672479e-03 
4978.800000 5.780893e-03 
4981.500000 5.866574e-03 
4984.300000 5.685302e-03 
4987.100000 5.702205e-03 
4989.900000 5.890472e-03 
4992.600000 6.033275e-03 
4995.400000 7.117994e-03 
4998.200000 8.373493e-03 
5000.900000 9.762469e-03 
5003.700000 1.313378e-02 
5006.500000 2.904435e-02 
5009.200000 3.761252e-02 
5012.000000 1.958497e-02 
5014.800000 6.899418e-03 
5017.500000 7.377953e-03 
5020.300000 6.469844e-03 
5023.100000 5.851420e-03 
5025.800000 5.693462e-03 
5028.600000 5.774481e-03 
5031.400000 5.653827e-03 
5034.100000 5.850837e-03 
5036.900000 5.614775e-03 
5039.700000 6.014040e-03 
5042.400000 6.032692e-03 
5045.200000 5.975571e-03 
5048.000000 5.807122e-03 
5050.700000 5.840345e-03 
5053.500000 6.039104e-03 
5056.300000 5.837431e-03 
5059.000000 5.843260e-03 
5061.800000 5.799544e-03 
5064.600000 5.565814e-03 
5067.300000 5.785556e-03 
5070.100000 5.648581e-03 
5072.900000 5.527345e-03 
5075.600000 5.717360e-03 
5078.400000 5.678308e-03 
5081.200000 5.793133e-03 
5083.900000 5.883478e-03 
5086.700000 5.794299e-03 
5089.500000 5.657324e-03 
5092.200000 5.784973e-03 
5095.000000 5.689965e-03 
5097.800000 5.606615e-03 
5100.500000 5.674811e-03 
5103.300000 5.779727e-03 
5106.100000 5.641587e-03 
5108.800000 5.901546e-03 
5111.600000 5.646833e-03 
5114.400000 5.675393e-03 
5117.100000 5.727852e-03 
5119.900000 5.983731e-03 
5122.700000 5.853168e-03 
5125.400000 5.937101e-03 
5128.200000 5.832768e-03 
5131.000000 5.916118e-03 
5133.700000 5.772150e-03 
5136.500000 6.045515e-03 
5139.300000 5.582717e-03 
5142.000000 5.748835e-03 
5144.800000 5.874735e-03 
5147.600000 6.027446e-03 
5150.300000 5.934187e-03 
5153.100000 5.884060e-03 
5155.900000 5.801876e-03 
5158.600000 5.802459e-03 
5161.400000 5.694628e-03 
5164.200000 5.694628e-03 
5166.900000 5.726103e-03 
5169.700000 5.618272e-03 
5172.500000 5.561151e-03 
5175.200000 5.701040e-03 
5178.000000 5.829854e-03 
5180.800000 5.643918e-03 
5183.500000 5.847340e-03 
5186.300000 5.607781e-03 
5189.100000 5.695794e-03 
5191.800000 5.659656e-03 
5194.600000 6.086899e-03 
5197.400000 6.104385e-03 
5200.100000 6.624304e-03 
5202.900000 6.306640e-03 
5205.700000 5.828688e-03 
5208.400000 5.666067e-03 
5211.200000 5.516853e-03 
5214.000000 5.531425e-03 
5216.700000 5.706868e-03 
5219.500000 5.770984e-03 
5222.300000 5.747669e-03 
5225.000000 5.670730e-03 
5227.800000 5.462646e-03 
5230.600000 5.702788e-03 
5233.300000 5.800127e-03 
5236.100000 5.713280e-03 
5238.900000 5.672479e-03 
5241.600000 5.589129e-03 
5244.400000 5.519767e-03 
5247.200000 5.802459e-03 
5249.900000 5.776813e-03 
5252.700000 5.769235e-03 
5255.500000 5.727852e-03 
5258.200000 5.662570e-03 
5261.000000 5.623518e-03 
5263.800000 5.812368e-03 
5266.500000 5.666067e-03 
5269.300000 5.842094e-03 
5272.100000 5.781475e-03 
5274.800000 5.897466e-03 
5277.600000 5.843842e-03 
5280.400000 5.658490e-03 
5283.100000 5.706868e-03 
5285.900000 5.630512e-03 
5288.700000 5.624101e-03 
5291.400000 5.691131e-03 
5294.200000 5.597872e-03 
5297.000000 5.619438e-03 
5299.700000 5.901546e-03 
5302.500000 5.820528e-03 
5305.300000 5.555905e-03 
5308.000000 5.606615e-03 
5310.800000 5.695794e-03 
5313.600000 5.751749e-03 
5316.300000 5.655576e-03 
5319.100000 5.700457e-03 
5321.900000 5.624684e-03 
5324.600000 5.748835e-03 
5327.400000 5.695211e-03 
5330.200000 5.786138e-03 
5332.900000 5.548911e-03 
5335.700000 5.713863e-03 
5338.500000 5.551242e-03 
5341.200000 5.893386e-03 
5344.000000 5.631678e-03 
5346.800000 5.710948e-03 
5349.500000 5.478384e-03 
5352.300000 5.713280e-03 
5355.100000 5.587380e-03 
5357.800000 5.594957e-03 
5360.600000 5.565231e-03 
5363.400000 5.650330e-03 
5366.100000 5.492373e-03 
5368.900000 5.662570e-03 
5371.700000 5.586214e-03 
5374.500000 5.503447e-03 
5377.200000 5.589712e-03 
5380.000000 5.542499e-03 
5382.800000 5.597872e-03 
5385.500000 5.639256e-03 
5388.300000 5.721440e-03 
5391.100000 5.623518e-03 
5393.800000 5.628181e-03 
5396.600000 5.546579e-03 
5399.400000 5.406691e-03 
5402.100000 5.587963e-03 
5404.900000 5.534922e-03 
5407.700000 5.556488e-03 
5410.400000 5.265637e-03 
5413.200000 5.351318e-03 
5416.000000 5.390953e-03 
5418.700000 5.465561e-03 
5421.500000 5.457400e-03 
5424.300000 5.650330e-03 
5427.000000 5.512773e-03 
5429.800000 5.513939e-03 
5432.600000 5.585632e-03 
5435.300000 5.393285e-03 
5438.100000 5.370553e-03 
5440.900000 5.477218e-03 
5443.600000 5.638673e-03 
5446.400000 5.405525e-03 
5449.200000 5.596706e-03 
5451.900000 5.432337e-03 
5454.700000 5.518602e-03 
5457.500000 5.442246e-03 
5460.200000 5.556488e-03 
5463.000000 5.700457e-03 
5465.800000 5.569311e-03 
5468.500000 5.592043e-03 
5471.300000 5.678891e-03 
5474.100000 5.625850e-03 
5476.800000 5.632261e-03 
5479.600000 5.638673e-03 
5482.400000 5.580386e-03 
5485.100000 5.516853e-03 
5487.900000 5.378713e-03 
5490.700000 5.502281e-03 
5493.400000 5.457400e-03 
5496.200000 5.650913e-03 
5499.000000 5.638090e-03 
5501.700000 5.829854e-03 
5504.500000 5.449240e-03 
5507.300000 5.673062e-03 
5510.000000 5.541334e-03 
5512.800000 5.796630e-03 
5515.600000 5.764572e-03 
5518.400000 5.649164e-03 
5521.100000 5.527928e-03 
5523.900000 5.614775e-03 
5526.700000 5.548328e-03 
5529.400000 5.520933e-03 
5532.200000 5.501698e-03 
5535.000000 5.657907e-03 
5537.700000 5.722606e-03 
5540.500000 5.824025e-03 
5543.300000 5.654993e-03 
5546.000000 5.439332e-03 
5548.800000 5.589129e-03 
5551.600000 5.582134e-03 
5554.300000 5.390953e-03 
5557.100000 5.793716e-03 
5559.900000 5.766321e-03 
5562.600000 5.537836e-03 
5565.400000 5.564648e-03 
5568.200000 5.637507e-03 
5570.900000 5.572808e-03 
5573.700000 5.434669e-03 
5576.500000 5.555905e-03 
5579.200000 5.715611e-03 
5582.000000 5.536671e-03 
5584.800000 5.495870e-03 
5587.600000 5.498201e-03 
5590.300000 5.539002e-03 
5593.100000 5.336164e-03 
5595.900000 5.267968e-03 
5598.600000 5.544831e-03 
5601.400000 5.505779e-03 
5604.200000 5.486544e-03 
5606.900000 5.445743e-03 
5609.700000 5.438166e-03 
5612.500000 5.588546e-03 
5615.200000 5.550659e-03 
5618.000000 5.517436e-03 
5620.800000 5.525013e-03 
5623.500000 5.565231e-03 
5626.300000 5.462063e-03 
5629.100000 5.545997e-03 
5631.900000 5.564648e-03 
5634.600000 5.458566e-03 
5637.400000 5.594957e-03 
5640.200000 5.605449e-03 
5642.900000 5.558820e-03 
5645.700000 5.500533e-03 
5648.500000 5.582134e-03 
5651.200000 5.533756e-03 
5654.000000 5.492373e-03 
5656.800000 5.488292e-03 
5659.500000 5.575723e-03 
5662.300000 5.425926e-03 
5665.100000 5.529676e-03 
5667.900000 5.559402e-03 
5670.600000 5.410188e-03 
5673.400000 5.495870e-03 
5676.200000 5.646250e-03 
5678.900000 5.631095e-03 
5681.700000 5.436417e-03 
5684.500000 5.607781e-03 
5687.200000 5.587380e-03 
5690.000000 5.671896e-03 
5692.800000 5.874735e-03 
5695.500000 6.634795e-03 
5698.300000 6.911075e-03 
5701.100000 6.149266e-03 
5703.900000 5.342575e-03 
5706.600000 5.523847e-03 
5709.400000 5.478967e-03 
5712.200000 5.358313e-03 
5714.900000 5.413685e-03 
5717.700000 5.442829e-03 
5720.500000 5.471389e-03 
5723.200000 5.319843e-03 
5726.000000 5.436417e-03 
5728.800000 5.455652e-03 
5731.600000 5.302940e-03 
5734.300000 5.437583e-03 
5737.100000 5.401445e-03 
5739.900000 5.434669e-03 
5742.600000 5.480715e-03 
5745.400000 5.597289e-03 
5748.200000 5.916118e-03 
5751.000000 6.350355e-03 
5753.700000 9.787533e-03 
5756.500000 1.348059e-02 
5759.300000 1.036108e-02 
5762.000000 5.680639e-03 
5764.800000 5.351901e-03 
5767.600000 5.362976e-03 
5770.300000 5.210847e-03 
5773.100000 5.293614e-03 
5775.900000 5.262722e-03 
5778.700000 5.117005e-03 
5781.400000 5.031906e-03 
5784.200000 4.999848e-03 
5787.000000 5.182869e-03 
5789.700000 5.360061e-03 
5792.500000 5.307020e-03 
5795.300000 5.209098e-03 
5798.100000 5.003346e-03 
5800.800000 5.125748e-03 
5803.600000 5.010340e-03 
5806.400000 5.095439e-03 
5809.100000 5.163635e-03 
5811.900000 5.172960e-03 
5814.700000 5.044729e-03 
5817.500000 5.355398e-03 
5820.200000 5.506361e-03 
5823.000000 5.325672e-03 
5825.800000 5.509276e-03 
5828.500000 5.534922e-03 
5831.300000 5.619438e-03 
5834.100000 5.477801e-03 
5836.900000 5.293614e-03 
5839.600000 5.412520e-03 
5842.400000 5.439332e-03 
5845.200000 5.323341e-03 
5848.000000 5.311100e-03 
5850.700000 5.258059e-03 
5853.500000 5.307603e-03 
5856.300000 5.375216e-03 
5859.000000 5.308186e-03 
5861.800000 5.378713e-03 
5864.600000 5.322758e-03 
5867.400000 5.686468e-03 
5870.100000 6.159174e-03 
5872.900000 7.523087e-03 
5875.700000 1.432866e-02 
5878.500000 1.740271e-02 
5881.200000 9.686696e-03 
5884.000000 5.365890e-03 
5886.800000 5.038318e-03 
5889.500000 4.515484e-03 
5892.300000 4.478181e-03 
5895.100000 4.633224e-03 
5897.900000 4.571440e-03 
5900.600000 5.091359e-03 
5903.400000 5.163052e-03 
5906.200000 5.376382e-03 
5909.000000 5.298860e-03 
5911.700000 5.209098e-03 
5914.500000 5.211430e-03 
5917.300000 5.174709e-03 
5920.000000 5.230082e-03 
5922.800000 5.158972e-03 
5925.600000 5.251065e-03 
5928.400000 5.248151e-03 
5931.100000 5.276128e-03 
5933.900000 5.240573e-03 
5936.700000 5.255728e-03 
5939.500000 5.249899e-03 
5942.200000 5.257476e-03 
5945.000000 5.350735e-03 
5947.800000 5.230664e-03 
5950.600000 5.159555e-03 
5953.300000 5.199772e-03 
5956.100000 5.426508e-03 
5958.900000 5.566397e-03 
5961.700000 5.495287e-03 
5964.400000 5.259225e-03 
5967.200000 5.154309e-03 
5970.000000 5.217259e-03 
5972.800000 5.146149e-03 
5975.500000 5.176458e-03 
5978.300000 5.192195e-03 
5981.100000 5.377547e-03 
5983.900000 5.274380e-03 
5986.600000 5.030740e-03 
5989.400000 5.037152e-03 
5992.200000 5.199772e-03 
5995.000000 5.142068e-03 
5997.700000 5.026660e-03 
6000.500000 5.226002e-03 
6003.300000 5.123417e-03 
6006.100000 5.126331e-03 
6008.800000 4.913584e-03 
6011.600000 5.071541e-03 
6014.400000 5.125748e-03 
6017.200000 5.168880e-03 
6019.900000 5.276711e-03 
6022.700000 5.205601e-03 
6025.500000 5.220173e-03 
6028.300000 5.105931e-03 
6031.000000 5.059301e-03 
6033.800000 5.177041e-03 
6036.600000 4.947390e-03 
6039.400000 5.044729e-03 
6042.100000 5.093690e-03 
6044.900000 5.369387e-03 
6047.700000 5.660239e-03 
6050.500000 5.578054e-03 
6053.300000 5.174126e-03 
6056.000000 5.040649e-03 
6058.800000 5.017335e-03 
6061.600000 4.985860e-03 
6064.400000 5.047644e-03 
6067.100000 5.207350e-03 
6069.900000 5.003346e-03 
6072.700000 5.121668e-03 
6075.500000 5.013837e-03 
6078.200000 5.208515e-03 
6081.000000 5.143817e-03 
6083.800000 5.134491e-03 
6086.600000 4.978865e-03 
6089.400000 5.122834e-03 
6092.100000 5.155474e-03 
6094.900000 5.094273e-03 
6097.700000 5.112342e-03 
6100.500000 5.118171e-03 
6103.200000 5.082616e-03 
6106.000000 5.063964e-03 
6108.800000 4.944476e-03 
6111.600000 5.072707e-03 
6114.400000 5.156640e-03 
6117.100000 5.137988e-03 
6119.900000 5.008591e-03 
6122.700000 5.074456e-03 
6125.500000 5.028409e-03 
6128.200000 5.104182e-03 
6131.000000 5.167132e-03 
6133.800000 5.181704e-03 
6136.600000 5.080284e-03 
6139.400000 4.984111e-03 
6142.100000 4.999848e-03 
6144.900000 4.965459e-03 
6147.700000 5.133325e-03 
6150.500000 5.024912e-03 
6153.300000 5.090776e-03 
6156.000000 5.103599e-03 
6158.800000 5.037735e-03 
6161.600000 4.988774e-03 
6164.400000 5.016169e-03 
6167.200000 4.945059e-03 
6169.900000 4.847720e-03 
6172.700000 4.791181e-03 
6175.500000 4.774861e-03 
6178.300000 4.869869e-03 
6181.100000 4.831399e-03 
6183.800000 4.977117e-03 
6186.600000 4.813330e-03 
6189.400000 4.899012e-03 
6192.200000 4.954968e-03 
6195.000000 4.923493e-03 
6197.700000 4.914167e-03 
6200.500000 4.919995e-03 
6203.300000 4.933984e-03 
6206.100000 4.836062e-03 
6208.900000 4.816245e-03 
6211.600000 5.001014e-03 
6214.400000 4.899595e-03 
6217.200000 4.825571e-03 
6220.000000 4.918247e-03 
6222.800000 4.977117e-03 
6225.500000 4.940979e-03 
6228.300000 4.982945e-03 
6231.100000 5.031906e-03 
6233.900000 4.875697e-03 
6236.700000 4.911835e-03 
6239.400000 4.852966e-03 
6242.200000 4.933401e-03 
6245.000000 4.980614e-03 
6247.800000 4.913584e-03 
6250.600000 4.883858e-03 
6253.400000 4.938647e-03 
6256.100000 4.939230e-03 
6258.900000 4.990523e-03 
6261.700000 4.851217e-03 
6264.500000 5.007426e-03 
6267.300000 4.763787e-03 
6270.100000 4.841308e-03 
6272.800000 4.752129e-03 
6275.600000 4.703751e-03 
6278.400000 4.597669e-03 
6281.200000 4.454866e-03 
6284.000000 4.438546e-03 
6286.700000 4.434466e-03 
6289.500000 4.565028e-03 
6292.300000 4.718323e-03 
6295.100000 4.862291e-03 
6297.900000 5.681805e-03 
6300.700000 1.052136e-02 
6303.400000 1.187012e-02 
6306.200000 7.131400e-03 
6309.000000 4.996934e-03 
6311.800000 5.539002e-03 
6314.600000 6.063001e-03 
6317.400000 5.437000e-03 
6320.200000 4.749798e-03 
6322.900000 4.819159e-03 
6325.700000 4.907755e-03 
6328.500000 4.993437e-03 
6331.300000 4.904841e-03 
6334.100000 4.903092e-03 
6336.900000 4.996351e-03 
6339.600000 4.855297e-03 
6342.400000 4.932236e-03 
6345.200000 5.017917e-03 
6348.000000 5.224253e-03 
6350.800000 5.273797e-03 
6353.600000 4.982362e-03 
6356.400000 4.823822e-03 
6359.100000 4.898429e-03 
6361.900000 5.139737e-03 
6364.700000 7.102839e-03 
6367.500000 7.004334e-03 
6370.300000 5.402611e-03 
6373.100000 5.104182e-03 
6375.900000 4.924076e-03 
6378.600000 4.897264e-03 
6381.400000 5.059301e-03 
6384.200000 4.938064e-03 
6387.000000 4.829068e-03 
6389.800000 4.906589e-03 
6392.600000 4.797010e-03 
6395.400000 4.925241e-03 
6398.100000 4.914750e-03 
6400.900000 4.852966e-03 
6403.700000 4.956133e-03 
6406.500000 4.836062e-03 
6409.300000 4.883858e-03 
6412.100000 4.941562e-03 
6414.900000 5.027243e-03 
6417.700000 4.943893e-03 
6420.400000 4.917664e-03 
6423.200000 4.888521e-03 
6426.000000 4.739889e-03 
6428.800000 4.834314e-03 
6431.600000 4.750381e-03 
6434.400000 4.919995e-03 
6437.200000 4.865789e-03 
6440.000000 4.868120e-03 
6442.700000 4.721237e-03 
6445.500000 4.778358e-03 
6448.300000 4.792347e-03 
6451.100000 4.912418e-03 
6453.900000 4.744552e-03 
6456.700000 4.868120e-03 
6459.500000 4.873949e-03 
6462.300000 4.924658e-03 
6465.100000 4.872783e-03 
6467.800000 4.917664e-03 
6470.600000 4.840142e-03 
6473.400000 4.846554e-03 
6476.200000 4.801090e-03 
6479.000000 4.977699e-03 
6481.800000 4.887938e-03 
6484.600000 4.890269e-03 
6487.400000 4.974785e-03 
6490.200000 4.927573e-03 
6493.000000 4.919995e-03 
6495.700000 4.931070e-03 
6498.500000 4.955550e-03 
6501.300000 5.311683e-03 
6504.100000 5.382793e-03 
6506.900000 4.595920e-03 
6509.700000 5.154892e-03 
6512.500000 5.188698e-03 
6515.300000 5.484795e-03 
6518.100000 6.012874e-03 
6520.900000 5.187532e-03 
6523.700000 4.722986e-03 
6526.400000 5.219590e-03 
6529.200000 5.410188e-03 
6532.000000 3.938444e-03 
6534.800000 5.047644e-03 
6537.600000 5.636924e-03 
6540.400000 5.531425e-03 
6543.200000 7.850077e-03 
6546.000000 3.398475e-02 
6548.800000 1.502356e-01 
6551.600000 1.636002e-01 
6554.400000 4.438313e-02 
6557.200000 1.534460e-02 
6559.900000 8.837049e-02 
6562.700000 6.483727e-01 
6565.500000 1.000000e+00 
6568.300000 4.113987e-01 
6571.100000 2.773873e-02 
6573.900000 7.196681e-03 
6576.700000 9.155703e-03 
6579.500000 2.274296e-02 
6582.300000 1.900992e-01 
6585.100000 5.502002e-01 
6587.900000 3.854820e-01 
6590.700000 4.931595e-02 
6593.500000 7.066701e-03 
6596.300000 5.867157e-03 
6599.100000 5.324506e-03 
6601.800000 5.263305e-03 
6604.600000 5.156640e-03 
6607.400000 5.769818e-03 
6610.200000 4.643133e-03 
6613.000000 5.381628e-03 
6615.800000 5.311100e-03 
6618.600000 4.325469e-03 
6621.400000 4.624481e-03 
6624.200000 6.017537e-03 
6627.000000 5.450406e-03 
6629.800000 5.140903e-03 
6632.600000 4.525393e-03 
6635.400000 4.885606e-03 
6638.200000 4.525393e-03 
6641.000000 4.966042e-03 
6643.800000 4.961962e-03 
6646.600000 4.841308e-03 
6649.400000 5.016169e-03 
6652.200000 4.845388e-03 
6655.000000 4.839560e-03 
6657.800000 4.841891e-03 
6660.600000 4.813913e-03 
6663.400000 4.730563e-03 
6666.200000 4.779524e-03 
6668.900000 4.830234e-03 
6671.700000 4.919413e-03 
6674.500000 4.936899e-03 
6677.300000 6.462266e-03 
6680.100000 9.591689e-03 
6682.900000 7.931096e-03 
6685.700000 5.211430e-03 
6688.500000 4.829651e-03 
6691.300000 4.838394e-03 
6694.100000 4.793513e-03 
6696.900000 4.994020e-03 
6699.700000 4.747466e-03 
6702.500000 4.863457e-03 
6705.300000 4.904841e-03 
6708.100000 4.910087e-03 
6710.900000 4.974202e-03 
6713.700000 5.141486e-03 
6716.500000 7.771390e-03 
6719.300000 9.873797e-03 
6722.100000 7.043969e-03 
6724.900000 5.125748e-03 
6727.700000 5.267385e-03 
6730.500000 9.963559e-03 
6733.300000 1.541513e-02 
6736.100000 1.052894e-02 
6738.900000 5.255145e-03 
6741.700000 4.600583e-03 
6744.500000 4.890852e-03 
6747.300000 5.020832e-03 
6750.100000 4.924076e-03 
6752.900000 4.806919e-03 
6755.700000 4.887355e-03 
6758.500000 4.757375e-03 
6761.300000 4.835479e-03 
6764.100000 4.746883e-03 
6766.900000 4.762038e-03 
6769.700000 4.872783e-03 
6772.500000 4.741638e-03 
6775.300000 4.713660e-03 
6778.100000 4.749798e-03 
6780.900000 4.766701e-03 
6783.700000 4.876280e-03 
6786.500000 4.756792e-03 
6789.300000 4.857628e-03 
6792.100000 4.929321e-03 
6794.900000 4.780690e-03 
6797.700000 4.784770e-03 
6800.500000 4.746301e-03 
6803.400000 4.739889e-03 
6806.200000 4.831399e-03 
6809.000000 4.818576e-03 
6811.800000 4.869286e-03 
6814.600000 4.695591e-03 
6817.400000 4.862874e-03 
6820.200000 4.647213e-03 
6823.000000 4.700837e-03 
6825.800000 4.811582e-03 
6828.600000 4.844805e-03 
6831.400000 4.769615e-03 
6834.200000 4.801090e-03 
6837.000000 4.645464e-03 
6839.800000 4.591257e-03 
6842.600000 4.733477e-03 
6845.400000 4.692677e-03 
6848.200000 4.707831e-03 
6851.000000 4.783021e-03 
6853.800000 4.600583e-03 
6856.600000 4.619818e-03 
6859.400000 4.662367e-03 
6862.200000 4.537051e-03 
6865.100000 4.405905e-03 
6867.900000 3.696554e-03 
6870.700000 3.443589e-03 
6873.500000 3.506539e-03 
6876.300000 3.856260e-03 
6879.100000 4.081830e-03 
6881.900000 4.408820e-03 
6884.700000 4.260771e-03 
6887.500000 4.193741e-03 
6890.300000 3.947770e-03 
6893.100000 4.008389e-03 
6895.900000 4.018880e-03 
6898.700000 4.186164e-03 
6901.500000 4.210644e-03 
6904.300000 4.298074e-03 
6907.200000 4.538799e-03 
6910.000000 4.381425e-03 
6912.800000 4.422225e-03 
6915.600000 4.501496e-03 
6918.400000 4.319058e-03 
6921.200000 4.443792e-03 
6924.000000 4.463609e-03 
6926.800000 4.501496e-03 
6929.600000 4.467106e-03 
6932.400000 4.601749e-03 
6935.200000 4.543462e-03 
6938.100000 4.575520e-03 
6940.900000 4.562697e-03 
6943.700000 4.576103e-03 
6946.500000 4.540548e-03 
6949.300000 4.495084e-03 
6952.100000 4.521313e-03 
6954.900000 4.587760e-03 
6957.700000 4.530639e-03 
6960.500000 4.587177e-03 
6963.300000 4.546377e-03 
6966.200000 4.681019e-03 
6969.000000 4.717740e-03 
6971.800000 4.597669e-03 
6974.600000 4.599418e-03 
6977.400000 4.648379e-03 
6980.200000 4.476432e-03 
6983.000000 4.725317e-03 
6985.800000 4.585429e-03 
6988.600000 4.532388e-03 
6991.500000 4.615155e-03 
6994.300000 4.574937e-03 
6997.100000 4.535885e-03 
6999.900000 4.731729e-03 
7002.700000 5.208515e-03 
7005.500000 5.453320e-03 
7008.300000 4.976534e-03 
7011.200000 4.548708e-03 
7014.000000 4.548708e-03 
7016.800000 4.510239e-03 
7019.600000 4.524810e-03 
7022.400000 4.550457e-03 
7025.200000 4.593589e-03 
7028.000000 4.535885e-03 
7030.800000 4.689179e-03 
7033.700000 4.684516e-03 
7036.500000 4.630893e-03 
7039.300000 4.844222e-03 
7042.100000 4.689762e-03 
7044.900000 4.553371e-03 
7047.700000 4.614572e-03 
7050.600000 4.575520e-03 
7053.400000 4.525393e-03 
7056.200000 4.625647e-03 
7059.000000 4.711328e-03 
7061.800000 4.771364e-03 
7064.600000 7.292271e-03 
7067.400000 1.387286e-02 
7070.300000 1.164106e-02 
7073.100000 5.568146e-03 
7075.900000 4.628561e-03 
7078.700000 4.634390e-03 
7081.500000 4.581349e-03 
7084.300000 4.585429e-03 
7087.200000 4.462443e-03 
7090.000000 4.507907e-03 
7092.800000 4.656539e-03 
7095.600000 4.597086e-03 
7098.400000 4.566194e-03 
7101.300000 4.659453e-03 
7104.100000 4.592423e-03 
7106.900000 4.689179e-03 
7109.700000 4.600000e-03 
7112.500000 4.529473e-03 
7115.300000 4.632641e-03 
7118.200000 4.587760e-03 
7121.000000 4.629144e-03 
7123.800000 4.671693e-03 
7126.600000 4.544045e-03 
7129.400000 4.607578e-03 
7132.300000 4.831982e-03 
7135.100000 7.287026e-03 
7137.900000 1.406171e-02 
7140.700000 1.241511e-02 
7143.500000 5.846757e-03 
7146.400000 4.698505e-03 
7149.200000 4.515484e-03 
7152.000000 4.588343e-03 
7154.800000 4.632058e-03 
7157.600000 4.576103e-03 
7160.500000 4.598252e-03 
7163.300000 4.631475e-03 
7166.100000 4.416980e-03 
7168.900000 4.456032e-03 
7171.800000 4.280588e-03 
7174.600000 4.263685e-03 
7177.400000 4.281754e-03 
7180.200000 4.170426e-03 
7183.000000 4.105728e-03 
7185.900000 4.085327e-03 
7188.700000 4.227547e-03 
7191.500000 4.225216e-03 
7194.300000 4.212393e-03 
7197.200000 4.229296e-03 
7200.000000 4.203067e-03 
7202.800000 4.132540e-03 
7205.600000 4.218221e-03 
7208.400000 4.446706e-03 
7211.300000 4.464775e-03 
7214.100000 4.458363e-03 
7216.900000 4.598835e-03 
7219.700000 4.415814e-03 
7222.600000 4.460695e-03 
7225.400000 4.377345e-03 
7228.200000 4.349950e-03 
7231.000000 4.553371e-03 
7233.900000 4.973619e-03 
7236.700000 5.410188e-03 
7239.500000 5.750001e-03 
7242.300000 5.085530e-03 
7245.200000 4.349950e-03 
7248.000000 4.316143e-03 
7250.800000 4.430969e-03 
7253.700000 4.545211e-03 
7256.500000 5.354816e-03 
7259.300000 5.446909e-03 
7262.100000 4.583097e-03 
7265.000000 4.359859e-03 
7267.800000 4.297492e-03 
7270.600000 4.362190e-03 
7273.400000 4.280006e-03 
7276.300000 4.278257e-03 
7279.100000 4.525976e-03 
7281.900000 4.963711e-03 
7284.800000 5.714446e-03 
7287.600000 5.100685e-03 
7290.400000 4.387836e-03 
7293.200000 4.412900e-03 
7296.100000 4.435049e-03 
7298.900000 4.485758e-03 
7301.700000 4.400659e-03 
7304.600000 4.375013e-03 
7307.400000 4.461861e-03 
7310.200000 4.398328e-03 
7313.000000 4.396579e-03 
7315.900000 4.935733e-03 
7318.700000 1.636404e-02 
7321.500000 5.554390e-02 
7324.400000 6.588924e-02 
7327.200000 2.488500e-02 
7330.000000 2.369828e-02 
7332.900000 5.446559e-02 
7335.700000 4.290963e-02 
7338.500000 1.131698e-02 
7341.300000 4.636721e-03 
7344.200000 4.409985e-03 
7347.000000 4.381425e-03 
7349.800000 4.365104e-03 
7352.700000 4.394248e-03 
7355.500000 4.385505e-03 
7358.300000 4.361607e-03 
7361.200000 4.338292e-03 
7364.000000 4.329549e-03 
7366.800000 4.278257e-03 
7369.700000 4.330132e-03 
7372.500000 4.386088e-03 
7375.300000 4.306235e-03 
7378.200000 4.328384e-03 
7381.000000 4.285834e-03 
7383.800000 4.355196e-03 
7386.700000 4.302155e-03 
7389.500000 4.422808e-03 
7392.300000 4.252611e-03 
7395.200000 4.454866e-03 
7398.000000 4.351698e-03 
7400.800000 4.491004e-03 
7403.700000 4.303903e-03 
7406.500000 4.392499e-03 
7409.300000 4.249696e-03 
7412.200000 4.293411e-03 
7415.000000 4.306235e-03 
7417.900000 4.341207e-03 
7420.700000 4.331298e-03 
7423.500000 4.342372e-03 
7426.400000 4.352864e-03 
7429.200000 4.750381e-03 
7432.000000 5.692879e-03 
7434.900000 5.896884e-03 
7437.700000 5.438749e-03 
7440.500000 4.940979e-03 
7443.400000 4.697340e-03 
7446.200000 4.593589e-03 
7449.100000 4.579600e-03 
7451.900000 4.411734e-03 
7454.700000 4.223467e-03 
7457.600000 4.282337e-03 
7460.400000 4.452535e-03 
7463.200000 4.380842e-03 
7466.100000 4.362190e-03 
7468.900000 4.573771e-03 
7471.800000 4.764952e-03 
7474.600000 4.668779e-03 
7477.400000 4.364521e-03 
7480.300000 4.287583e-03 
7483.100000 4.400076e-03 
7486.000000 4.247948e-03 
7488.800000 4.334795e-03 
7491.600000 4.451369e-03 
7494.500000 4.402408e-03 
7497.300000 4.319058e-03 
7500.200000 4.368019e-03 
7503.000000 4.281754e-03 
7505.800000 4.324886e-03 
7508.700000 4.492170e-03 
7511.500000 4.368602e-03 
7514.400000 4.383756e-03 
7517.200000 4.324886e-03 
7520.100000 4.432717e-03 
7522.900000 4.412317e-03 
7525.700000 4.231627e-03 
7528.600000 4.317892e-03 
7531.400000 4.316143e-03 
7534.300000 4.333629e-03 
7537.100000 4.305069e-03 
7540.000000 4.384922e-03 
7542.800000 4.252611e-03 
7545.600000 4.278840e-03 
7548.500000 4.411151e-03 
7551.300000 4.367436e-03 
7554.200000 4.140700e-03 
7557.000000 4.284086e-03 
7559.900000 4.215307e-03 
7562.700000 4.341207e-03 
7565.500000 4.360441e-03 
7568.400000 4.230462e-03 
7571.200000 4.405905e-03 
7574.100000 4.343538e-03 
7576.900000 4.272428e-03 
7579.800000 4.292829e-03 
7582.600000 4.324304e-03 
7585.500000 4.324886e-03 
7588.300000 4.366853e-03 
7591.200000 4.028789e-03 
7594.000000 3.233756e-03 
7596.800000 2.207324e-03 
7599.700000 1.673416e-03 
7602.500000 1.415205e-03 
7605.400000 1.268905e-03 
7608.200000 1.356919e-03 
7611.100000 1.642524e-03 
7613.900000 2.118728e-03 
7616.800000 2.956893e-03 
7619.600000 3.377725e-03 
7622.500000 2.981957e-03 
7625.300000 2.364116e-03 
7628.200000 2.296503e-03 
7631.000000 2.372276e-03 
7633.900000 2.402002e-03 
7636.700000 2.424151e-03 
7639.600000 2.625824e-03 
7642.400000 2.585023e-03 
7645.300000 2.782033e-03 
7648.100000 3.105525e-03 
7651.000000 3.261734e-03 
7653.800000 3.408617e-03 
7656.700000 3.504207e-03 
7659.500000 3.481475e-03 
7662.400000 3.644679e-03 
7665.200000 3.569488e-03 
7668.100000 3.642347e-03 
7670.900000 3.902889e-03 
7673.800000 3.986240e-03 
7676.600000 4.048024e-03 
7679.500000 3.999063e-03 
7682.300000 4.095819e-03 
7685.200000 3.814876e-03 
7688.000000 4.127294e-03 
7690.900000 3.957096e-03 
7693.700000 3.977497e-03 
7696.600000 4.112722e-03 
7699.400000 4.028789e-03 
7702.300000 4.051521e-03 
7705.100000 4.094070e-03 
7708.000000 4.108059e-03 
7710.900000 4.020629e-03 
7713.700000 4.095236e-03 
7716.600000 4.228130e-03 
7719.400000 4.235707e-03 
7722.300000 4.217056e-03 
7725.100000 4.226964e-03 
7728.000000 4.194907e-03 
7730.800000 4.197238e-03 
7733.700000 4.079499e-03 
7736.500000 4.156437e-03 
7739.400000 4.202484e-03 
7742.300000 4.110974e-03 
7745.100000 4.316143e-03 
7748.000000 4.249113e-03 
7750.800000 5.019666e-03 
7753.700000 6.730969e-03 
7756.500000 6.740878e-03 
7759.400000 5.146149e-03 
7762.200000 4.265434e-03 
7765.100000 4.253776e-03 
7768.000000 4.154106e-03 
7770.800000 4.231627e-03 
7773.700000 4.364521e-03 
7776.500000 4.397162e-03 
7779.400000 4.378510e-03 
7782.200000 4.391333e-03 
7785.100000 4.255525e-03 
7788.000000 4.151192e-03 
7790.800000 4.175089e-03 
7793.700000 4.179169e-03 
7796.500000 4.308566e-03 
7799.400000 4.253194e-03 
7802.300000 4.443792e-03 
7805.100000 4.089990e-03 
7808.000000 4.308566e-03 
7810.800000 4.359859e-03 
7813.700000 4.183249e-03 
7816.600000 4.288166e-03 
7819.400000 4.356944e-03 
7822.300000 4.273011e-03 
7825.100000 4.273011e-03 
7828.000000 4.367436e-03 
7830.900000 4.282920e-03 
7833.700000 4.220553e-03 
7836.600000 4.340624e-03 
7839.500000 4.189661e-03 
7842.300000 4.209478e-03 
7845.200000 4.303903e-03 
7848.000000 4.268931e-03 
7850.900000 4.078333e-03 
7853.800000 4.257274e-03 
7856.600000 4.265434e-03 
7859.500000 4.344121e-03 
7862.400000 4.254942e-03 
7865.200000 4.246782e-03 
7868.100000 4.179169e-03 
7870.900000 4.353447e-03 
7873.800000 4.317892e-03 
7876.700000 4.297492e-03 
7879.500000 4.368602e-03 
7882.400000 4.428637e-03 
7885.300000 4.468272e-03 
7888.100000 4.295160e-03 
7891.000000 4.440877e-03 
7893.900000 4.181501e-03 
7896.700000 4.395414e-03 
7899.600000 4.411734e-03 
7902.500000 4.569691e-03 
7905.300000 4.277091e-03 
7908.200000 4.242702e-03 
7911.100000 4.255525e-03 
7913.900000 4.464775e-03 
7916.800000 4.452535e-03 
7919.700000 4.500913e-03 
7922.500000 4.279423e-03 
7925.400000 4.165180e-03 
7928.300000 4.238622e-03 
7931.100000 4.251445e-03 
7934.000000 4.131957e-03 
7936.900000 4.239788e-03 
7939.700000 4.341207e-03 
7942.600000 4.289331e-03 
7945.500000 4.322555e-03 
7948.300000 4.370350e-03 
7951.200000 4.324886e-03 
7954.100000 4.327801e-03 
7956.900000 4.235125e-03 
7959.800000 4.123214e-03 
7962.700000 4.228130e-03 
7965.600000 4.108642e-03 
7968.400000 4.299823e-03 
7971.300000 4.427471e-03 
7974.200000 4.348784e-03 
7977.000000 4.347618e-03 
7979.900000 4.169843e-03 
7982.800000 4.291663e-03 
7985.700000 4.264851e-03 
7988.500000 4.164597e-03 
7991.400000 4.154689e-03 
7994.300000 4.235707e-03 
7997.100000 4.468855e-03 
8000.000000 4.307400e-03 
8002.900000 4.171009e-03 
8005.800000 4.259022e-03 
8008.600000 4.233959e-03 
8011.500000 4.193158e-03 
8014.400000 4.352281e-03 
8017.300000 4.151774e-03 
8020.100000 4.207147e-03 
8023.000000 4.159935e-03 
8025.900000 4.311480e-03 
8028.800000 4.179752e-03 
8031.600000 4.277091e-03 
8034.500000 4.206564e-03 
8037.400000 4.130791e-03 
8040.200000 4.374430e-03 
8043.100000 4.334795e-03 
8046.000000 4.284668e-03 
8048.900000 4.241536e-03 
8051.800000 4.282920e-03 
8054.600000 4.159935e-03 
8057.500000 4.399494e-03 
8060.400000 4.247948e-03 
8063.300000 4.180335e-03 
8066.100000 4.323138e-03 
8069.000000 4.150026e-03 
8071.900000 4.133705e-03 
8074.800000 4.167512e-03 
8077.600000 4.179169e-03 
8080.500000 4.323138e-03 
8083.400000 4.165763e-03 
8086.300000 4.207147e-03 
8089.200000 4.109225e-03 
8092.000000 4.264268e-03 
8094.900000 4.182666e-03 
8097.800000 4.232210e-03 
8100.700000 4.254359e-03 
8103.600000 4.178003e-03 
8106.400000 4.154106e-03 
8109.300000 4.338292e-03 
8112.200000 4.307983e-03 
8115.100000 4.247948e-03 
8118.000000 4.369767e-03 
8120.800000 4.155272e-03 
8123.700000 4.312063e-03 
8126.600000 4.194907e-03 
8129.500000 4.284086e-03 
8132.400000 4.008389e-03 
8135.200000 4.078333e-03 
8138.100000 4.156437e-03 
8141.000000 4.062013e-03 
8143.900000 4.166346e-03 
8146.800000 4.028206e-03 
8149.700000 4.109225e-03 
8152.500000 4.031703e-03 
8155.400000 3.915130e-03 
8158.300000 4.006057e-03 
8161.200000 3.950102e-03 
8164.100000 3.920375e-03 
8167.000000 4.081830e-03 
8169.800000 4.001394e-03 
8172.700000 4.089990e-03 
8175.600000 4.056184e-03 
8178.500000 4.405322e-03 
8181.400000 4.488090e-03 
8184.300000 4.327218e-03 
8187.100000 4.217639e-03 
8190.000000 4.616904e-03 
8192.900000 4.551039e-03 
8195.800000 4.394248e-03 
8198.700000 4.406488e-03 
8201.600000 4.507324e-03 
8204.500000 4.415814e-03 
8207.400000 4.397745e-03 
8210.200000 4.148277e-03 
8213.100000 4.541131e-03 
8216.000000 4.553954e-03 
8218.900000 4.728232e-03 
8221.800000 4.900761e-03 
8224.700000 4.896681e-03 
8227.600000 4.476432e-03 
8230.500000 4.164015e-03 
8233.300000 4.117385e-03 
8236.200000 3.958262e-03 
8239.100000 4.275925e-03 
8242.000000 4.218804e-03 
8244.900000 4.416397e-03 
8247.800000 4.539382e-03 
8250.700000 4.353447e-03 
8253.600000 4.076001e-03 
8256.500000 3.953599e-03 
8259.300000 4.003726e-03 
8262.200000 4.020046e-03 
8265.100000 4.175089e-03 
8268.000000 4.052104e-03 
8270.900000 3.932033e-03 
8273.800000 3.813128e-03 
8276.700000 3.881906e-03 
8279.600000 3.823036e-03 
8282.500000 3.824785e-03 
8285.400000 3.881906e-03 
8288.300000 3.764167e-03 
8291.200000 4.064344e-03 
8294.000000 3.929701e-03 
8296.900000 3.891232e-03 
8299.800000 3.888318e-03 
8302.700000 3.916878e-03 
8305.600000 3.800887e-03 
8308.500000 3.933199e-03 
8311.400000 3.944273e-03 
8314.300000 3.723949e-03 
8317.200000 3.844020e-03 
8320.100000 3.737355e-03 
8323.000000 3.422023e-03 
8325.900000 4.036949e-03 
8328.800000 4.025875e-03 
8331.700000 3.417943e-03 
8334.600000 3.596883e-03 
8337.500000 4.363356e-03 
8340.400000 3.845768e-03 
8343.300000 3.385302e-03 
8346.200000 3.863837e-03 
8349.100000 4.418728e-03 
8352.000000 4.214724e-03 
8354.900000 3.566574e-03 
8357.700000 3.472732e-03 
8360.600000 4.167512e-03 
8363.500000 4.650710e-03 
8366.400000 3.901724e-03 
8369.300000 3.293792e-03 
8372.200000 3.293792e-03 
8375.100000 3.998480e-03 
8378.000000 4.489838e-03 
8380.900000 4.198404e-03 
8383.800000 3.374227e-03 
8386.700000 3.168475e-03 
8389.600000 3.234922e-03 
8392.500000 3.757755e-03 
8395.400000 4.770198e-03 
8398.300000 4.486341e-03 
8401.200000 3.595135e-03 
8404.100000 3.352661e-03 
8407.000000 3.133503e-03 
8409.900000 3.069970e-03 
8412.800000 3.574151e-03 
8415.700000 4.875697e-03 
8418.600000 4.928738e-03 
8421.500000 3.684896e-03 
8424.500000 3.441257e-03 
8427.400000 3.113102e-03 
8430.300000 3.143411e-03 
8433.200000 3.447086e-03 
8436.100000 3.464572e-03 
8439.000000 4.207730e-03 
8441.900000 5.443994e-03 
8444.800000 5.708617e-03 
8447.700000 1.114853e-02 
8450.600000 1.652958e-02 
8453.500000 1.077491e-02 
8456.400000 4.601166e-03 
8459.300000 3.269894e-03 
8462.200000 3.086873e-03 
8465.100000 3.105525e-03 
8468.000000 4.472352e-03 
8470.900000 5.703954e-03 
8473.800000 4.656539e-03 
8476.700000 3.377142e-03 
8479.600000 3.273974e-03 
8482.500000 3.301369e-03 
8485.500000 3.169640e-03 
8488.400000 3.271643e-03 
8491.300000 3.189458e-03 
8494.200000 3.064141e-03 
8497.100000 3.044324e-03 
8500.000000 3.252408e-03 
8502.900000 4.343538e-03 
8505.800000 5.953422e-03 
8508.700000 5.118754e-03 
8511.600000 3.455829e-03 
8514.500000 3.222099e-03 
8517.400000 3.116017e-03 
8520.400000 3.222682e-03 
8523.300000 3.206361e-03 
8526.200000 3.106691e-03 
8529.100000 3.144577e-03 
8532.000000 3.327015e-03 
8534.900000 3.229676e-03 
8537.800000 3.080462e-03 
8540.700000 3.282134e-03 
8543.600000 3.242499e-03 
8546.500000 4.948556e-03 
8549.500000 6.191232e-03 
8552.400000 4.715408e-03 
8555.300000 3.465738e-03 
8558.200000 2.987785e-03 
8561.100000 3.201115e-03 
8564.000000 3.031501e-03 
8566.900000 3.053650e-03 
8569.800000 3.109022e-03 
8572.800000 3.085707e-03 
8575.700000 3.182464e-03 
8578.600000 3.838191e-03 
8581.500000 4.787101e-03 
8584.400000 4.576103e-03 
8587.300000 3.604461e-03 
8590.200000 3.305449e-03 
8593.200000 3.178966e-03 
8596.100000 3.402788e-03 
8599.000000 5.080284e-03 
8601.900000 7.061455e-03 
8604.800000 5.625267e-03 
8607.700000 3.613786e-03 
8610.700000 3.255322e-03 
8613.600000 3.338090e-03 
8616.500000 3.110188e-03 
8619.400000 3.058313e-03 
8622.300000 3.027420e-03 
8625.200000 3.092119e-03 
8628.200000 3.118931e-03 
8631.100000 3.416777e-03 
8634.000000 3.191207e-03 
8636.900000 3.247745e-03 
8639.800000 3.118931e-03 
8642.800000 3.074633e-03 
8645.700000 3.082210e-03 
8648.600000 3.027420e-03 
8651.500000 3.911050e-03 
8654.400000 4.070756e-03 
8657.400000 3.728612e-03 
8660.300000 3.206361e-03 
8663.200000 3.455246e-03 
8666.100000 5.980234e-03 
8669.000000 7.772555e-03 
8672.000000 5.871237e-03 
8674.900000 3.486138e-03 
8677.800000 3.301369e-03 
8680.700000 3.323518e-03 
8683.600000 3.480892e-03 
8686.600000 3.972251e-03 
8689.500000 3.871414e-03 
8692.400000 3.248911e-03 
8695.300000 3.113102e-03 
8698.300000 3.234339e-03 
8701.200000 3.083376e-03 
8704.100000 3.374227e-03 
8707.000000 3.244248e-03 
8709.900000 3.396376e-03 
8712.900000 3.392879e-03 
8715.800000 3.538596e-03 
8718.700000 3.454663e-03 
8721.600000 3.329347e-03 
8724.600000 3.279803e-03 
8727.500000 3.126508e-03 
8730.400000 3.179549e-03 
8733.300000 3.213356e-03 
8736.300000 3.113685e-03 
8739.200000 2.803599e-03 
8742.100000 2.965636e-03 
8745.100000 3.202281e-03 
8748.000000 3.229093e-03 
8750.900000 5.789636e-03 
8753.800000 9.132388e-03 
8756.800000 6.985100e-03 
8759.700000 3.569488e-03 
8762.600000 2.942322e-03 
8765.500000 2.808262e-03 
8768.500000 3.266980e-03 
8771.400000 3.139914e-03 
8774.300000 2.900938e-03 
8777.300000 3.155652e-03 
8780.200000 3.168475e-03 
8783.100000 3.038495e-03 
8786.100000 3.106108e-03 
8789.000000 3.003523e-03 
8791.900000 3.101445e-03 
8794.800000 3.069970e-03 
8797.800000 3.025672e-03 
8800.700000 3.192372e-03 
8803.600000 3.011683e-03 
8806.600000 3.083959e-03 
8809.500000 3.021009e-03 
8812.400000 3.084542e-03 
8815.400000 3.166726e-03 
8818.300000 3.042575e-03 
8821.200000 3.075216e-03 
8824.200000 3.002357e-03 
8827.100000 3.160897e-03 
8830.000000 3.385885e-03 
8833.000000 2.930664e-03 
8835.900000 2.997111e-03 
8838.800000 3.079296e-03 
8841.800000 2.991865e-03 
8844.700000 2.772707e-03 
8847.600000 2.946985e-03 
8850.600000 3.243665e-03 
8853.500000 3.098530e-03 
8856.400000 3.234339e-03 
8859.400000 3.031501e-03 
8862.300000 5.525596e-03 
8865.300000 1.046075e-02 
8868.200000 9.009986e-03 
8871.100000 4.851217e-03 
8874.100000 3.188875e-03 
8877.000000 3.037912e-03 
8879.900000 2.919590e-03 
8882.900000 2.650304e-03 
8885.800000 2.826331e-03 
8888.800000 3.178383e-03 
8891.700000 2.993614e-03 
8894.600000 2.882286e-03 
8897.600000 3.019260e-03 
8900.500000 3.104942e-03 
8903.400000 2.859554e-03 
8906.400000 2.998860e-03 
8909.300000 2.706843e-03 
8912.300000 2.935327e-03 
8915.200000 2.886949e-03 
8918.100000 3.030918e-03 
8921.100000 3.282717e-03 
8924.000000 3.054815e-03 
8927.000000 2.897441e-03 
8929.900000 3.106691e-03 
8932.900000 3.069387e-03 
8935.800000 2.962722e-03 
8938.700000 2.814673e-03 
8941.700000 3.156817e-03 
8944.600000 3.095033e-03 
8947.600000 3.247745e-03 
8950.500000 3.139914e-03 
8953.500000 2.716751e-03 
8956.400000 2.791941e-03 
8959.300000 3.058895e-03 
8962.300000 2.793690e-03 
8965.200000 2.877623e-03 
8968.200000 2.790193e-03 
8971.100000 3.009934e-03 
8974.100000 2.932996e-03 
8977.000000 2.734820e-03 
8980.000000 3.169058e-03 
8982.900000 3.164395e-03 
8980.000000 2.935327e-03 
8983.000000 2.934161e-03 
8986.000000 2.932413e-03 
8989.000000 2.931247e-03 
8992.000000 2.930081e-03 
8995.000000 2.928333e-03 
8998.000000 2.927167e-03 
9001.000000 2.925418e-03 
9004.000000 2.924253e-03 
9007.000000 2.922504e-03 
9010.000000 2.921338e-03 
9013.000000 2.919590e-03 
9016.000000 2.918424e-03 
9019.000000 2.916675e-03 
9022.000000 2.915510e-03 
9025.000000 2.914344e-03 
9028.000000 2.912595e-03 
9031.000000 2.911430e-03 
9034.000000 2.909681e-03 
9037.000000 2.908515e-03 
9040.000000 2.906767e-03 
9043.000000 2.905601e-03 
9046.000000 2.903852e-03 
9049.000000 2.902687e-03 
9052.000000 2.901521e-03 
9055.000000 2.899772e-03 
9058.000000 2.898606e-03 
9061.000000 2.896858e-03 
9064.000000 2.895692e-03 
9067.000000 2.893944e-03 
9070.000000 2.892778e-03 
9073.000000 2.891029e-03 
9076.000000 2.889863e-03 
9079.000000 2.888115e-03 
9082.000000 2.886949e-03 
9085.000000 2.885783e-03 
9088.000000 2.884035e-03 
9091.000000 2.882869e-03 
9094.000000 2.881120e-03 
9097.000000 2.879955e-03 
9100.000000 2.878206e-03 
9103.000000 2.877040e-03 
9106.000000 2.875292e-03 
9109.000000 2.874126e-03 
9112.000000 2.872377e-03 
9115.000000 2.871212e-03 
9118.000000 2.870046e-03 
9121.000000 2.868297e-03 
9124.000000 2.867132e-03 
9127.000000 2.865383e-03 
9130.000000 2.864217e-03 
9133.000000 2.862469e-03 
9136.000000 2.861303e-03 
9139.000000 2.859554e-03 
9142.000000 2.858389e-03 
9145.000000 2.857223e-03 
9148.000000 2.855474e-03 
9151.000000 2.854308e-03 
9154.000000 2.852560e-03 
9157.000000 2.851394e-03 
9160.000000 2.849645e-03 
9163.000000 2.848480e-03 
9166.000000 2.846731e-03 
9169.000000 2.845565e-03 
9172.000000 2.843817e-03 
9175.000000 2.842651e-03 
9178.000000 2.841485e-03 
9181.000000 2.839737e-03 
9184.000000 2.838571e-03 
9187.000000 2.836822e-03 
9190.000000 2.835657e-03 
9193.000000 2.833908e-03 
9196.000000 2.832742e-03 
9199.000000 2.830994e-03 
9202.000000 2.829828e-03 
9205.000000 2.828662e-03 
9208.000000 2.826914e-03 
9211.000000 2.825748e-03 
9214.000000 2.823999e-03 
9217.000000 2.822834e-03 
9220.000000 2.821085e-03 
9223.000000 2.819919e-03 
9226.000000 2.818171e-03 
9229.000000 2.817005e-03 
9232.000000 2.815256e-03 
9235.000000 2.814091e-03 
9238.000000 2.812925e-03 
9241.000000 2.811176e-03 
9244.000000 2.810010e-03 
9247.000000 2.808262e-03 
9250.000000 2.807096e-03 
9253.000000 2.805347e-03 
9256.000000 2.804182e-03 
9259.000000 2.802433e-03 
9262.000000 2.801267e-03 
9265.000000 2.799519e-03 
9268.000000 2.798353e-03 
9271.000000 2.797187e-03 
9274.000000 2.795439e-03 
9277.000000 2.794273e-03 
9280.000000 2.792524e-03 
9283.000000 2.791359e-03 
9286.000000 2.789610e-03 
9289.000000 2.788444e-03 
9292.000000 2.786696e-03 
9295.000000 2.785530e-03 
9298.000000 2.784364e-03 
9301.000000 2.782616e-03 
9304.000000 2.781450e-03 
9307.000000 2.779701e-03 
9310.000000 2.778536e-03 
9313.000000 2.776787e-03 
9316.000000 2.775621e-03 
9319.000000 2.773873e-03 
9322.000000 2.772707e-03 
9325.000000 2.770958e-03 
9328.000000 2.769792e-03 
9331.000000 2.768627e-03 
9334.000000 2.766878e-03 
9337.000000 2.765712e-03 
9340.000000 2.763964e-03 
9343.000000 2.762798e-03 
9346.000000 2.761049e-03 
9349.000000 2.759884e-03 
9352.000000 2.758135e-03 
9355.000000 2.756969e-03 
9358.000000 2.755804e-03 
9361.000000 2.754055e-03 
9364.000000 2.752889e-03 
9367.000000 2.751141e-03 
9370.000000 2.749975e-03 
9373.000000 2.748226e-03 
9376.000000 2.747061e-03 
9379.000000 2.745312e-03 
9382.000000 2.744146e-03 
9385.000000 2.742398e-03 
9388.000000 2.741232e-03 
9391.000000 2.740066e-03 
9394.000000 2.738318e-03 
9397.000000 2.737152e-03 
9400.000000 2.735403e-03 
9403.000000 2.734237e-03 
9406.000000 2.732489e-03 
9409.000000 2.731323e-03 
9412.000000 2.729575e-03 
9415.000000 2.728409e-03 
9418.000000 2.727243e-03 
9421.000000 2.725494e-03 
9424.000000 2.724329e-03 
9427.000000 2.722580e-03 
9430.000000 2.721414e-03 
9433.000000 2.719666e-03 
9436.000000 2.718500e-03 
9439.000000 2.716751e-03 
9442.000000 2.715586e-03 
9445.000000 2.713837e-03 
9448.000000 2.712671e-03 
9451.000000 2.711506e-03 
9454.000000 2.709757e-03 
9457.000000 2.708591e-03 
9460.000000 2.706843e-03 
9463.000000 2.705677e-03 
9466.000000 2.703928e-03 
9469.000000 2.702763e-03 
9472.000000 2.701014e-03 
9475.000000 2.699848e-03 
9478.000000 2.698100e-03 
9481.000000 2.696934e-03 
9484.000000 2.695768e-03 
9487.000000 2.694020e-03 
9490.000000 2.692854e-03 
9493.000000 2.691105e-03 
9496.000000 2.689939e-03 
9499.000000 2.688191e-03 
9502.000000 2.687025e-03 
9505.000000 2.685277e-03 
9508.000000 2.684111e-03 
9511.000000 2.682945e-03 
9514.000000 2.681196e-03 
9517.000000 2.680031e-03 
9520.000000 2.678282e-03 
9523.000000 2.677116e-03 
9526.000000 2.675368e-03 
9529.000000 2.674202e-03 
9532.000000 2.672453e-03 
9535.000000 2.671288e-03 
9538.000000 2.669539e-03 
9541.000000 2.668373e-03 
9544.000000 2.667208e-03 
9547.000000 2.665459e-03 
9550.000000 2.664293e-03 
9553.000000 2.662545e-03 
9556.000000 2.661379e-03 
9559.000000 2.659630e-03 
9562.000000 2.658465e-03 
9565.000000 2.656716e-03 
9568.000000 2.655550e-03 
9571.000000 2.654384e-03 
9574.000000 2.652636e-03 
9577.000000 2.651470e-03 
9580.000000 2.649722e-03 
9583.000000 2.648556e-03 
9586.000000 2.646807e-03 
9589.000000 2.645641e-03 
9592.000000 2.643893e-03 
9595.000000 2.642727e-03 
9598.000000 2.640978e-03 
9601.000000 2.639813e-03 
9604.000000 2.638647e-03 
9607.000000 2.636898e-03 
9610.000000 2.635733e-03 
9613.000000 2.633984e-03 
9616.000000 2.632818e-03 
9619.000000 2.631070e-03 
9622.000000 2.629904e-03 
9625.000000 2.628155e-03 
9628.000000 2.626990e-03 
9631.000000 2.625241e-03 
9634.000000 2.624075e-03 
9637.000000 2.622910e-03 
9640.000000 2.621161e-03 
9643.000000 2.619995e-03 
9646.000000 2.618247e-03 
9649.000000 2.617081e-03 
9652.000000 2.615332e-03 
9655.000000 2.614167e-03 
9658.000000 2.612418e-03 
9661.000000 2.611252e-03 
9664.000000 2.610086e-03 
9667.000000 2.608338e-03 
9670.000000 2.607172e-03 
9673.000000 2.605423e-03 
9676.000000 2.604258e-03 
9679.000000 2.602509e-03 
9682.000000 2.601343e-03 
9685.000000 2.599595e-03 
9688.000000 2.598429e-03 
9691.000000 2.596680e-03 
9694.000000 2.595515e-03 
9697.000000 2.594349e-03 
9700.000000 2.592600e-03 
9703.000000 2.591435e-03 
9706.000000 2.589686e-03 
9709.000000 2.588520e-03 
9712.000000 2.586772e-03 
9715.000000 2.585606e-03 
9718.000000 2.583857e-03 
9721.000000 2.582692e-03 
9724.000000 2.580943e-03 
9727.000000 2.579777e-03 
9730.000000 2.578612e-03 
9733.000000 2.576863e-03 
9736.000000 2.575697e-03 
9739.000000 2.573949e-03 
9742.000000 2.572783e-03 
9745.000000 2.571034e-03 
9748.000000 2.569868e-03 
9751.000000 2.568120e-03 
9754.000000 2.566954e-03 
9757.000000 2.565788e-03 
9760.000000 2.564040e-03 
9763.000000 2.562874e-03 
9766.000000 2.561125e-03 
9769.000000 2.559960e-03 
9772.000000 2.558211e-03 
9775.000000 2.557045e-03 
9778.000000 2.555297e-03 
9781.000000 2.554131e-03 
9784.000000 2.552382e-03 
9787.000000 2.551217e-03 
9790.000000 2.550051e-03 
9793.000000 2.548302e-03 
9796.000000 2.547137e-03 
9799.000000 2.545388e-03 
9802.000000 2.544222e-03 
9805.000000 2.542474e-03 
9808.000000 2.541308e-03 
9811.000000 2.539559e-03 
9814.000000 2.538394e-03 
9817.000000 2.536645e-03 
9820.000000 2.535479e-03 
9823.000000 2.534313e-03 
9826.000000 2.532565e-03 
9829.000000 2.531399e-03 
9832.000000 2.529651e-03 
9835.000000 2.528485e-03 
9838.000000 2.526736e-03 
9841.000000 2.525570e-03 
9844.000000 2.523822e-03 
9847.000000 2.522656e-03 
9850.000000 2.521490e-03 
9853.000000 2.519742e-03 
9856.000000 2.518576e-03 
9859.000000 2.516827e-03 
9862.000000 2.515662e-03 
9865.000000 2.513913e-03 
9868.000000 2.512747e-03 
9871.000000 2.510999e-03 
9874.000000 2.509833e-03 
9877.000000 2.508084e-03 
9880.000000 2.506919e-03 
9883.000000 2.505753e-03 
9886.000000 2.504004e-03 
9889.000000 2.502839e-03 
9892.000000 2.501090e-03 
9895.000000 2.499924e-03 
9898.000000 2.498176e-03 
9901.000000 2.497010e-03 
9904.000000 2.495261e-03 
9907.000000 2.494096e-03 
9910.000000 2.492347e-03 
9913.000000 2.491181e-03 
9916.000000 2.490015e-03 
9919.000000 2.488267e-03 
9922.000000 2.487101e-03 
9925.000000 2.485353e-03 
9928.000000 2.484187e-03 
9931.000000 2.482438e-03 
9934.000000 2.481272e-03 
9937.000000 2.479524e-03 
9940.000000 2.478358e-03 
9943.000000 2.477192e-03 
9946.000000 2.475444e-03 
9949.000000 2.474278e-03 
9952.000000 2.472529e-03 
9955.000000 2.471364e-03 
9958.000000 2.469615e-03 
9961.000000 2.468449e-03 
9964.000000 2.466701e-03 
9967.000000 2.465535e-03 
9970.000000 2.463786e-03 
9973.000000 2.462621e-03 
9976.000000 2.461455e-03 
9979.000000 2.459706e-03 
9982.000000 2.458541e-03 
9985.000000 2.456792e-03 
9988.000000 2.455626e-03 
9991.000000 2.453878e-03 
9994.000000 2.452712e-03 
9997.000000 2.450963e-03 
10000.000000 2.449798e-03 
10003.000000 2.448632e-03 
10006.000000 2.446883e-03 
10009.000000 2.445717e-03 
10012.000000 2.443969e-03 
10015.000000 2.442803e-03 
10018.000000 2.441054e-03 
10021.000000 2.439889e-03 
10024.000000 2.438140e-03 
10027.000000 2.436974e-03 
10030.000000 2.435226e-03 
10033.000000 2.434060e-03 
10036.000000 2.432894e-03 
10039.000000 2.431146e-03 
10042.000000 2.429980e-03 
10045.000000 2.428231e-03 
10048.000000 2.427066e-03 
10051.000000 2.425317e-03 
10054.000000 2.424151e-03 
10057.000000 2.422403e-03 
10060.000000 2.421237e-03 
10063.000000 2.419488e-03 
10066.000000 2.418323e-03 
10069.000000 2.417157e-03 
10072.000000 2.415408e-03 
10075.000000 2.414243e-03 
10078.000000 2.412494e-03 
10081.000000 2.411328e-03 
10084.000000 2.409580e-03 
10087.000000 2.408414e-03 
10090.000000 2.406665e-03 
10093.000000 2.405499e-03 
10096.000000 2.404334e-03 
10099.000000 2.402585e-03 
10102.000000 2.401419e-03 
10105.000000 2.399671e-03 
10108.000000 2.398505e-03 
10111.000000 2.396756e-03 
10114.000000 2.395591e-03 
10117.000000 2.393842e-03 
10120.000000 2.392676e-03 
10123.000000 2.390928e-03 
10126.000000 2.389762e-03 
10129.000000 2.388596e-03 
10132.000000 2.386848e-03 
10135.000000 2.385682e-03 
10138.000000 2.383933e-03 
10141.000000 2.382768e-03 
10144.000000 2.381019e-03 
10147.000000 2.379853e-03 
10150.000000 2.378105e-03 
10153.000000 2.376939e-03 
10156.000000 2.375190e-03 
10159.000000 2.374025e-03 
10162.000000 2.372859e-03 
10165.000000 2.371110e-03 
10168.000000 2.369944e-03 
10171.000000 2.368196e-03 
10174.000000 2.367030e-03 
10177.000000 2.365282e-03 
10180.000000 2.364116e-03 
10183.000000 2.362367e-03 
10186.000000 2.361201e-03 
10189.000000 2.360036e-03 
10192.000000 2.358287e-03 
10195.000000 2.357121e-03 
10198.000000 2.355373e-03 
10201.000000 2.354207e-03 
10204.000000 2.352458e-03 
10207.000000 2.351293e-03 
10210.000000 2.349544e-03 
10213.000000 2.348378e-03 
10216.000000 2.346630e-03 
10219.000000 2.345464e-03 
10222.000000 2.344298e-03 
10225.000000 2.342550e-03 
10228.000000 2.341384e-03 
10231.000000 2.339635e-03 
10234.000000 2.338470e-03 
10237.000000 2.336721e-03 
10240.000000 2.335555e-03 
10243.000000 2.333807e-03 
10246.000000 2.332641e-03 
10249.000000 2.330892e-03 
10252.000000 2.329727e-03 
10255.000000 2.328561e-03 
10258.000000 2.326812e-03 
10261.000000 2.325646e-03 
10264.000000 2.323898e-03 
10267.000000 2.322732e-03 
10270.000000 2.320984e-03 
10273.000000 2.319818e-03 
10276.000000 2.318069e-03 
10279.000000 2.316903e-03 
10282.000000 2.315738e-03 
10285.000000 2.313989e-03 
10288.000000 2.312823e-03 
10291.000000 2.311075e-03 
10294.000000 2.309909e-03 
10297.000000 2.308160e-03 
10300.000000 2.306995e-03 
10303.000000 2.305246e-03 
10306.000000 2.304080e-03 
10309.000000 2.302332e-03 
10312.000000 2.301166e-03 
10315.000000 2.300000e-03 
10318.000000 2.298252e-03 
10321.000000 2.297086e-03 
10324.000000 2.295337e-03 
10327.000000 2.294172e-03 
10330.000000 2.292423e-03 
10333.000000 2.291257e-03 
10336.000000 2.289509e-03 
10339.000000 2.288343e-03 
10342.000000 2.286594e-03 
10345.000000 2.285429e-03 
10348.000000 2.284263e-03 
10351.000000 2.282514e-03 
10354.000000 2.281348e-03 
10357.000000 2.279600e-03 
10360.000000 2.278434e-03 
10363.000000 2.276685e-03 
10366.000000 2.275520e-03 
10369.000000 2.273771e-03 
10372.000000 2.272605e-03 
10375.000000 2.271440e-03 
10378.000000 2.269691e-03 
10381.000000 2.268525e-03 
10384.000000 2.266777e-03 
10387.000000 2.265611e-03 
10390.000000 2.263862e-03 
10393.000000 2.262697e-03 
10396.000000 2.260948e-03 
10399.000000 2.259782e-03 
10402.000000 2.258034e-03 
10405.000000 2.256868e-03 
10408.000000 2.255702e-03 
10411.000000 2.253954e-03 
10414.000000 2.252788e-03 
10417.000000 2.251039e-03 
10420.000000 2.249874e-03 
10423.000000 2.248125e-03 
10426.000000 2.246959e-03 
10429.000000 2.245211e-03 
10432.000000 2.244045e-03 
10435.000000 2.242296e-03 
10438.000000 2.241130e-03 
10441.000000 2.239965e-03 
10444.000000 2.238216e-03 
10447.000000 2.237050e-03 
10450.000000 2.235302e-03 
10453.000000 2.234136e-03 
10456.000000 2.232387e-03 
10459.000000 2.231222e-03 
10462.000000 2.229473e-03 
10465.000000 2.228307e-03 
10468.000000 2.227142e-03 
10471.000000 2.225393e-03 
10474.000000 2.224227e-03 
10477.000000 2.222479e-03 
10480.000000 2.221313e-03 
10483.000000 2.219564e-03 
10486.000000 2.218399e-03 
10489.000000 2.216650e-03 
10492.000000 2.215484e-03 
10495.000000 2.213736e-03 
10498.000000 2.212570e-03 
10501.000000 2.211404e-03 
10504.000000 2.209656e-03 
10507.000000 2.208490e-03 
10510.000000 2.206741e-03 
10513.000000 2.205575e-03 
10516.000000 2.203827e-03 
10519.000000 2.202661e-03 
10522.000000 2.200913e-03 
10525.000000 2.199747e-03 
10528.000000 2.198581e-03 
10531.000000 2.196832e-03 
10534.000000 2.195667e-03 
10537.000000 2.193918e-03 
10540.000000 2.192752e-03 
10543.000000 2.191004e-03 
10546.000000 2.189838e-03 
10549.000000 2.188089e-03 
10552.000000 2.186924e-03 
10555.000000 2.185175e-03 
10558.000000 2.184009e-03 
10561.000000 2.182844e-03 
10564.000000 2.181095e-03 
10567.000000 2.179929e-03 
10570.000000 2.178181e-03 
10573.000000 2.177015e-03 
10576.000000 2.175266e-03 
10579.000000 2.174101e-03 
10582.000000 2.172352e-03 
10585.000000 2.171186e-03 
10588.000000 2.169438e-03 
10591.000000 2.168272e-03 
10594.000000 2.167106e-03 
10597.000000 2.165358e-03 
10600.000000 2.164192e-03 
10603.000000 2.162443e-03 
10606.000000 2.161277e-03 
10609.000000 2.159529e-03 
10612.000000 2.158363e-03 
10615.000000 2.156615e-03 
10618.000000 2.155449e-03 
10621.000000 2.154283e-03 
10624.000000 2.152534e-03 
10627.000000 2.151369e-03 
10630.000000 2.149620e-03 
10633.000000 2.148454e-03 
10636.000000 2.146706e-03 
10639.000000 2.145540e-03 
10642.000000 2.143791e-03 
10645.000000 2.142626e-03 
10648.000000 2.140877e-03 
10651.000000 2.139711e-03 
10654.000000 2.138546e-03 
10657.000000 2.136797e-03 
10660.000000 2.135631e-03 
10663.000000 2.133883e-03 
10666.000000 2.132717e-03 
10669.000000 2.130968e-03 
10672.000000 2.129803e-03 
10675.000000 2.128054e-03 
10678.000000 2.126888e-03 
10681.000000 2.125140e-03 
10684.000000 2.123974e-03 
10687.000000 2.122808e-03 
10690.000000 2.121060e-03 
10693.000000 2.119894e-03 
10696.000000 2.118145e-03 
10699.000000 2.116979e-03 
10702.000000 2.115231e-03 
10705.000000 2.114065e-03 
10708.000000 2.112316e-03 
10711.000000 2.111151e-03 
10714.000000 2.109985e-03 
10717.000000 2.108236e-03 
10720.000000 2.107071e-03 
10723.000000 2.105322e-03 
10726.000000 2.104156e-03 
10729.000000 2.102408e-03 
10732.000000 2.101242e-03 
10735.000000 2.099493e-03 
10738.000000 2.098328e-03 
10741.000000 2.096579e-03 
10744.000000 2.095413e-03 
10747.000000 2.094248e-03 
10750.000000 2.092499e-03 
10753.000000 2.091333e-03 
10756.000000 2.089585e-03 
10759.000000 2.088419e-03 
10762.000000 2.086670e-03 
10765.000000 2.085505e-03 
10768.000000 2.083756e-03 
10771.000000 2.082590e-03 
10774.000000 2.080842e-03 
10777.000000 2.079676e-03 
10780.000000 2.078510e-03 
10783.000000 2.076761e-03 
10786.000000 2.075596e-03 
10789.000000 2.073847e-03 
10792.000000 2.072681e-03 
10795.000000 2.070933e-03 
10798.000000 2.069767e-03 
10801.000000 2.068018e-03 
10804.000000 2.066853e-03 
10807.000000 2.065687e-03 
10810.000000 2.063938e-03 
10813.000000 2.062773e-03 
10816.000000 2.061024e-03 
10819.000000 2.059858e-03 
10822.000000 2.058110e-03 
10825.000000 2.056944e-03 
10828.000000 2.055195e-03 
10831.000000 2.054030e-03 
10834.000000 2.052281e-03 
10837.000000 2.051115e-03 
10840.000000 2.049950e-03 
10843.000000 2.048201e-03 
10846.000000 2.047035e-03 
10849.000000 2.045287e-03 
10852.000000 2.044121e-03 
10855.000000 2.042372e-03 
10858.000000 2.041206e-03 
10861.000000 2.039458e-03 
10864.000000 2.038292e-03 
10867.000000 2.036544e-03 
10870.000000 2.035378e-03 
10873.000000 2.034212e-03 
10876.000000 2.032463e-03 
10879.000000 2.031298e-03 
10882.000000 2.029549e-03 
10885.000000 2.028383e-03 
10888.000000 2.026635e-03 
10891.000000 2.025469e-03 
10894.000000 2.023720e-03 
10897.000000 2.022555e-03 
10900.000000 2.021389e-03 
10903.000000 2.019640e-03 
10906.000000 2.018475e-03 
10909.000000 2.016726e-03 
10912.000000 2.015560e-03 
10915.000000 2.013812e-03 
10918.000000 2.012646e-03 
10921.000000 2.010897e-03 
10924.000000 2.009732e-03 
10927.000000 2.007983e-03 
10930.000000 2.006817e-03 
10933.000000 2.005651e-03 
10936.000000 2.003903e-03 
10939.000000 2.002737e-03 
10942.000000 2.000989e-03 
10945.000000 1.999823e-03 
10948.000000 1.998074e-03 
10951.000000 1.996908e-03 
10954.000000 1.995160e-03 
10957.000000 1.993994e-03 
10960.000000 1.992828e-03 
10963.000000 1.991080e-03 
10966.000000 1.989914e-03 
10969.000000 1.988165e-03 
10972.000000 1.987000e-03 
10975.000000 1.985251e-03 
10978.000000 1.984085e-03 
10981.000000 1.982337e-03 
10984.000000 1.981171e-03 
10987.000000 1.979422e-03 
10990.000000 1.978257e-03 
10993.000000 1.977091e-03 
10996.000000 1.975342e-03 
10999.000000 1.974177e-03
11002.000000 1.973000e-03
