3000.000000 2.575831e-03 
3003.000000 2.575831e-03 
3006.000000 2.575831e-03 
3009.000000 2.575831e-03 
3012.000000 2.575831e-03 
3015.000000 2.575831e-03 
3018.000000 2.575831e-03 
3021.000000 2.575831e-03 
3024.000000 2.575831e-03 
3027.000000 2.575831e-03 
3030.000000 2.575831e-03 
3033.000000 2.575831e-03 
3036.000000 2.575831e-03 
3039.000000 2.575831e-03 
3042.000000 2.575831e-03 
3045.000000 2.575831e-03 
3048.000000 2.575831e-03 
3051.000000 2.575831e-03 
3054.000000 2.575831e-03 
3057.000000 2.575831e-03 
3060.000000 2.575831e-03 
3063.000000 2.575831e-03 
3066.000000 2.575831e-03 
3069.000000 2.575831e-03 
3072.000000 2.575831e-03 
3075.000000 2.575831e-03 
3078.000000 2.575831e-03 
3081.000000 2.575831e-03 
3084.000000 2.575831e-03 
3087.000000 2.575831e-03 
3090.000000 2.575831e-03 
3093.000000 2.575831e-03 
3096.000000 2.575831e-03 
3099.000000 2.575831e-03 
3102.000000 2.575831e-03 
3105.000000 2.575831e-03 
3108.000000 2.575831e-03 
3111.000000 2.575831e-03 
3114.000000 2.575831e-03 
3117.000000 2.575831e-03 
3120.000000 2.575831e-03 
3123.000000 2.575831e-03 
3126.000000 2.575831e-03 
3129.000000 2.575831e-03 
3132.000000 2.575831e-03 
3135.000000 2.575831e-03 
3138.000000 2.575831e-03 
3141.000000 2.575831e-03 
3144.000000 2.575831e-03 
3147.000000 2.575831e-03 
3150.000000 2.575831e-03 
3153.000000 2.575831e-03 
3156.000000 2.575831e-03 
3159.000000 2.575831e-03 
3162.000000 2.575831e-03 
3165.000000 2.575831e-03 
3168.000000 2.575831e-03 
3171.000000 2.575831e-03 
3174.000000 2.575831e-03 
3177.000000 2.575831e-03 
3180.000000 2.575831e-03 
3183.000000 2.575831e-03 
3186.000000 2.575831e-03 
3189.000000 2.575831e-03 
3192.000000 2.575831e-03 
3195.000000 2.575831e-03 
3198.000000 2.575831e-03 
3201.000000 2.575831e-03 
3204.000000 2.575831e-03 
3207.000000 2.575831e-03 
3210.000000 2.575831e-03 
3211.700000 5.982762e-03 
3214.600000 3.477242e-03 
3217.500000 4.479313e-03 
3220.400000 1.308309e-03 
3223.200000 1.968437e-03 
3226.100000 3.400339e-03 
3229.000000 1.685819e-03 
3231.900000 1.406840e-03 
3234.800000 3.197920e-03 
3237.700000 1.058993e-03 
3240.600000 3.893821e-03 
3243.500000 1.823557e-03 
3246.400000 1.048968e-03 
3249.300000 2.783057e-03 
3252.200000 2.982661e-03 
3255.000000 4.968606e-03 
3257.900000 4.130915e-03 
3260.800000 2.591624e-03 
3263.700000 4.035130e-03 
3266.600000 1.570671e-03 
3269.500000 1.377933e-03 
3272.400000 1.261206e-03 
3275.300000 3.590879e-03 
3278.100000 3.517616e-03 
3281.000000 2.126843e-03 
3283.900000 2.362838e-03 
3286.800000 2.268083e-03 
3289.700000 3.286289e-03 
3292.600000 2.208003e-03 
3295.500000 1.990478e-03 
3298.300000 3.052423e-03 
3301.200000 3.307506e-03 
3304.100000 3.695179e-03 
3307.000000 2.233545e-03 
3309.900000 1.758259e-03 
3312.800000 3.626310e-03 
3315.600000 5.159902e-03 
3318.500000 2.867032e-03 
3321.400000 3.086068e-03 
3324.300000 1.909455e-03 
3327.200000 1.844431e-03 
3330.000000 2.134533e-03 
3332.900000 1.094285e-03 
3335.800000 2.548297e-03 
3338.700000 3.935019e-03 
3341.600000 3.520362e-03 
3344.400000 2.489453e-03 
3347.300000 2.586955e-03 
3350.200000 1.508805e-03 
3353.100000 2.044859e-03 
3355.900000 2.486020e-03 
3358.800000 2.957599e-03 
3361.700000 3.103096e-03 
3364.600000 2.595194e-03 
3367.400000 3.224081e-03 
3370.300000 2.440496e-03 
3373.200000 2.599383e-03 
3376.100000 2.853299e-03 
3378.900000 3.477585e-03 
3381.800000 1.681012e-03 
3384.700000 3.513290e-03 
3387.600000 2.483823e-03 
3390.400000 2.592928e-03 
3393.300000 3.191191e-03 
3396.200000 2.408293e-03 
3399.100000 2.205599e-03 
3401.900000 2.030371e-03 
3404.800000 2.765204e-03 
3407.700000 2.894978e-03 
3410.500000 3.100281e-03 
3413.400000 2.362289e-03 
3416.300000 1.977981e-03 
3419.100000 3.062241e-03 
3422.000000 3.809503e-03 
3424.900000 3.278668e-03 
3427.800000 2.913036e-03 
3430.600000 3.192976e-03 
3433.500000 3.193045e-03 
3436.400000 2.471532e-03 
3439.200000 3.144912e-03 
3442.100000 4.852840e-03 
3445.000000 6.436282e-03 
3447.800000 4.913607e-03 
3450.700000 3.915931e-03 
3453.600000 2.742820e-03 
3456.400000 3.288555e-03 
3459.300000 2.829748e-03 
3462.100000 2.317040e-03 
3465.000000 2.388106e-03 
3467.900000 2.074659e-03 
3470.700000 2.582423e-03 
3473.600000 1.837977e-03 
3476.500000 1.971458e-03 
3479.300000 2.969340e-03 
3482.200000 1.953880e-03 
3485.100000 2.616274e-03 
3487.900000 2.825216e-03 
3490.800000 3.901306e-03 
3493.600000 1.853769e-03 
3496.500000 1.638716e-03 
3499.400000 3.223325e-03 
3502.200000 3.094376e-03 
3505.100000 3.304966e-03 
3507.900000 3.511436e-03 
3510.800000 2.733688e-03 
3513.700000 1.606582e-03 
3516.500000 2.801527e-03 
3519.400000 2.757239e-03 
3522.200000 2.887974e-03 
3525.100000 2.380484e-03 
3527.900000 2.198870e-03 
3530.800000 2.270623e-03 
3533.700000 2.406851e-03 
3536.500000 3.221609e-03 
3539.400000 3.151778e-03 
3542.200000 2.219813e-03 
3545.100000 3.101929e-03 
3547.900000 2.476476e-03 
3550.800000 2.527286e-03 
3553.600000 2.559421e-03 
3556.500000 2.848699e-03 
3559.400000 3.219755e-03 
3562.200000 2.399779e-03 
3565.100000 2.511151e-03 
3567.900000 2.886738e-03 
3570.800000 2.972499e-03 
3573.600000 2.671273e-03 
3576.500000 2.305230e-03 
3579.300000 3.161940e-03 
3582.200000 2.914272e-03 
3585.000000 2.529072e-03 
3587.900000 3.124588e-03 
3590.700000 3.538970e-03 
3593.600000 3.499901e-03 
3596.400000 2.830915e-03 
3599.300000 2.948192e-03 
3602.100000 2.439466e-03 
3605.000000 3.349872e-03 
3607.800000 2.989527e-03 
3610.700000 2.961101e-03 
3613.500000 3.057572e-03 
3616.400000 3.779085e-03 
3619.200000 3.120262e-03 
3622.100000 3.397798e-03 
3624.900000 2.531887e-03 
3627.800000 6.217453e-03 
3630.600000 1.316322e-02 
3633.500000 4.364988e-03 
3636.300000 2.664407e-03 
3639.200000 3.767138e-03 
3642.000000 3.311626e-03 
3644.800000 2.170787e-03 
3647.700000 2.605288e-03 
3650.500000 2.705605e-03 
3653.400000 2.580020e-03 
3656.200000 1.955459e-03 
3659.100000 2.108853e-03 
3661.900000 1.621069e-03 
3664.800000 2.213496e-03 
3667.600000 2.832014e-03 
3670.400000 1.233740e-03 
3673.300000 2.135769e-03 
3676.100000 1.377384e-03 
3679.000000 2.687821e-03 
3681.800000 1.201537e-03 
3684.600000 2.020552e-03 
3687.500000 1.898812e-03 
3690.300000 1.876840e-03 
3693.200000 2.001258e-03 
3696.000000 2.054334e-03 
3698.800000 2.131306e-03 
3701.700000 2.207453e-03 
3704.500000 2.625681e-03 
3707.400000 2.468648e-03 
3710.200000 2.018492e-03 
3713.000000 3.144431e-03 
3715.900000 6.971237e-03 
3718.700000 2.714476e-02 
3721.600000 7.492714e-02 
3724.400000 1.591230e-01 
3727.200000 2.290147e-01 
3730.100000 1.890698e-01 
3732.900000 7.112148e-02 
3735.700000 8.402659e-03 
3738.600000 2.682191e-03 
3741.400000 1.942894e-03 
3744.300000 2.073285e-03 
3747.100000 2.272409e-03 
3749.900000 3.084214e-03 
3752.800000 3.257932e-03 
3755.600000 1.544853e-03 
3758.400000 2.227434e-03 
3761.300000 2.193309e-03 
3764.100000 1.498025e-03 
3766.900000 1.481203e-03 
3769.800000 3.315334e-03 
3772.600000 2.976756e-03 
3775.400000 1.684995e-03 
3778.300000 7.195217e-04 
3781.100000 8.199759e-04 
3783.900000 4.914225e-04 
3786.800000 1.003925e-03 
3789.600000 1.074785e-03 
3792.400000 1.215888e-03 
3795.200000 3.256352e-03 
3798.100000 3.718456e-03 
3800.900000 3.175742e-03 
3803.700000 1.176681e-03 
3806.600000 8.083032e-04 
3809.400000 5.780755e-04 
3812.200000 1.141594e-03 
3815.100000 1.236418e-03 
3817.900000 1.638441e-03 
3820.700000 1.406360e-03 
3823.500000 9.638940e-04 
3826.400000 7.844084e-04 
3829.200000 1.686437e-03 
3832.000000 3.339091e-03 
3834.900000 5.346529e-03 
3837.700000 4.988176e-03 
3840.500000 2.075757e-03 
3843.300000 5.583691e-04 
3846.200000 5.376329e-04 
3849.000000 1.078218e-03 
3851.800000 7.891462e-04 
3854.600000 1.367702e-03 
3857.500000 3.318355e-03 
3860.300000 1.105656e-02 
3863.100000 2.465922e-02 
3865.900000 4.899991e-02 
3868.800000 8.275241e-02 
3871.600000 6.266828e-02 
3874.400000 1.405955e-02 
3877.200000 1.740681e-03 
3880.100000 2.768912e-03 
3882.900000 5.498343e-03 
3885.700000 9.184870e-03 
3888.500000 1.527042e-02 
3891.300000 1.381456e-02 
3894.200000 4.357985e-03 
3897.000000 9.085515e-04 
3899.800000 3.359004e-04 
3902.600000 5.281573e-04 
3905.500000 7.433478e-04 
3908.300000 9.456296e-04 
3911.100000 8.891198e-04 
3913.900000 6.056094e-04 
3916.700000 1.027064e-03 
3919.600000 9.787939e-04 
3922.400000 1.158486e-03 
3925.200000 9.075215e-04 
3928.000000 7.292719e-04 
3930.800000 5.999104e-04 
3933.700000 6.641105e-04 
3936.500000 3.792955e-04 
3939.300000 6.026569e-04 
3942.100000 4.957483e-05 
3944.900000 5.337191e-04 
3947.700000 6.086306e-04 
3950.600000 8.719540e-04 
3953.400000 9.978136e-04 
3956.200000 1.623473e-03 
3959.000000 4.035336e-03 
3961.800000 9.511982e-03 
3964.600000 1.884523e-02 
3967.500000 3.411174e-02 
3970.300000 3.180349e-02 
3973.100000 1.173715e-02 
3975.900000 2.374099e-03 
3978.700000 7.009826e-04 
3981.500000 9.669838e-04 
3984.400000 2.100407e-04 
3987.200000 6.550469e-04 
3990.000000 5.428513e-04 
3992.800000 9.605982e-04 
3995.600000 9.325149e-04 
3998.400000 7.774048e-04 
4001.200000 8.225165e-04 
4004.100000 7.486349e-04 
4006.900000 6.448848e-04 
4009.700000 4.731581e-04 
4012.500000 6.777744e-04 
4015.300000 3.779223e-04 
4018.100000 9.587443e-04 
4020.900000 1.187599e-03 
4023.700000 1.018138e-03 
4026.500000 8.387210e-04 
4029.400000 2.111393e-03 
4032.200000 7.910001e-04 
4035.000000 8.392703e-04 
4037.800000 5.916021e-04 
4040.600000 7.638781e-04 
4043.400000 5.189565e-04 
4046.200000 9.476895e-04 
4049.000000 8.286275e-04 
4051.800000 4.520098e-04 
4054.700000 7.685472e-04 
4057.500000 2.440290e-04 
4060.300000 1.249464e-03 
4063.100000 8.797129e-04 
4065.900000 1.516289e-03 
4068.700000 2.669282e-03 
4071.500000 1.939873e-03 
4074.300000 1.636244e-03 
4077.100000 1.104585e-03 
4079.900000 1.287298e-03 
4082.700000 7.941586e-04 
4085.500000 7.651140e-04 
4088.300000 1.187461e-03 
4091.200000 1.656706e-03 
4094.000000 3.749491e-03 
4096.800000 6.359654e-03 
4099.600000 1.398209e-02 
4102.400000 1.895084e-02 
4105.200000 1.252959e-02 
4108.000000 1.965621e-03 
4110.800000 1.055353e-03 
4113.600000 4.734328e-04 
4116.400000 1.050753e-03 
4119.200000 1.193092e-03 
4122.000000 9.477582e-04 
4124.800000 7.042098e-04 
4127.600000 5.157293e-04 
4130.400000 5.470397e-04 
4133.200000 8.062433e-04 
4136.000000 5.933874e-04 
4138.800000 8.381030e-04 
4141.600000 6.746846e-04 
4144.400000 7.824858e-04 
4147.200000 1.063730e-03 
4150.000000 7.953258e-04 
4152.800000 7.833785e-04 
4155.700000 5.149740e-04 
4158.500000 7.272120e-04 
4161.300000 5.680507e-04 
4164.100000 6.093859e-04 
4166.900000 4.331961e-04 
4169.700000 5.251362e-04 
4172.500000 8.647443e-04 
4175.300000 7.200710e-04 
4178.100000 3.873978e-04 
4180.900000 9.757727e-04 
4183.700000 7.810439e-04 
4186.500000 7.195217e-04 
4189.300000 9.037450e-04 
4192.100000 6.832675e-04 
4194.900000 1.084535e-03 
4197.700000 6.132997e-04 
4200.500000 7.142346e-04 
4203.300000 7.690278e-04 
4206.100000 6.932923e-04 
4208.900000 3.815614e-04 
4211.700000 9.206362e-04 
4214.500000 6.306028e-04 
4217.200000 6.170075e-04 
4220.000000 5.569959e-04 
4222.800000 8.424975e-04 
4225.600000 2.952518e-04 
4228.400000 9.038137e-04 
4231.200000 4.314109e-04 
4234.000000 6.199600e-04 
4236.800000 9.110920e-04 
4239.600000 6.523004e-04 
4242.400000 8.611052e-04 
4245.200000 7.773361e-04 
4248.000000 7.358635e-04 
4250.800000 6.430995e-04 
4253.600000 3.448953e-04 
4256.400000 7.373741e-04 
4259.200000 9.474835e-04 
4262.000000 8.012995e-04 
4264.800000 9.286698e-04 
4267.600000 1.048899e-03 
4270.400000 8.576720e-04 
4273.200000 6.642478e-04 
4276.000000 7.458883e-04 
4278.800000 9.416471e-04 
4281.600000 6.192047e-04 
4284.300000 6.737920e-04 
4287.100000 5.909842e-04 
4289.900000 6.434428e-04 
4292.700000 8.824594e-04 
4295.500000 6.575188e-04 
4298.300000 5.614590e-04 
4301.100000 8.490205e-04 
4303.900000 6.170762e-04 
4306.700000 1.203666e-03 
4309.500000 7.626422e-04 
4312.300000 5.920141e-04 
4315.100000 8.287648e-04 
4317.900000 8.378284e-04 
4320.700000 6.656211e-04 
4323.400000 7.894208e-04 
4326.200000 1.249121e-03 
4329.000000 2.775092e-03 
4331.800000 4.648499e-03 
4334.600000 7.285784e-03 
4337.400000 1.652071e-02 
4340.200000 3.456430e-02 
4343.000000 3.065263e-02 
4345.800000 9.039442e-03 
4348.600000 1.259764e-03 
4351.400000 9.085515e-04 
4354.100000 1.418238e-03 
4356.900000 1.899361e-03 
4359.700000 2.944827e-03 
4362.500000 6.438068e-03 
4365.300000 6.096468e-03 
4368.100000 2.796240e-03 
4370.900000 5.151800e-04 
4373.700000 8.025355e-04 
4376.500000 9.563411e-04 
4379.200000 8.359058e-04 
4382.000000 9.381453e-04 
4384.800000 5.907782e-04 
4387.600000 9.051183e-04 
4390.400000 1.190826e-03 
4393.200000 7.166378e-04 
4396.000000 1.819575e-04 
4398.800000 5.844612e-04 
4401.500000 6.492792e-04 
4404.300000 7.882535e-04 
4407.100000 6.508585e-04 
4409.900000 9.254426e-04 
4412.700000 7.029738e-04 
4415.500000 4.732268e-04 
4418.300000 7.564625e-04 
4421.100000 8.088525e-04 
4423.800000 5.211537e-04 
4426.600000 5.622829e-04 
4429.400000 4.247506e-04 
4432.200000 6.349973e-04 
4435.000000 6.731054e-04 
4437.800000 5.898856e-04 
4440.600000 3.814241e-04 
4443.300000 7.314004e-04 
4446.100000 4.397878e-04 
4448.900000 4.700683e-04 
4451.700000 7.517247e-04 
4454.500000 2.763694e-04 
4457.300000 6.126131e-04 
4460.000000 8.072732e-04 
4462.800000 9.869648e-04 
4465.600000 1.218085e-03 
4468.400000 2.028723e-03 
4471.200000 4.573862e-03 
4474.000000 4.370207e-03 
4476.700000 1.413501e-03 
4479.500000 5.329638e-04 
4482.300000 4.651245e-04 
4485.100000 -8.882958e-04 
4487.900000 1.841547e-04 
4490.700000 4.006498e-04 
4493.400000 5.712778e-04 
4496.200000 8.104318e-04 
4499.000000 6.127504e-04 
4501.800000 6.461207e-04 
4504.600000 6.638358e-04 
4507.400000 4.277717e-04 
4510.100000 7.797393e-04 
4512.900000 6.244231e-04 
4515.700000 5.793801e-04 
4518.500000 2.447843e-04 
4521.300000 7.018066e-04 
4524.000000 7.105955e-04 
4526.800000 6.628059e-04 
4529.600000 7.447211e-04 
4532.400000 5.197118e-04 
4535.200000 6.856021e-04 
4538.000000 8.749065e-04 
4540.700000 9.472775e-04 
4543.500000 1.111039e-03 
4546.300000 7.952572e-04 
4549.100000 7.000213e-04 
4551.900000 5.859031e-04 
4554.600000 6.114458e-04 
4557.400000 7.497335e-04 
4560.200000 8.955741e-04 
4563.000000 1.113168e-03 
4565.800000 9.816091e-04 
4568.500000 1.021708e-03 
4571.300000 1.350056e-03 
4574.100000 1.446528e-03 
4576.900000 7.583850e-04 
4579.700000 6.634238e-04 
4582.400000 5.451858e-04 
4585.200000 5.519148e-04 
4588.000000 4.949930e-04 
4590.800000 7.602390e-04 
4593.500000 6.833362e-04 
4596.300000 5.674327e-04 
4599.100000 3.293774e-04 
4601.900000 7.139600e-04 
4604.700000 5.766336e-04 
4607.400000 5.979878e-04 
4610.200000 7.033172e-04 
4613.000000 7.563252e-04 
4615.800000 6.851214e-04 
4618.500000 6.619133e-04 
4621.300000 4.327155e-04 
4624.100000 6.062961e-04 
4626.900000 7.451330e-04 
4629.700000 9.426771e-04 
4632.400000 1.026378e-03 
4635.200000 1.363239e-03 
4638.000000 1.235045e-03 
4640.800000 1.688428e-03 
4643.500000 1.631575e-03 
4646.300000 1.056589e-03 
4649.100000 9.249620e-04 
4651.900000 8.884331e-04 
4654.600000 8.143456e-04 
4657.400000 3.482598e-04 
4660.200000 5.383882e-04 
4663.000000 9.097187e-04 
4665.700000 6.704275e-04 
4668.500000 5.684626e-04 
4671.300000 9.872395e-04 
4674.100000 1.417071e-03 
4676.800000 1.646475e-03 
4679.600000 2.725311e-03 
4682.400000 5.591038e-03 
4685.200000 1.278859e-02 
4687.900000 1.106398e-02 
4690.700000 3.384684e-03 
4693.500000 7.218562e-04 
4696.300000 9.934192e-04 
4699.000000 7.368248e-04 
4701.800000 7.509694e-04 
4704.600000 9.412351e-04 
4707.400000 1.006122e-03 
4710.100000 1.883363e-03 
4712.900000 2.427519e-03 
4715.700000 1.566482e-03 
4718.500000 7.253580e-04 
4721.200000 4.208368e-04 
4724.000000 4.913539e-04 
4726.800000 7.744522e-04 
4729.600000 9.282578e-04 
4732.300000 8.238211e-04 
4735.100000 5.933874e-04 
4737.900000 1.396472e-03 
4740.700000 1.820948e-03 
4743.400000 1.301648e-03 
4746.200000 7.855757e-04 
4749.000000 2.945651e-04 
4751.700000 -7.267244e-03 
4754.500000 -2.538410e-03 
4757.300000 6.115831e-04 
4760.100000 3.015688e-04 
4762.800000 4.643692e-04 
4765.600000 5.552106e-04 
4768.400000 7.655260e-04 
4771.200000 5.379762e-04 
4773.900000 5.861777e-04 
4776.700000 6.988541e-04 
4779.500000 4.828396e-04 
4782.200000 6.048541e-04 
4785.000000 5.488250e-04 
4787.800000 3.838960e-04 
4790.600000 6.856021e-04 
4793.300000 6.115831e-04 
4796.100000 5.843925e-04 
4798.900000 5.519835e-04 
4801.700000 6.229812e-04 
4804.400000 6.793537e-04 
4807.200000 5.083137e-04 
4810.000000 6.328687e-04 
4812.700000 6.133684e-04 
4815.500000 5.511595e-04 
4818.300000 5.043999e-04 
4821.100000 5.659221e-04 
4823.800000 5.039879e-04 
4826.600000 5.537687e-04 
4829.400000 6.952836e-04 
4832.100000 4.970529e-04 
4834.900000 6.972748e-04 
4837.700000 4.845562e-04 
4840.400000 7.373741e-04 
4843.200000 9.393126e-04 
4846.000000 1.624846e-03 
4848.800000 3.780733e-03 
4851.500000 7.409103e-03 
4854.300000 1.186095e-02 
4857.100000 2.084937e-02 
4859.800000 6.751755e-02 
4862.600000 8.443836e-02 
4865.400000 4.649611e-02 
4868.200000 2.947299e-03 
4870.900000 7.224742e-04 
4873.700000 6.960389e-04 
4876.500000 7.021499e-04 
4879.200000 6.452968e-04 
4882.000000 4.903239e-04 
4884.800000 3.976286e-04 
4887.500000 5.680507e-04 
4890.300000 7.444464e-04 
4893.100000 5.925634e-04 
4895.800000 5.399674e-04 
4898.600000 7.195217e-04 
4901.400000 7.162945e-04 
4904.200000 5.979191e-04 
4906.900000 7.145779e-04 
4909.700000 5.860404e-04 
4912.500000 6.536737e-04 
4915.200000 7.268686e-04 
4918.000000 7.145779e-04 
4920.800000 1.494798e-03 
4923.500000 1.693097e-03 
4926.300000 1.295949e-03 
4929.100000 7.206203e-04 
4931.800000 8.356998e-04 
4934.600000 1.046084e-03 
4937.400000 1.132256e-03 
4940.200000 1.663709e-03 
4942.900000 3.651921e-03 
4945.700000 9.661118e-03 
4948.500000 2.313332e-02 
4951.200000 3.894961e-02 
4954.000000 6.100320e-02 
4956.800000 1.972981e-01 
4959.500000 3.387668e-01 
4962.300000 2.400776e-01 
4965.100000 2.537648e-02 
4967.800000 2.002700e-03 
4970.600000 1.452021e-03 
4973.400000 1.379375e-03 
4976.100000 1.240057e-03 
4978.900000 1.555908e-03 
4981.700000 1.622099e-03 
4984.400000 2.035177e-03 
4987.200000 3.070000e-03 
4990.000000 6.827800e-03 
4992.800000 2.064847e-02 
4995.500000 5.547568e-02 
4998.300000 9.889128e-02 
5001.100000 1.515014e-01 
5003.800000 3.925791e-01 
5006.600000 1.000000e+00 
5009.400000 8.843489e-01 
5012.100000 2.172721e-01 
5014.900000 8.633161e-03 
5017.700000 4.356817e-03 
5020.400000 2.779212e-03 
5023.200000 1.635763e-03 
5026.000000 1.161232e-03 
5028.700000 1.091402e-03 
5031.500000 9.867589e-04 
5034.300000 9.354674e-04 
5037.000000 9.800299e-04 
5039.800000 8.738079e-04 
5042.600000 8.496384e-04 
5045.300000 6.407650e-04 
5048.100000 9.724769e-04 
5050.900000 2.156230e-03 
5053.600000 9.096501e-04 
5056.400000 7.824172e-04 
5059.200000 7.263193e-04 
5061.900000 5.839805e-04 
5064.700000 6.792164e-04 
5067.500000 5.938680e-04 
5070.200000 6.910264e-04 
5073.000000 7.033172e-04 
5075.800000 6.568322e-04 
5078.500000 6.075320e-04 
5081.300000 6.184494e-04 
5084.100000 6.192734e-04 
5086.800000 5.707972e-04 
5089.600000 6.821002e-04 
5092.400000 5.521895e-04 
5095.100000 6.460521e-04 
5097.900000 5.581632e-04 
5100.700000 4.688323e-04 
5103.500000 6.140550e-04 
5106.200000 6.801777e-04 
5109.000000 6.003224e-04 
5111.800000 7.730790e-04 
5114.500000 7.537846e-04 
5117.300000 6.216766e-04 
5120.100000 6.736547e-04 
5122.800000 5.190938e-04 
5125.600000 6.451594e-04 
5128.400000 7.457510e-04 
5131.100000 6.553902e-04 
5133.900000 8.891198e-04 
5136.700000 5.744363e-04 
5139.400000 5.719645e-04 
5142.200000 5.039879e-04 
5145.000000 5.484130e-04 
5147.700000 7.217876e-04 
5150.500000 5.563779e-04 
5153.300000 5.865211e-04 
5156.000000 6.088366e-04 
5158.800000 6.332807e-04 
5161.600000 7.104581e-04 
5164.300000 5.592618e-04 
5167.100000 7.793273e-04 
5169.900000 6.584114e-04 
5172.600000 6.704962e-04 
5175.400000 6.790104e-04 
5178.200000 5.567212e-04 
5180.900000 6.623252e-04 
5183.700000 8.290395e-04 
5186.500000 9.107487e-04 
5189.200000 1.002277e-03 
5192.000000 1.614890e-03 
5194.800000 2.229288e-03 
5197.500000 5.437782e-03 
5200.300000 7.382118e-03 
5203.100000 4.408864e-03 
5205.800000 1.269651e-03 
5208.600000 7.281046e-04 
5211.400000 4.923151e-04 
5214.100000 7.068876e-04 
5216.900000 7.133420e-04 
5219.700000 6.294356e-04 
5222.400000 6.152909e-04 
5225.200000 5.431259e-04 
5228.000000 5.894049e-04 
5230.700000 6.117891e-04 
5233.500000 6.916444e-04 
5236.300000 6.857394e-04 
5239.000000 6.920564e-04 
5241.800000 5.703852e-04 
5244.600000 6.361646e-04 
5247.300000 6.937043e-04 
5250.100000 5.184072e-04 
5252.900000 5.571332e-04 
5255.600000 5.894049e-04 
5258.400000 5.582318e-04 
5261.200000 7.590717e-04 
5263.900000 5.315905e-04 
5266.700000 7.304391e-04 
5269.500000 5.583005e-04 
5272.200000 6.924684e-04 
5275.000000 6.938416e-04 
5277.800000 6.677496e-04 
5280.500000 5.719645e-04 
5283.300000 6.212646e-04 
5286.100000 6.262770e-04 
5288.800000 6.508585e-04 
5291.600000 6.224319e-04 
5294.400000 6.293669e-04 
5297.100000 6.101412e-04 
5299.900000 5.368089e-04 
5302.700000 6.116518e-04 
5305.400000 5.534941e-04 
5308.200000 6.503092e-04 
5311.000000 5.821953e-04 
5313.700000 5.664027e-04 
5316.500000 6.836108e-04 
5319.300000 6.085619e-04 
5322.000000 5.475204e-04 
5324.800000 5.452545e-04 
5327.600000 5.504729e-04 
5330.300000 7.092909e-04 
5333.100000 4.870281e-04 
5335.900000 7.203456e-04 
5338.600000 5.711405e-04 
5341.400000 6.608833e-04 
5344.200000 5.392808e-04 
5346.900000 6.720067e-04 
5349.700000 7.109388e-04 
5352.500000 6.575875e-04 
5355.200000 5.848731e-04 
5358.000000 6.476313e-04 
5360.800000 5.836372e-04 
5363.500000 6.202347e-04 
5366.300000 6.116518e-04 
5369.100000 6.214020e-04 
5371.800000 6.658271e-04 
5374.600000 7.316751e-04 
5377.400000 7.432105e-04 
5380.100000 6.730367e-04 
5382.900000 6.245605e-04 
5385.700000 6.148103e-04 
5388.400000 6.802463e-04 
5391.200000 5.352296e-04 
5394.000000 5.953099e-04 
5396.700000 5.454605e-04 
5399.500000 6.980988e-04 
5402.300000 8.024668e-04 
5405.000000 7.704011e-04 
5407.800000 9.761161e-04 
5410.600000 1.813944e-03 
5413.300000 1.656362e-03 
5416.100000 9.560664e-04 
5418.900000 5.502669e-04 
5421.600000 5.511595e-04 
5424.400000 5.749170e-04 
5427.200000 5.845298e-04 
5429.900000 5.455291e-04 
5432.700000 6.274443e-04 
5435.500000 7.386100e-04 
5438.200000 5.794487e-04 
5441.000000 6.780491e-04 
5443.800000 6.343793e-04 
5446.500000 6.967255e-04 
5449.300000 5.490996e-04 
5452.100000 6.819629e-04 
5454.800000 5.778695e-04 
5457.600000 5.997731e-04 
5460.400000 5.613903e-04 
5463.200000 6.331434e-04 
5465.900000 6.316328e-04 
5468.700000 6.241485e-04 
5471.500000 5.782128e-04 
5474.200000 5.558973e-04 
5477.000000 6.400097e-04 
5479.800000 6.542230e-04 
5482.500000 6.389111e-04 
5485.300000 6.039615e-04 
5488.100000 5.464904e-04 
5490.800000 5.897482e-04 
5493.600000 6.946656e-04 
5496.400000 5.655101e-04 
5499.100000 6.182435e-04 
5501.900000 5.604290e-04 
5504.700000 6.874560e-04 
5507.400000 5.738184e-04 
5510.200000 6.853274e-04 
5513.000000 7.037291e-04 
5515.700000 1.146675e-03 
5518.500000 1.528512e-03 
5521.300000 1.159378e-03 
5524.000000 7.688905e-04 
5526.800000 6.763325e-04 
5529.600000 6.919191e-04 
5532.300000 7.030425e-04 
5535.100000 8.659116e-04 
5537.900000 1.205176e-03 
5540.600000 1.206000e-03 
5543.400000 7.911374e-04 
5546.200000 5.579572e-04 
5549.000000 6.419323e-04 
5551.700000 5.906408e-04 
5554.500000 6.426189e-04 
5557.300000 6.590294e-04 
5560.000000 5.617336e-04 
5562.800000 4.386205e-04 
5565.600000 6.533304e-04 
5568.300000 7.175991e-04 
5571.100000 3.965986e-04 
5573.900000 -3.360377e-04 
5576.600000 1.134591e-03 
5579.400000 1.894349e-03 
5582.200000 9.652673e-04 
5584.900000 5.137381e-04 
5587.700000 6.886919e-04 
5590.500000 7.292032e-04 
5593.200000 6.981674e-04 
5596.000000 5.962026e-04 
5598.800000 6.672690e-04 
5601.600000 5.687373e-04 
5604.300000 6.544976e-04 
5607.100000 5.946920e-04 
5609.900000 6.412456e-04 
5612.600000 6.998840e-04 
5615.400000 5.876197e-04 
5618.200000 6.170075e-04 
5620.900000 6.088366e-04 
5623.700000 6.387051e-04 
5626.500000 6.316328e-04 
5629.200000 5.723764e-04 
5632.000000 6.798343e-04 
5634.800000 6.017643e-04 
5637.500000 6.607460e-04 
5640.300000 6.883486e-04 
5643.100000 6.982361e-04 
5645.900000 6.430309e-04 
5648.600000 6.831302e-04 
5651.400000 6.229126e-04 
5654.200000 6.127504e-04 
5656.900000 6.219513e-04 
5659.700000 6.441295e-04 
5662.500000 7.484975e-04 
5665.200000 6.806583e-04 
5668.000000 7.851637e-04 
5670.800000 6.681616e-04 
5673.500000 5.278140e-04 
5676.300000 6.606086e-04 
5679.100000 6.396664e-04 
5681.900000 6.391171e-04 
5684.600000 7.467123e-04 
5687.400000 6.658957e-04 
5690.200000 6.485239e-04 
5692.900000 7.647707e-04 
5695.700000 6.185868e-04 
5698.500000 5.130514e-04 
5701.200000 6.300535e-04 
5704.000000 6.456401e-04 
5706.800000 5.702479e-04 
5709.600000 7.292032e-04 
5712.300000 6.729680e-04 
5715.100000 6.516138e-04 
5717.900000 6.769505e-04 
5720.600000 6.920564e-04 
5723.400000 6.192047e-04 
5726.200000 5.655101e-04 
5728.900000 6.176941e-04 
5731.700000 6.252471e-04 
5734.500000 6.596474e-04 
5737.300000 6.176255e-04 
5740.000000 7.419745e-04 
5742.800000 8.416048e-04 
5745.600000 1.067919e-03 
5748.300000 1.408832e-03 
5751.100000 2.606249e-03 
5753.900000 8.612151e-03 
5756.700000 9.726417e-03 
5759.400000 4.020093e-03 
5762.200000 7.712251e-04 
5765.000000 6.278563e-04 
5767.700000 5.697672e-04 
5770.500000 7.235728e-04 
5773.300000 7.059264e-04 
5776.100000 6.592354e-04 
5778.800000 7.110761e-04 
5781.600000 6.452968e-04 
5784.400000 5.966832e-04 
5787.100000 4.876460e-04 
5789.900000 6.194107e-04 
5792.700000 6.503092e-04 
5795.400000 6.533990e-04 
5798.200000 6.152223e-04 
5801.000000 6.363019e-04 
5803.800000 5.392121e-04 
5806.500000 6.384991e-04 
5809.300000 5.788308e-04 
5812.100000 6.410396e-04 
5814.800000 5.699046e-04 
5817.600000 7.169811e-04 
5820.400000 5.921514e-04 
5823.200000 6.640418e-04 
5825.900000 6.428249e-04 
5828.700000 6.417263e-04 
5831.500000 6.593727e-04 
5834.300000 6.792164e-04 
5837.000000 6.107592e-04 
5839.800000 7.564625e-04 
5842.600000 6.008717e-04 
5845.300000 6.386364e-04 
5848.100000 5.796547e-04 
5850.900000 6.575188e-04 
5853.700000 6.242858e-04 
5856.400000 5.711405e-04 
5859.200000 6.075320e-04 
5862.000000 7.264567e-04 
5864.700000 1.042033e-03 
5867.500000 1.650045e-03 
5870.300000 2.552554e-03 
5873.100000 8.091821e-03 
5875.800000 1.949609e-02 
5878.600000 1.698982e-02 
5881.400000 3.371569e-03 
5884.200000 6.968628e-04 
5886.900000 4.565416e-04 
5889.700000 7.952572e-04 
5892.500000 7.931973e-04 
5895.200000 5.981251e-04 
5898.000000 7.402580e-04 
5900.800000 6.396664e-04 
5903.600000 6.394604e-04 
5906.300000 6.445415e-04 
5909.100000 5.808220e-04 
5911.900000 6.215393e-04 
5914.700000 6.816196e-04 
5917.400000 6.633552e-04 
5920.200000 6.200974e-04 
5923.000000 6.089053e-04 
5925.800000 7.033858e-04 
5928.500000 7.033172e-04 
5931.300000 6.191361e-04 
5934.100000 7.277613e-04 
5936.900000 6.599220e-04 
5939.600000 5.468337e-04 
5942.400000 6.534677e-04 
5945.200000 5.629009e-04 
5948.000000 6.305342e-04 
5950.700000 5.458038e-04 
5953.500000 6.764698e-04 
5956.300000 6.803150e-04 
5959.000000 6.214020e-04 
5961.800000 6.621192e-04 
5964.600000 5.570645e-04 
5967.400000 6.764012e-04 
5970.100000 6.554589e-04 
5972.900000 5.708658e-04 
5975.700000 6.019016e-04 
5978.500000 5.932501e-04 
5981.200000 5.134634e-04 
5984.000000 5.228703e-04 
5986.800000 4.961603e-04 
5989.600000 6.156343e-04 
5992.300000 7.432791e-04 
5995.100000 6.739980e-04 
5997.900000 5.344744e-04 
6000.700000 6.730367e-04 
6003.400000 6.334180e-04 
6006.200000 6.255218e-04 
6009.000000 6.400097e-04 
6011.800000 6.823749e-04 
6014.600000 5.905722e-04 
6017.300000 7.206890e-04 
6020.100000 5.285693e-04 
6022.900000 6.330747e-04 
6025.700000 5.491683e-04 
6028.400000 6.323194e-04 
6031.200000 5.437439e-04 
6034.000000 6.508585e-04 
6036.800000 6.768132e-04 
6039.500000 7.487035e-04 
6042.300000 5.973012e-04 
6045.100000 6.199600e-04 
6047.900000 6.116518e-04 
6050.600000 6.106218e-04 
6053.400000 5.407227e-04 
6056.200000 5.865897e-04 
6059.000000 6.794910e-04 
6061.700000 6.365765e-04 
6064.500000 5.902289e-04 
6067.300000 6.362332e-04 
6070.100000 6.672690e-04 
6072.900000 6.566948e-04 
6075.600000 6.636985e-04 
6078.400000 6.203720e-04 
6081.200000 6.840915e-04 
6084.000000 7.289285e-04 
6086.700000 6.153596e-04 
6089.500000 5.723764e-04 
6092.300000 6.411083e-04 
6095.100000 7.294778e-04 
6097.900000 6.207840e-04 
6100.600000 7.948452e-04 
6103.400000 7.432791e-04 
6106.200000 6.518884e-04 
6109.000000 6.766758e-04 
6111.700000 5.831566e-04 
6114.500000 5.815773e-04 
6117.300000 6.611580e-04 
6120.100000 6.548409e-04 
6122.900000 6.028629e-04 
6125.600000 5.890616e-04 
6128.400000 6.693975e-04 
6131.200000 5.025460e-04 
6134.000000 5.539060e-04 
6136.700000 6.821689e-04 
6139.500000 7.165692e-04 
6142.300000 5.405167e-04 
6145.100000 5.985371e-04 
6147.900000 6.716634e-04 
6150.600000 6.203720e-04 
6153.400000 7.086042e-04 
6156.200000 6.755086e-04 
6159.000000 7.083982e-04 
6161.800000 5.782128e-04 
6164.500000 7.064070e-04 
6167.300000 6.328687e-04 
6170.100000 7.549519e-04 
6172.900000 6.530557e-04 
6175.700000 6.286803e-04 
6178.400000 6.067080e-04 
6181.200000 6.809330e-04 
6184.000000 6.148790e-04 
6186.800000 5.741617e-04 
6189.600000 5.808907e-04 
6192.300000 7.259760e-04 
6195.100000 6.836108e-04 
6197.900000 6.438548e-04 
6200.700000 6.303282e-04 
6203.500000 6.252471e-04 
6206.200000 7.219249e-04 
6209.000000 6.105532e-04 
6211.800000 6.597160e-04 
6214.600000 6.356152e-04 
6217.400000 7.896268e-04 
6220.100000 5.398987e-04 
6222.900000 6.737920e-04 
6225.700000 6.631492e-04 
6228.500000 6.005970e-04 
6231.300000 6.573128e-04 
6234.100000 7.053084e-04 
6236.800000 7.583850e-04 
6239.600000 7.324990e-04 
6242.400000 6.737233e-04 
6245.200000 7.614062e-04 
6248.000000 6.991974e-04 
6250.700000 6.160462e-04 
6253.500000 5.826759e-04 
6256.300000 6.216766e-04 
6259.100000 9.137699e-04 
6261.900000 6.961075e-04 
6264.700000 5.856284e-04 
6267.400000 6.554589e-04 
6270.200000 6.701528e-04 
6273.000000 5.954473e-04 
6275.800000 6.074633e-04 
6278.600000 7.070250e-04 
6281.400000 7.016692e-04 
6284.100000 4.845562e-04 
6286.900000 6.531930e-04 
6289.700000 7.654574e-04 
6292.500000 1.294851e-03 
6295.300000 1.922982e-03 
6298.100000 1.365388e-02 
6300.800000 3.669897e-02 
6303.600000 3.340183e-02 
6306.400000 6.452075e-03 
6309.200000 1.551445e-03 
6312.000000 2.222078e-03 
6314.800000 1.949074e-03 
6317.500000 1.066683e-03 
6320.300000 7.183544e-04 
6323.100000 7.305078e-04 
6325.900000 6.937043e-04 
6328.700000 7.318811e-04 
6331.500000 7.929913e-04 
6334.200000 7.348336e-04 
6337.000000 5.841865e-04 
6339.800000 7.167065e-04 
6342.600000 7.356575e-04 
6345.400000 7.926480e-04 
6348.200000 7.383354e-04 
6351.000000 7.607883e-04 
6353.700000 7.437598e-04 
6356.500000 8.302068e-04 
6359.300000 1.248022e-03 
6362.100000 7.145093e-03 
6364.900000 1.355508e-02 
6367.700000 1.046317e-02 
6370.500000 1.780986e-03 
6373.200000 7.334603e-04 
6376.000000 6.867007e-04 
6378.800000 5.953786e-04 
6381.600000 6.104845e-04 
6384.400000 5.897482e-04 
6387.200000 6.276503e-04 
6390.000000 7.522740e-04 
6392.700000 7.112134e-04 
6395.500000 6.568322e-04 
6398.300000 6.421382e-04 
6401.100000 7.287225e-04 
6403.900000 6.867693e-04 
6406.700000 7.546086e-04 
6409.500000 7.103895e-04 
6412.300000 6.820316e-04 
6415.000000 6.547036e-04 
6417.800000 6.899278e-04 
6420.600000 6.455714e-04 
6423.400000 6.654837e-04 
6426.200000 7.065443e-04 
6429.000000 6.788731e-04 
6431.800000 7.217189e-04 
6434.600000 7.366188e-04 
6437.300000 6.733800e-04 
6440.100000 6.343793e-04 
6442.900000 6.321134e-04 
6445.700000 7.022185e-04 
6448.500000 7.548832e-04 
6451.300000 7.340783e-04 
6454.100000 6.203720e-04 
6456.900000 6.086993e-04 
6459.700000 7.349709e-04 
6462.400000 7.183544e-04 
6465.200000 7.182171e-04 
6468.000000 6.801777e-04 
6470.800000 7.187664e-04 
6473.600000 6.868380e-04 
6476.400000 7.066817e-04 
6479.200000 1.682180e-03 
6482.000000 8.549255e-04 
6484.800000 7.011199e-04 
6487.500000 7.134107e-04 
6490.300000 6.190674e-04 
6493.100000 6.632865e-04 
6495.900000 5.839119e-04 
6498.700000 7.450644e-04 
6501.500000 8.240271e-04 
6504.300000 7.302331e-04 
6507.100000 8.081659e-04 
6509.900000 7.644961e-04 
6512.700000 7.912061e-04 
6515.500000 7.066817e-04 
6518.200000 7.124494e-04 
6521.000000 7.963558e-04 
6523.800000 7.392280e-04 
6526.600000 1.109117e-03 
6529.400000 9.710350e-04 
6532.200000 1.041277e-03 
6535.000000 1.025004e-03 
6537.800000 1.417689e-03 
6540.600000 2.768088e-03 
6543.400000 1.160614e-02 
6546.200000 1.055400e-01 
6549.000000 2.287870e-01 
6551.700000 1.816569e-01 
6554.500000 3.073104e-02 
6557.300000 1.441742e-02 
6560.100000 1.232628e-01 
6562.900000 3.958769e-01 
6565.700000 3.705916e-01 
6568.500000 1.009275e-01 
6571.300000 5.888762e-03 
6574.100000 3.975325e-03 
6576.900000 9.860791e-03 
6579.700000 7.261154e-02 
6582.500000 4.973852e-01 
6585.300000 7.178169e-01 
6588.100000 3.933091e-01 
6590.900000 2.753463e-02 
6593.600000 2.490483e-03 
6596.400000 1.397090e-03 
6599.200000 1.166313e-03 
6602.000000 1.180320e-03 
6604.800000 9.259919e-04 
6607.600000 1.024592e-03 
6610.400000 8.711300e-04 
6613.200000 8.959174e-04 
6616.000000 7.768554e-04 
6618.800000 7.459570e-04 
6621.600000 8.056253e-04 
6624.400000 6.891725e-04 
6627.200000 7.259074e-04 
6630.000000 6.710455e-04 
6632.800000 7.771988e-04 
6635.600000 7.559818e-04 
6638.400000 7.019439e-04 
6641.200000 7.713624e-04 
6644.000000 6.669257e-04 
6646.800000 6.889666e-04 
6649.600000 6.834048e-04 
6652.300000 6.689856e-04 
6655.100000 6.124757e-04 
6657.900000 6.825122e-04 
6660.700000 5.957906e-04 
6663.500000 6.554589e-04 
6666.300000 7.457510e-04 
6669.100000 8.372104e-04 
6671.900000 7.826918e-04 
6674.700000 1.438769e-03 
6677.500000 5.545377e-03 
6680.300000 7.083639e-03 
6683.100000 3.652882e-03 
6685.900000 9.714470e-04 
6688.700000 6.331434e-04 
6691.500000 6.156343e-04 
6694.300000 7.136166e-04 
6697.100000 8.231344e-04 
6699.900000 6.819629e-04 
6702.700000 7.107328e-04 
6705.500000 7.020812e-04 
6708.300000 7.815932e-04 
6711.100000 1.101632e-03 
6713.900000 7.188007e-03 
6716.700000 2.184884e-02 
6719.500000 2.115438e-02 
6722.300000 6.470133e-03 
6725.100000 1.303777e-03 
6727.900000 5.852096e-03 
6730.700000 2.272203e-02 
6733.500000 2.522604e-02 
6736.300000 9.626375e-03 
6739.100000 1.068880e-03 
6741.900000 6.823062e-04 
6744.700000 6.654151e-04 
6747.500000 6.431682e-04 
6750.300000 7.346276e-04 
6753.100000 7.015319e-04 
6755.900000 7.151272e-04 
6758.700000 6.014210e-04 
6761.500000 6.607460e-04 
6764.300000 6.796284e-04 
6767.100000 5.053612e-05 
6769.900000 7.096342e-04 
6772.700000 7.194530e-04 
6775.500000 6.835422e-04 
6778.300000 7.101835e-04 
6781.100000 7.629855e-04 
6783.900000 6.518884e-04 
6786.700000 6.409023e-04 
6789.500000 7.364128e-04 
6792.300000 5.780755e-04 
6795.100000 6.965882e-04 
6797.900000 7.076429e-04 
6800.700000 6.463267e-04 
6803.500000 7.211009e-04 
6806.300000 6.795597e-04 
6809.100000 6.690542e-04 
6811.900000 6.816196e-04 
6814.800000 7.184231e-04 
6817.600000 5.807533e-04 
6820.400000 7.335976e-04 
6823.200000 6.196854e-04 
6826.000000 6.883486e-04 
6828.800000 7.033858e-04 
6831.600000 7.676546e-04 
6834.400000 8.679029e-04 
6837.200000 7.969051e-04 
6840.000000 6.360959e-04 
6842.800000 6.932237e-04 
6845.600000 7.042784e-04 
6848.400000 6.742040e-04 
6851.200000 7.463690e-04 
6854.000000 5.806160e-04 
6856.800000 6.818942e-04 
6859.600000 6.130937e-04 
6862.400000 7.057890e-04 
6865.200000 6.829242e-04 
6868.000000 6.222946e-04 
6870.900000 4.748747e-04 
6873.700000 5.679133e-04 
6876.500000 5.917395e-04 
6879.300000 6.067767e-04 
6882.100000 7.115567e-04 
6884.900000 5.995671e-04 
6887.700000 7.412192e-04 
6890.500000 7.250147e-04 
6893.300000 7.117627e-04 
6896.100000 6.189301e-04 
6898.900000 5.611843e-04 
6901.700000 6.928117e-04 
6904.500000 7.160199e-04 
6907.300000 5.671580e-04 
6910.200000 6.239425e-04 
6913.000000 6.455714e-04 
6915.800000 6.897218e-04 
6918.600000 6.785984e-04 
6921.400000 5.784188e-04 
6924.200000 7.935406e-04 
6927.000000 7.837218e-04 
6929.800000 6.095232e-04 
6932.600000 6.803837e-04 
6935.400000 6.122698e-04 
6938.200000 6.821002e-04 
6941.100000 6.675436e-04 
6943.900000 6.512018e-04 
6946.700000 6.194794e-04 
6949.500000 7.349709e-04 
6952.300000 7.951199e-04 
6955.100000 6.262084e-04 
6957.900000 7.185604e-04 
6960.700000 6.353406e-04 
6963.500000 7.610629e-04 
6966.400000 5.886496e-04 
6969.200000 6.652091e-04 
6972.000000 6.855334e-04 
6974.800000 6.382244e-04 
6977.600000 6.271697e-04 
6980.400000 8.010936e-04 
6983.200000 7.896268e-04 
6986.000000 7.830351e-04 
6988.800000 6.805896e-04 
6991.700000 6.734487e-04 
6994.500000 6.330060e-04 
6997.300000 6.812076e-04 
7000.100000 6.034122e-04 
7002.900000 7.571491e-04 
7005.700000 8.731213e-04 
7008.500000 8.221732e-04 
7011.300000 7.055830e-04 
7014.200000 7.368935e-04 
7017.000000 7.600330e-04 
7019.800000 6.212646e-04 
7022.600000 7.373054e-04 
7025.400000 6.730367e-04 
7028.200000 6.402843e-04 
7031.000000 7.040725e-04 
7033.900000 6.711141e-04 
7036.700000 6.724874e-04 
7039.500000 6.436488e-04 
7042.300000 7.409446e-04 
7045.100000 6.567635e-04 
7047.900000 5.127768e-04 
7050.700000 6.595787e-04 
7053.600000 6.860827e-04 
7056.400000 6.946656e-04 
7059.200000 6.495539e-04 
7062.000000 1.318127e-03 
7064.800000 4.813908e-03 
7067.600000 6.835902e-03 
7070.500000 3.978895e-03 
7073.300000 9.864155e-04 
7076.100000 7.007080e-04 
7078.900000 6.715948e-04 
7081.700000 6.789417e-04 
7084.500000 5.913275e-04 
7087.400000 6.549783e-04 
7090.200000 5.782815e-04 
7093.000000 7.460943e-04 
7095.800000 6.368512e-04 
7098.600000 5.576138e-04 
7101.500000 6.790791e-04 
7104.300000 6.656211e-04 
7107.100000 8.025355e-04 
7109.900000 5.914648e-04 
7112.700000 6.661017e-04 
7115.500000 7.786407e-04 
7118.400000 6.403530e-04 
7121.200000 6.840228e-04 
7124.000000 7.175304e-04 
7126.800000 7.224742e-04 
7129.600000 8.370044e-04 
7132.500000 4.737212e-03 
7135.300000 2.722970e-02 
7138.100000 4.049110e-02 
7140.900000 2.214965e-02 
7143.700000 2.672852e-03 
7146.600000 7.450644e-04 
7149.400000 7.044844e-04 
7152.200000 8.008189e-04 
7155.000000 7.288599e-04 
7157.800000 8.326100e-04 
7160.700000 7.748642e-04 
7163.500000 9.009985e-04 
7166.300000 7.409446e-04 
7169.100000 7.024932e-04 
7172.000000 7.100462e-04 
7174.800000 7.802886e-04 
7177.600000 8.890511e-04 
7180.400000 9.141818e-04 
7183.200000 7.153332e-04 
7186.100000 6.645225e-04 
7188.900000 5.758783e-04 
7191.700000 7.123807e-04 
7194.500000 6.352033e-04 
7197.400000 7.250834e-04 
7200.200000 5.907095e-04 
7203.000000 6.738606e-04 
7205.800000 6.169389e-04 
7208.700000 7.395027e-04 
7211.500000 6.553902e-04 
7214.300000 6.004597e-04 
7217.100000 7.331857e-04 
7220.000000 7.265253e-04 
7222.800000 6.635612e-04 
7225.600000 6.196167e-04 
7228.400000 7.172558e-04 
7231.300000 8.663923e-04 
7234.100000 8.265676e-04 
7236.900000 7.966304e-04 
7239.700000 1.026034e-03 
7242.600000 8.613112e-04 
7245.400000 8.361118e-04 
7248.200000 7.501455e-04 
7251.000000 7.180797e-04 
7253.900000 6.690542e-04 
7256.700000 6.162522e-04 
7259.500000 7.237788e-04 
7262.300000 7.171871e-04 
7265.200000 6.564202e-04 
7268.000000 6.050601e-04 
7270.800000 6.214020e-04 
7273.700000 5.227329e-04 
7276.500000 6.926057e-04 
7279.300000 1.350948e-03 
7282.100000 1.790805e-03 
7285.000000 1.692273e-03 
7287.800000 9.828450e-04 
7290.600000 6.426189e-04 
7293.400000 6.195481e-04 
7296.300000 6.770192e-04 
7299.100000 7.130673e-04 
7301.900000 6.463954e-04 
7304.800000 6.225006e-04 
7307.600000 7.438971e-04 
7310.400000 5.946920e-04 
7313.300000 5.862464e-04 
7316.100000 1.497338e-03 
7318.900000 7.259760e-03 
7321.700000 1.341301e-02 
7324.600000 1.055463e-02 
7327.400000 4.047833e-03 
7330.200000 7.956623e-03 
7333.100000 1.107318e-02 
7335.900000 6.068042e-03 
7338.700000 1.067850e-03 
7341.600000 7.837904e-04 
7344.400000 8.850000e-04 
7347.200000 7.633288e-04 
7350.100000 6.599907e-04 
7352.900000 6.722814e-04 
7355.700000 7.063383e-04 
7358.600000 5.234882e-04 
7361.400000 6.621879e-04 
7364.200000 5.896109e-04 
7367.100000 6.838855e-04 
7369.900000 7.123807e-04 
7372.700000 7.365501e-04 
7375.600000 7.581791e-04 
7378.400000 5.888556e-04 
7381.200000 6.711141e-04 
7384.100000 5.639309e-04 
7386.900000 6.524377e-04 
7389.700000 4.543444e-04 
7392.600000 7.267313e-04 
7395.400000 6.273757e-04 
7398.200000 5.493056e-04 
7401.100000 7.568058e-04 
7403.900000 7.725297e-04 
7406.700000 7.315377e-04 
7409.600000 6.297789e-04 
7412.400000 6.255218e-04 
7415.200000 5.914648e-04 
7418.100000 6.567635e-04 
7420.900000 8.016429e-04 
7423.700000 7.333916e-04 
7426.600000 9.140445e-04 
7429.400000 2.296372e-03 
7432.300000 4.118213e-03 
7435.100000 4.487140e-03 
7437.900000 3.794466e-03 
7440.800000 2.452306e-03 
7443.600000 1.033244e-03 
7446.400000 8.213492e-04 
7449.300000 6.593727e-04 
7452.100000 6.060901e-04 
7455.000000 7.085356e-04 
7457.800000 8.219672e-04 
7460.600000 7.010513e-04 
7463.500000 5.891303e-04 
7466.300000 5.676387e-04 
7469.200000 7.134793e-04 
7472.000000 6.347226e-04 
7474.800000 6.956269e-04 
7477.700000 6.682303e-04 
7480.500000 6.316328e-04 
7483.300000 6.699468e-04 
7486.200000 6.549783e-04 
7489.000000 6.324567e-04 
7491.900000 6.050601e-04 
7494.700000 6.876620e-04 
7497.500000 6.840228e-04 
7500.400000 7.376488e-04 
7503.200000 7.276926e-04 
7506.100000 7.701951e-04 
7508.900000 6.091799e-04 
7511.800000 7.259760e-04 
7514.600000 6.230499e-04 
7517.400000 6.077380e-04 
7520.300000 5.142187e-04 
7523.100000 5.406540e-04 
7526.000000 7.828978e-04 
7528.800000 7.532353e-04 
7531.700000 9.004492e-04 
7534.500000 9.163104e-04 
7537.300000 6.792164e-04 
7540.200000 7.224055e-04 
7543.000000 6.553216e-04 
7545.900000 6.560082e-04 
7548.700000 6.312895e-04 
7551.600000 6.188614e-04 
7554.400000 7.267313e-04 
7557.200000 7.489782e-04 
7560.100000 6.302595e-04 
7562.900000 7.232982e-04 
7565.800000 6.545663e-04 
7568.600000 3.927535e-04 
7571.500000 7.060637e-04 
7574.300000 7.671739e-04 
7577.200000 7.791900e-04 
7580.000000 6.456401e-04 
7582.800000 5.423020e-04 
7585.700000 6.867007e-04 
7588.500000 6.573815e-04 
7591.400000 8.071359e-04 
7594.200000 6.609520e-04 
7597.100000 5.148367e-04 
7599.900000 3.283474e-04 
7602.800000 1.933556e-04 
7605.600000 8.809489e-05 
7608.500000 2.025564e-04 
7611.300000 1.849100e-04 
7614.200000 2.748588e-04 
7617.000000 3.639836e-04 
7619.900000 6.097979e-04 
7622.700000 4.678024e-04 
7625.600000 2.864629e-04 
7628.400000 4.278404e-04 
7631.300000 4.367666e-04 
7634.100000 4.329215e-04 
7637.000000 3.905563e-04 
7639.800000 3.405695e-04 
7642.700000 3.939208e-04 
7645.500000 5.011727e-04 
7648.400000 4.038083e-04 
7651.200000 6.064334e-04 
7654.100000 6.154969e-04 
7656.900000 6.154969e-04 
7659.800000 5.244495e-04 
7662.600000 5.669520e-04 
7665.500000 6.310148e-04 
7668.300000 6.968628e-04 
7671.200000 5.452545e-04 
7674.000000 6.536737e-04 
7676.900000 5.106482e-04 
7679.700000 6.073260e-04 
7682.600000 5.205357e-04 
7685.400000 5.956533e-04 
7688.300000 5.916021e-04 
7691.100000 7.630541e-04 
7694.000000 6.721441e-04 
7696.800000 6.780491e-04 
7699.700000 6.774998e-04 
7702.500000 5.335817e-04 
7705.400000 6.696722e-04 
7708.200000 4.829083e-04 
7711.100000 8.858926e-04 
7713.900000 1.882745e-03 
7716.800000 2.460546e-03 
7719.700000 1.628142e-03 
7722.500000 9.209108e-04 
7725.400000 6.170762e-04 
7728.200000 6.668570e-04 
7731.100000 6.689169e-04 
7733.900000 6.290922e-04 
7736.800000 6.825122e-04 
7739.600000 7.076429e-04 
7742.500000 6.782551e-04 
7745.400000 5.727884e-04 
7748.200000 1.568817e-03 
7751.100000 6.799442e-03 
7753.900000 1.069168e-02 
7756.800000 7.171322e-03 
7759.600000 2.020621e-03 
7762.500000 7.067503e-04 
7765.400000 7.419745e-04 
7768.200000 6.910951e-04 
7771.100000 7.038665e-04 
7773.900000 7.813872e-04 
7776.800000 6.655524e-04 
7779.600000 6.478373e-04 
7782.500000 7.995830e-04 
7785.400000 7.406699e-04 
7788.200000 6.487299e-04 
7791.100000 4.500186e-04 
7793.900000 6.144670e-04 
7796.800000 7.307138e-04 
7799.700000 8.050074e-04 
7802.500000 5.708658e-04 
7805.400000 5.635875e-04 
7808.200000 5.374269e-04 
7811.100000 7.137540e-04 
7814.000000 7.563938e-04 
7816.800000 4.992501e-04 
7819.700000 5.352296e-04 
7822.500000 7.920987e-04 
7825.400000 8.263616e-04 
7828.300000 7.752762e-04 
7831.100000 5.988118e-04 
7834.000000 7.671739e-04 
7836.800000 6.029316e-04 
7839.700000 6.489359e-04 
7842.600000 7.178051e-04 
7845.400000 6.991287e-04 
7848.300000 6.393917e-04 
7851.200000 2.955951e-04 
7854.000000 4.613480e-04 
7856.900000 6.775685e-04 
7859.700000 7.951199e-04 
7862.600000 9.059423e-04 
7865.500000 7.068190e-04 
7868.300000 5.432632e-04 
7871.200000 7.331857e-04 
7874.100000 7.416312e-04 
7876.900000 7.854383e-04 
7879.800000 -5.081077e-06 
7882.700000 6.187928e-04 
7885.500000 5.878257e-04 
7888.400000 6.379498e-04 
7891.300000 7.901074e-04 
7894.100000 7.731476e-04 
7897.000000 7.761002e-04 
7899.900000 6.069140e-04 
7902.700000 6.475626e-04 
7905.600000 5.966145e-04 
7908.400000 7.756195e-04 
7911.300000 8.234778e-04 
7914.200000 9.392439e-04 
7917.100000 1.281736e-03 
7919.900000 7.941586e-04 
7922.800000 8.879525e-04 
7925.700000 9.356048e-04 
7928.500000 5.930441e-04 
7931.400000 5.699046e-04 
7934.300000 7.526860e-04 
7937.100000 6.367139e-04 
7940.000000 6.693975e-04 
7942.900000 8.214179e-04 
7945.700000 6.067767e-04 
7948.600000 6.669943e-04 
7951.500000 7.785720e-04 
7954.300000 6.455027e-04 
7957.200000 7.398460e-04 
7960.100000 5.320711e-04 
7963.000000 6.604027e-04 
7965.800000 6.641105e-04 
7968.700000 9.470715e-04 
7971.600000 7.846831e-04 
7974.400000 5.189565e-04 
7977.300000 5.922201e-04 
7980.200000 5.225956e-04 
7983.000000 9.373213e-04 
7985.900000 6.533990e-04 
7988.800000 4.802304e-04 
7991.700000 5.363283e-04 
7994.500000 4.917658e-04 
7997.400000 9.180270e-04 
8000.300000 7.334603e-04 
8003.200000 5.966832e-04 
8006.000000 6.875933e-04 
8008.900000 5.646175e-04 
8011.800000 6.139177e-04 
8014.600000 5.497176e-04 
8017.500000 8.764171e-04 
8020.400000 7.611316e-04 
8023.300000 5.619396e-04 
8026.100000 4.013364e-04 
8029.000000 9.347121e-04 
8031.900000 8.598006e-04 
8034.800000 6.682303e-04 
8037.600000 5.360536e-04 
8040.500000 6.946656e-04 
8043.400000 7.010513e-04 
8046.300000 8.268423e-04 
8049.100000 1.121957e-03 
8052.000000 8.354252e-04 
8054.900000 6.614326e-04 
8057.800000 7.261133e-04 
8060.700000 5.026833e-04 
8063.500000 6.451594e-04 
8066.400000 8.095391e-04 
8069.300000 6.215393e-04 
8072.200000 6.109652e-04 
8075.000000 5.538374e-04 
8077.900000 4.986322e-04 
8080.800000 5.673640e-04 
8083.700000 6.005970e-04 
8086.600000 6.790104e-04 
8089.400000 5.923574e-04 
8092.300000 5.296679e-04 
8095.200000 6.531930e-04 
8098.100000 7.263880e-04 
8100.900000 5.337877e-04 
8103.800000 6.089053e-04 
8106.700000 6.006657e-04 
8109.600000 7.563252e-04 
8112.500000 5.906408e-04 
8115.400000 6.032062e-04 
8118.200000 5.843925e-04 
8121.100000 7.915494e-04 
8124.000000 7.326363e-04 
8126.900000 5.830879e-04 
8129.800000 6.091112e-04 
8132.600000 6.556649e-04 
8135.500000 7.374428e-04 
8138.400000 6.687796e-04 
8141.300000 6.391171e-04 
8144.200000 7.054457e-04 
8147.000000 7.317437e-04 
8149.900000 7.443091e-04 
8152.800000 6.649344e-04 
8155.700000 6.863573e-04 
8158.600000 6.390484e-04 
8161.500000 8.051447e-04 
8164.400000 5.845985e-04 
8167.200000 7.870176e-04 
8170.100000 3.655079e-03 
8173.000000 9.025778e-04 
8175.900000 9.063542e-04 
8178.800000 8.778590e-04 
8181.700000 8.587020e-04 
8184.500000 5.996357e-04 
8187.400000 6.513391e-04 
8190.300000 5.550046e-04 
8193.200000 6.299849e-04 
8196.100000 6.203720e-04 
8199.000000 7.199337e-04 
8201.900000 1.084947e-03 
8204.700000 5.491683e-04 
8207.600000 6.128191e-04 
8210.500000 5.213597e-04 
8213.400000 6.851901e-04 
8216.300000 6.091799e-04 
8219.200000 6.702215e-04 
8222.100000 6.977554e-04 
8225.000000 3.925475e-04 
8227.800000 5.352983e-04 
8230.700000 5.114722e-04 
8233.600000 4.851055e-04 
8236.500000 9.410978e-04 
8239.400000 1.317578e-03 
8242.300000 9.871022e-04 
8245.200000 7.026992e-04 
8248.100000 5.509535e-04 
8251.000000 4.961603e-04 
8253.900000 4.881267e-04 
8256.700000 4.729521e-04 
8259.600000 5.447738e-04 
8262.500000 4.170603e-04 
8265.400000 5.324831e-04 
8268.300000 6.788731e-04 
8271.200000 6.115145e-04 
8274.100000 2.746528e-04 
8277.000000 3.547828e-04 
8279.900000 6.000477e-04 
8282.800000 3.840333e-04 
8285.700000 7.314691e-04 
8288.600000 6.204407e-04 
8291.400000 5.883063e-04 
8294.300000 4.014051e-04 
8297.200000 9.228334e-05 
8300.100000 6.875246e-04 
8303.000000 9.896427e-04 
8305.900000 3.237470e-04 
8308.800000 2.881108e-04 
8311.700000 6.531930e-04 
8314.600000 4.827710e-04 
8317.500000 3.640523e-04 
8320.400000 3.453759e-04 
8323.300000 3.961180e-04 
8326.200000 3.856812e-04 
8329.100000 3.293774e-04 
8332.000000 3.654942e-04 
8334.900000 2.747901e-04 
8337.800000 4.567476e-04 
8340.700000 -2.262452e-04 
8343.600000 -1.720700e-04 
8346.500000 9.895054e-04 
8349.400000 1.061533e-03 
8352.200000 3.231290e-04 
8355.100000 2.699837e-04 
8358.000000 3.832093e-04 
8360.900000 7.373054e-04 
8363.800000 6.203034e-04 
8366.700000 4.425343e-04 
8369.600000 5.465591e-04 
8372.500000 4.483020e-04 
8375.400000 5.357103e-04 
8378.300000 6.181748e-04 
8381.200000 6.887606e-04 
8384.100000 6.034122e-04 
8387.000000 4.562670e-04 
8389.900000 2.918186e-04 
8392.800000 6.560769e-04 
8395.700000 3.026674e-04 
8398.600000 3.467492e-04 
8401.500000 6.926744e-04 
8404.400000 4.833203e-04 
8407.300000 2.964877e-04 
8410.200000 3.459939e-04 
8413.100000 4.709609e-04 
8416.000000 5.979878e-04 
8418.900000 1.006191e-03 
8421.800000 3.724292e-04 
8424.800000 3.419427e-05 
8427.700000 -1.242804e-04 
8430.600000 3.350764e-04 
8433.500000 9.306610e-04 
8436.400000 2.828237e-04 
8439.300000 9.163104e-04 
8442.200000 5.567212e-04 
8445.100000 5.368776e-04 
8448.000000 2.909946e-04 
8450.900000 4.737761e-04 
8453.800000 3.036287e-04 
8456.700000 4.592881e-04 
8459.600000 3.293774e-04 
8462.500000 1.695981e-05 
8465.400000 3.805315e-04 
8468.300000 1.225226e-03 
8471.200000 1.010928e-03 
8474.100000 4.649185e-04 
8477.000000 1.362278e-04 
8479.900000 3.646703e-04 
8482.900000 1.562774e-04 
8485.800000 2.764380e-04 
8488.700000 2.355148e-04 
8491.600000 2.246660e-04 
8494.500000 3.606878e-04 
8497.400000 5.673640e-04 
8500.300000 5.644802e-04 
8503.200000 3.790209e-04 
8506.100000 1.385829e-03 
8509.000000 9.109547e-04 
8511.900000 3.373423e-04 
8514.800000 1.181694e-04 
8517.800000 2.320816e-04 
8520.700000 2.034491e-04 
8523.600000 1.589553e-04 
8526.500000 3.027361e-04 
8529.400000 1.932869e-04 
8532.300000 4.222787e-04 
8535.200000 -9.612848e-06 
8538.100000 1.385623e-04 
8541.000000 3.766177e-04 
8543.900000 6.603340e-04 
8546.900000 8.655683e-04 
8549.800000 1.025073e-03 
8552.700000 6.452281e-04 
8555.600000 4.377279e-04 
8558.500000 2.011832e-04 
8561.400000 2.502774e-04 
8564.300000 2.794592e-04 
8567.200000 5.926321e-04 
8570.200000 2.727302e-04 
8573.100000 9.983629e-05 
8576.000000 4.071041e-04 
8578.900000 1.038119e-03 
8581.800000 1.410411e-03 
8584.700000 9.432264e-04 
8587.600000 4.389638e-04 
8590.600000 2.568690e-04 
8593.500000 3.613058e-04 
8596.400000 6.349973e-04 
8599.300000 1.395374e-03 
8602.200000 1.360287e-03 
8605.100000 7.563938e-04 
8608.100000 4.017484e-04 
8611.000000 1.950722e-04 
8613.900000 5.897482e-04 
8616.800000 4.676651e-04 
8619.700000 4.660858e-04 
8622.600000 1.809275e-04 
8625.600000 3.638463e-04 
8628.500000 1.417208e-04 
8631.400000 4.496753e-04 
8634.300000 2.026251e-04 
8637.200000 1.812022e-04 
8640.200000 2.773307e-04 
8643.100000 1.777004e-04 
8646.000000 2.117573e-04 
8648.900000 3.797762e-04 
8651.800000 7.788467e-04 
8654.800000 1.174072e-03 
8657.700000 5.907782e-04 
8660.600000 2.491101e-04 
8663.500000 1.369556e-03 
8666.400000 1.846903e-03 
8669.400000 1.586601e-03 
8672.300000 6.374692e-04 
8675.200000 5.329638e-04 
8678.100000 3.094650e-04 
8681.000000 3.740085e-04 
8684.000000 3.808748e-04 
8686.900000 4.423283e-04 
8689.800000 6.532617e-04 
8692.700000 7.827605e-06 
8695.700000 3.494270e-04 
8698.600000 4.141078e-04 
8701.500000 6.871126e-04 
8704.400000 2.412825e-04 
8707.300000 4.465168e-04 
8710.300000 2.683358e-04 
8713.200000 1.687741e-04 
8716.100000 3.497703e-04 
8719.000000 3.854752e-04 
8722.000000 4.675964e-04 
8724.900000 3.795702e-04 
8727.800000 7.857817e-04 
8730.800000 1.018069e-03 
8733.700000 5.780068e-04 
8736.600000 2.434797e-04 
8739.500000 1.093805e-04 
8742.500000 1.873132e-04 
8745.400000 2.680611e-04 
8748.300000 9.855916e-04 
8751.200000 2.016089e-03 
8754.200000 2.258813e-03 
8757.100000 3.372736e-04 
8760.000000 8.912483e-05 
8763.000000 5.314532e-04 
8765.900000 6.925370e-04 
8768.800000 4.462421e-04 
8771.700000 4.004438e-04 
8774.700000 1.097238e-04 
8777.600000 4.323035e-04 
8780.500000 1.239645e-03 
8783.500000 2.899647e-04 
8786.400000 4.326468e-04 
8789.300000 -5.747110e-05 
8792.200000 5.322771e-04 
8795.200000 2.428617e-04 
8798.100000 4.737761e-04 
8801.000000 1.252417e-04 
8804.000000 3.182539e-04 
8806.900000 2.383986e-04 
8809.800000 2.886601e-04 
8812.800000 1.135003e-04 
8815.700000 4.278404e-04 
8818.600000 1.452913e-04 
8821.600000 -2.879735e-04 
8824.500000 -7.337350e-04 
8827.400000 8.023295e-04 
8830.400000 1.354107e-03 
8833.300000 6.728994e-05 
8836.200000 8.676969e-04 
8839.200000 6.347226e-04 
8842.100000 2.294038e-04 
8845.000000 2.727989e-04 
8848.000000 3.336345e-04 
8850.900000 4.816037e-04 
8853.800000 6.130251e-04 
8856.800000 4.838696e-04 
8859.700000 7.450644e-04 
8862.700000 1.985053e-03 
8865.600000 2.906857e-03 
8868.500000 1.818751e-03 
8871.500000 6.027256e-04 
8874.400000 4.671158e-04 
8877.300000 6.656897e-04 
8880.300000 4.673217e-04 
8883.200000 -1.662336e-04 
8886.200000 1.176201e-04 
8889.100000 1.229003e-03 
8892.000000 5.267841e-04 
8895.000000 2.096288e-04 
8897.900000 2.302277e-04 
8900.800000 -1.476945e-04 
8903.800000 -3.137222e-04 
8906.700000 5.547987e-04 
8909.700000 4.238579e-04 
8912.600000 3.824540e-04 
8915.500000 -1.891671e-04 
8918.500000 7.010513e-05 
8921.400000 1.119553e-03 
8924.400000 8.771724e-04 
8927.300000 3.266308e-04 
8930.300000 3.451012e-04 
8933.200000 6.461207e-04 
8936.100000 3.144775e-04 
8939.100000 2.383300e-04 
8942.000000 4.275657e-04 
8945.000000 5.773202e-04 
8947.900000 2.101781e-04 
8950.900000 2.319443e-04 
8953.800000 -4.033963e-04 
8956.700000 4.195322e-05 
8959.700000 8.365924e-04 
8962.600000 1.018481e-03 
8965.600000 2.241853e-04 
8968.500000 7.189037e-05 
8971.500000 -1.279882e-04 
8974.400000 1.058100e-04 
8977.400000 4.886760e-04 
8980.300000 1.307347e-04 
8983.200000 1.706281e-04 
8500.000000 2.781546e-04 
8503.000000 2.778800e-04 
8506.000000 2.776740e-04 
8509.000000 2.773993e-04 
8512.000000 2.771933e-04 
8515.000000 2.769187e-04 
8518.000000 2.766440e-04 
8521.000000 2.764380e-04 
8524.000000 2.761634e-04 
8527.000000 2.759574e-04 
8530.000000 2.756827e-04 
8533.000000 2.754768e-04 
8536.000000 2.752021e-04 
8539.000000 2.749961e-04 
8542.000000 2.747215e-04 
8545.000000 2.744468e-04 
8548.000000 2.742408e-04 
8551.000000 2.739662e-04 
8554.000000 2.737602e-04 
8557.000000 2.734855e-04 
8560.000000 2.732795e-04 
8563.000000 2.730049e-04 
8566.000000 2.727989e-04 
8569.000000 2.725242e-04 
8572.000000 2.722496e-04 
8575.000000 2.720436e-04 
8578.000000 2.717689e-04 
8581.000000 2.715630e-04 
8584.000000 2.712883e-04 
8587.000000 2.710823e-04 
8590.000000 2.708077e-04 
8593.000000 2.706017e-04 
8596.000000 2.703270e-04 
8599.000000 2.700524e-04 
8602.000000 2.698464e-04 
8605.000000 2.695717e-04 
8608.000000 2.693657e-04 
8611.000000 2.690911e-04 
8614.000000 2.688851e-04 
8617.000000 2.686104e-04 
8620.000000 2.684044e-04 
8623.000000 2.681298e-04 
8626.000000 2.678551e-04 
8629.000000 2.676492e-04 
8632.000000 2.673745e-04 
8635.000000 2.671685e-04 
8638.000000 2.668939e-04 
8641.000000 2.666879e-04 
8644.000000 2.664132e-04 
8647.000000 2.662072e-04 
8650.000000 2.659326e-04 
8653.000000 2.656579e-04 
8656.000000 2.654519e-04 
8659.000000 2.651773e-04 
8662.000000 2.649713e-04 
8665.000000 2.646966e-04 
8668.000000 2.644906e-04 
8671.000000 2.642160e-04 
8674.000000 2.640100e-04 
8677.000000 2.637354e-04 
8680.000000 2.634607e-04 
8683.000000 2.632547e-04 
8686.000000 2.629801e-04 
8689.000000 2.627741e-04 
8692.000000 2.624994e-04 
8695.000000 2.622934e-04 
8698.000000 2.620188e-04 
8701.000000 2.617441e-04 
8704.000000 2.615381e-04 
8707.000000 2.612635e-04 
8710.000000 2.610575e-04 
8713.000000 2.607828e-04 
8716.000000 2.605768e-04 
8719.000000 2.603022e-04 
8722.000000 2.600962e-04 
8725.000000 2.598215e-04 
8728.000000 2.595469e-04 
8731.000000 2.593409e-04 
8734.000000 2.590663e-04 
8737.000000 2.588603e-04 
8740.000000 2.585856e-04 
8743.000000 2.583796e-04 
8746.000000 2.581050e-04 
8749.000000 2.578990e-04 
8752.000000 2.576243e-04 
8755.000000 2.573497e-04 
8758.000000 2.571437e-04 
8761.000000 2.568690e-04 
8764.000000 2.566630e-04 
8767.000000 2.563884e-04 
8770.000000 2.561824e-04 
8773.000000 2.559077e-04 
8776.000000 2.557018e-04 
8779.000000 2.554271e-04 
8782.000000 2.551525e-04 
8785.000000 2.549465e-04 
8788.000000 2.546718e-04 
8791.000000 2.544658e-04 
8794.000000 2.541912e-04 
8797.000000 2.539852e-04 
8800.000000 2.537105e-04 
8803.000000 2.535045e-04 
8806.000000 2.532299e-04 
8809.000000 2.529552e-04 
8812.000000 2.527492e-04 
8815.000000 2.524746e-04 
8818.000000 2.522686e-04 
8821.000000 2.519939e-04 
8824.000000 2.517880e-04 
8827.000000 2.515133e-04 
8830.000000 2.513073e-04 
8833.000000 2.510327e-04 
8836.000000 2.507580e-04 
8839.000000 2.505520e-04 
8842.000000 2.502774e-04 
8845.000000 2.500714e-04 
8848.000000 2.497967e-04 
8851.000000 2.495907e-04 
8854.000000 2.493161e-04 
8857.000000 2.491101e-04 
8860.000000 2.488354e-04 
8863.000000 2.485608e-04 
8866.000000 2.483548e-04 
8869.000000 2.480801e-04 
8872.000000 2.478742e-04 
8875.000000 2.475995e-04 
8878.000000 2.473935e-04 
8881.000000 2.471189e-04 
8884.000000 2.469129e-04 
8887.000000 2.466382e-04 
8890.000000 2.463636e-04 
8893.000000 2.461576e-04 
8896.000000 2.458829e-04 
8899.000000 2.456769e-04 
8902.000000 2.454023e-04 
8905.000000 2.451963e-04 
8908.000000 2.449216e-04 
8911.000000 2.447156e-04 
8914.000000 2.444410e-04 
8917.000000 2.441663e-04 
8920.000000 2.439604e-04 
8923.000000 2.436857e-04 
8926.000000 2.434797e-04 
8929.000000 2.432051e-04 
8932.000000 2.429991e-04 
8935.000000 2.427244e-04 
8938.000000 2.425184e-04 
8941.000000 2.422438e-04 
8944.000000 2.419691e-04 
8947.000000 2.417631e-04 
8950.000000 2.414885e-04 
8953.000000 2.412825e-04 
8956.000000 2.410078e-04 
8959.000000 2.408018e-04 
8962.000000 2.405272e-04 
8965.000000 2.402525e-04 
8968.000000 2.400465e-04 
8971.000000 2.397719e-04 
8974.000000 2.395659e-04 
8977.000000 2.392913e-04 
8980.000000 2.390853e-04 
8983.000000 2.388106e-04 
8986.000000 2.386046e-04 
8989.000000 2.383300e-04 
8992.000000 2.380553e-04 
8995.000000 2.378493e-04 
8998.000000 2.375747e-04 
9001.000000 2.373687e-04 
9004.000000 2.370940e-04 
9007.000000 2.368880e-04 
9010.000000 2.366134e-04 
9013.000000 2.364074e-04 
9016.000000 2.361327e-04 
9019.000000 2.358581e-04 
9022.000000 2.356521e-04 
9025.000000 2.353775e-04 
9028.000000 2.351715e-04 
9031.000000 2.348968e-04 
9034.000000 2.346908e-04 
9037.000000 2.344162e-04 
9040.000000 2.342102e-04 
9043.000000 2.339355e-04 
9046.000000 2.336609e-04 
9049.000000 2.334549e-04 
9052.000000 2.331802e-04 
9055.000000 2.329742e-04 
9058.000000 2.326996e-04 
9061.000000 2.324936e-04 
9064.000000 2.322189e-04 
9067.000000 2.320130e-04 
9070.000000 2.317383e-04 
9073.000000 2.314636e-04 
9076.000000 2.312577e-04 
9079.000000 2.309830e-04 
9082.000000 2.307770e-04 
9085.000000 2.305024e-04 
9088.000000 2.302964e-04 
9091.000000 2.300217e-04 
9094.000000 2.298157e-04 
9097.000000 2.295411e-04 
9100.000000 2.292664e-04 
9103.000000 2.290604e-04 
9106.000000 2.287858e-04 
9109.000000 2.285798e-04 
9112.000000 2.283051e-04 
9115.000000 2.280992e-04 
9118.000000 2.278245e-04 
9121.000000 2.276185e-04 
9124.000000 2.273439e-04 
9127.000000 2.270692e-04 
9130.000000 2.268632e-04 
9133.000000 2.265886e-04 
9136.000000 2.263826e-04 
9139.000000 2.261079e-04 
9142.000000 2.259019e-04 
9145.000000 2.256273e-04 
9148.000000 2.254213e-04 
9151.000000 2.251466e-04 
9154.000000 2.248720e-04 
9157.000000 2.246660e-04 
9160.000000 2.243913e-04 
9163.000000 2.241853e-04 
9166.000000 2.239107e-04 
9169.000000 2.237047e-04 
9172.000000 2.234301e-04 
9175.000000 2.232241e-04 
9178.000000 2.229494e-04 
9181.000000 2.226748e-04 
9184.000000 2.224688e-04 
9187.000000 2.221941e-04 
9190.000000 2.219881e-04 
9193.000000 2.217135e-04 
9196.000000 2.215075e-04 
9199.000000 2.212328e-04 
9202.000000 2.209582e-04 
9205.000000 2.207522e-04 
9208.000000 2.204775e-04 
9211.000000 2.202715e-04 
9214.000000 2.199969e-04 
9217.000000 2.197909e-04 
9220.000000 2.195163e-04 
9223.000000 2.193103e-04 
9226.000000 2.190356e-04 
9229.000000 2.187610e-04 
9232.000000 2.185550e-04 
9235.000000 2.182803e-04 
9238.000000 2.180743e-04 
9241.000000 2.177997e-04 
9244.000000 2.175937e-04 
9247.000000 2.173190e-04 
9250.000000 2.171130e-04 
9253.000000 2.168384e-04 
9256.000000 2.165637e-04 
9259.000000 2.163577e-04 
9262.000000 2.160831e-04 
9265.000000 2.158771e-04 
9268.000000 2.156024e-04 
9271.000000 2.153965e-04 
9274.000000 2.151218e-04 
9277.000000 2.149158e-04 
9280.000000 2.146412e-04 
9283.000000 2.143665e-04 
9286.000000 2.141605e-04 
9289.000000 2.138859e-04 
9292.000000 2.136799e-04 
9295.000000 2.134052e-04 
9298.000000 2.131992e-04 
9301.000000 2.129246e-04 
9304.000000 2.127186e-04 
9307.000000 2.124439e-04 
9310.000000 2.121693e-04 
9313.000000 2.119633e-04 
9316.000000 2.116886e-04 
9319.000000 2.114827e-04 
9322.000000 2.112080e-04 
9325.000000 2.110020e-04 
9328.000000 2.107274e-04 
9331.000000 2.105214e-04 
9334.000000 2.102467e-04 
9337.000000 2.099721e-04 
9340.000000 2.097661e-04 
9343.000000 2.094914e-04 
9346.000000 2.092854e-04 
9349.000000 2.090108e-04 
9352.000000 2.088048e-04 
9355.000000 2.085301e-04 
9358.000000 2.083241e-04 
9361.000000 2.080495e-04 
9364.000000 2.077748e-04 
9367.000000 2.075689e-04 
9370.000000 2.072942e-04 
9373.000000 2.070882e-04 
9376.000000 2.068136e-04 
9379.000000 2.066076e-04 
9382.000000 2.063329e-04 
9385.000000 2.061269e-04 
9388.000000 2.058523e-04 
9391.000000 2.055776e-04 
9394.000000 2.053716e-04 
9397.000000 2.050970e-04 
9400.000000 2.048910e-04 
9403.000000 2.046163e-04 
9406.000000 2.044103e-04 
9409.000000 2.041357e-04 
9412.000000 2.039297e-04 
9415.000000 2.036551e-04 
9418.000000 2.033804e-04 
9421.000000 2.031744e-04 
9424.000000 2.028998e-04 
9427.000000 2.026938e-04 
9430.000000 2.024191e-04 
9433.000000 2.022131e-04 
9436.000000 2.019385e-04 
9439.000000 2.017325e-04 
9442.000000 2.014578e-04 
9445.000000 2.011832e-04 
9448.000000 2.009772e-04 
9451.000000 2.007025e-04 
9454.000000 2.004965e-04 
9457.000000 2.002219e-04 
9460.000000 2.000159e-04 
9463.000000 1.997412e-04 
9466.000000 1.994666e-04 
9469.000000 1.992606e-04 
9472.000000 1.989860e-04 
9475.000000 1.987800e-04 
9478.000000 1.985053e-04 
9481.000000 1.982993e-04 
9484.000000 1.980247e-04 
9487.000000 1.978187e-04 
9490.000000 1.975440e-04 
9493.000000 1.972694e-04 
9496.000000 1.970634e-04 
9499.000000 1.967887e-04 
9502.000000 1.965827e-04 
9505.000000 1.963081e-04 
9508.000000 1.961021e-04 
9511.000000 1.958274e-04 
9514.000000 1.956215e-04 
9517.000000 1.953468e-04 
9520.000000 1.950722e-04 
9523.000000 1.948662e-04 
9526.000000 1.945915e-04 
9529.000000 1.943855e-04 
9532.000000 1.941109e-04 
9535.000000 1.939049e-04 
9538.000000 1.936302e-04 
9541.000000 1.934242e-04 
9544.000000 1.931496e-04 
9547.000000 1.928749e-04 
9550.000000 1.926689e-04 
9553.000000 1.923943e-04 
9556.000000 1.921883e-04 
9559.000000 1.919136e-04 
9562.000000 1.917077e-04 
9565.000000 1.914330e-04 
9568.000000 1.912270e-04 
9571.000000 1.909524e-04 
9574.000000 1.906777e-04 
9577.000000 1.904717e-04 
9580.000000 1.901971e-04 
9583.000000 1.899911e-04 
9586.000000 1.897164e-04 
9589.000000 1.895104e-04 
9592.000000 1.892358e-04 
9595.000000 1.890298e-04 
9598.000000 1.887551e-04 
9601.000000 1.884805e-04 
9604.000000 1.882745e-04 
9607.000000 1.879998e-04 
9610.000000 1.877939e-04 
9613.000000 1.875192e-04 
9616.000000 1.873132e-04 
9619.000000 1.870386e-04 
9622.000000 1.868326e-04 
9625.000000 1.865579e-04 
9628.000000 1.862833e-04 
9631.000000 1.860773e-04 
9634.000000 1.858026e-04 
9637.000000 1.855966e-04 
9640.000000 1.853220e-04 
9643.000000 1.851160e-04 
9646.000000 1.848413e-04 
9649.000000 1.846353e-04 
9652.000000 1.843607e-04 
9655.000000 1.840860e-04 
9658.000000 1.838801e-04 
9661.000000 1.836054e-04 
9664.000000 1.833994e-04 
9667.000000 1.831248e-04 
9670.000000 1.829188e-04 
9673.000000 1.826441e-04 
9676.000000 1.824381e-04 
9679.000000 1.821635e-04 
9682.000000 1.818888e-04 
9685.000000 1.816828e-04 
9688.000000 1.814082e-04 
9691.000000 1.812022e-04 
9694.000000 1.809275e-04 
9697.000000 1.807215e-04 
9700.000000 1.804469e-04 
9703.000000 1.802409e-04 
9706.000000 1.799662e-04 
9709.000000 1.796916e-04 
9712.000000 1.794856e-04 
9715.000000 1.792110e-04 
9718.000000 1.790050e-04 
9721.000000 1.787303e-04 
9724.000000 1.785243e-04 
9727.000000 1.782497e-04 
9730.000000 1.779750e-04 
9733.000000 1.777690e-04 
9736.000000 1.774944e-04 
9739.000000 1.772884e-04 
9742.000000 1.770137e-04 
9745.000000 1.768077e-04 
9748.000000 1.765331e-04 
9751.000000 1.763271e-04 
9754.000000 1.760524e-04 
9757.000000 1.757778e-04 
9760.000000 1.755718e-04 
9763.000000 1.752972e-04 
9766.000000 1.750912e-04 
9769.000000 1.748165e-04 
9772.000000 1.746105e-04 
9775.000000 1.743359e-04 
9778.000000 1.741299e-04 
9781.000000 1.738552e-04 
9784.000000 1.735806e-04 
9787.000000 1.733746e-04 
9790.000000 1.730999e-04 
9793.000000 1.728939e-04 
9796.000000 1.726193e-04 
9799.000000 1.724133e-04 
9802.000000 1.721386e-04 
9805.000000 1.719327e-04 
9808.000000 1.716580e-04 
9811.000000 1.713833e-04 
9814.000000 1.711774e-04 
9817.000000 1.709027e-04 
9820.000000 1.706967e-04 
9823.000000 1.704221e-04 
9826.000000 1.702161e-04 
9829.000000 1.699414e-04 
9832.000000 1.697354e-04 
9835.000000 1.694608e-04 
9838.000000 1.691861e-04 
9841.000000 1.689801e-04 
9844.000000 1.687055e-04 
9847.000000 1.684995e-04 
9850.000000 1.682248e-04 
9853.000000 1.680189e-04 
9856.000000 1.677442e-04 
9859.000000 1.675382e-04 
9862.000000 1.672636e-04 
9865.000000 1.669889e-04 
9868.000000 1.667829e-04 
9871.000000 1.665083e-04 
9874.000000 1.663023e-04 
9877.000000 1.660276e-04 
9880.000000 1.658216e-04 
9883.000000 1.655470e-04 
9886.000000 1.653410e-04 
9889.000000 1.650663e-04 
9892.000000 1.647917e-04 
9895.000000 1.645857e-04 
9898.000000 1.643110e-04 
9901.000000 1.641050e-04 
9904.000000 1.638304e-04 
9907.000000 1.636244e-04 
9910.000000 1.633498e-04 
9913.000000 1.631438e-04 
9916.000000 1.628691e-04 
9919.000000 1.625945e-04 
9922.000000 1.623885e-04 
9925.000000 1.621138e-04 
9928.000000 1.619078e-04 
9931.000000 1.616332e-04 
9934.000000 1.614272e-04 
9937.000000 1.611525e-04 
9940.000000 1.609465e-04 
9943.000000 1.606719e-04 
9946.000000 1.603972e-04 
9949.000000 1.601912e-04 
9952.000000 1.599166e-04 
9955.000000 1.597106e-04 
9958.000000 1.594360e-04 
9961.000000 1.592300e-04 
9964.000000 1.589553e-04 
9967.000000 1.587493e-04 
9970.000000 1.584747e-04 
9973.000000 1.582000e-04 
9976.000000 1.579940e-04 
9979.000000 1.577194e-04 
9982.000000 1.575134e-04 
9985.000000 1.572387e-04 
9988.000000 1.570327e-04 
9991.000000 1.567581e-04 
9994.000000 1.564834e-04 
9997.000000 1.562774e-04 
10000.000000 1.560028e-04 
10003.000000 1.557968e-04 
10006.000000 1.555221e-04 
10009.000000 1.553162e-04 
10012.000000 1.550415e-04 
10015.000000 1.548355e-04 
10018.000000 1.545609e-04 
10021.000000 1.542862e-04 
10024.000000 1.540802e-04 
10027.000000 1.538056e-04 
10030.000000 1.535996e-04 
10033.000000 1.533249e-04 
10036.000000 1.531189e-04 
10039.000000 1.528443e-04 
10042.000000 1.526383e-04 
10045.000000 1.523636e-04 
10048.000000 1.520890e-04 
10051.000000 1.518830e-04 
10054.000000 1.516083e-04 
10057.000000 1.514024e-04 
10060.000000 1.511277e-04 
10063.000000 1.509217e-04 
10066.000000 1.506471e-04 
10069.000000 1.504411e-04 
10072.000000 1.501664e-04 
10075.000000 1.498918e-04 
10078.000000 1.496858e-04 
10081.000000 1.494111e-04 
10084.000000 1.492051e-04 
10087.000000 1.489305e-04 
10090.000000 1.487245e-04 
10093.000000 1.484498e-04 
10096.000000 1.482438e-04 
10099.000000 1.479692e-04 
10102.000000 1.476945e-04 
10105.000000 1.474886e-04 
10108.000000 1.472139e-04 
10111.000000 1.470079e-04 
10114.000000 1.467333e-04 
10117.000000 1.465273e-04 
10120.000000 1.462526e-04 
10123.000000 1.460466e-04 
10126.000000 1.457720e-04 
10129.000000 1.454973e-04 
10132.000000 1.452913e-04 
10135.000000 1.450167e-04 
10138.000000 1.448107e-04 
10141.000000 1.445360e-04 
10144.000000 1.443300e-04 
10147.000000 1.440554e-04 
10150.000000 1.438494e-04 
10153.000000 1.435748e-04 
10156.000000 1.433001e-04 
10159.000000 1.430941e-04 
10162.000000 1.428195e-04 
10165.000000 1.426135e-04 
10168.000000 1.423388e-04 
10171.000000 1.421328e-04 
10174.000000 1.418582e-04 
10177.000000 1.416522e-04 
10180.000000 1.413775e-04 
10183.000000 1.411029e-04 
10186.000000 1.408969e-04 
10189.000000 1.406222e-04 
10192.000000 1.404162e-04 
10195.000000 1.401416e-04 
10198.000000 1.399356e-04 
10201.000000 1.396609e-04 
10204.000000 1.394550e-04 
10207.000000 1.391803e-04 
10210.000000 1.389057e-04 
10213.000000 1.386997e-04 
10216.000000 1.384250e-04 
10219.000000 1.382190e-04 
10222.000000 1.379444e-04 
10225.000000 1.377384e-04 
10228.000000 1.374637e-04 
10231.000000 1.371891e-04 
10234.000000 1.369831e-04 
10237.000000 1.367084e-04 
10240.000000 1.365024e-04 
10243.000000 1.362278e-04 
10246.000000 1.360218e-04 
10249.000000 1.357471e-04 
10252.000000 1.355412e-04 
10255.000000 1.352665e-04 
10258.000000 1.349919e-04 
10261.000000 1.347859e-04 
10264.000000 1.345112e-04 
10267.000000 1.343052e-04 
10270.000000 1.340306e-04 
10273.000000 1.338246e-04 
10276.000000 1.335499e-04 
10279.000000 1.333439e-04 
10282.000000 1.330693e-04 
10285.000000 1.327946e-04 
10288.000000 1.325886e-04 
10291.000000 1.323140e-04 
10294.000000 1.321080e-04 
10297.000000 1.318333e-04 
10300.000000 1.316274e-04 
10303.000000 1.313527e-04 
10306.000000 1.311467e-04 
10309.000000 1.308721e-04 
10312.000000 1.305974e-04 
10315.000000 1.303914e-04 
10318.000000 1.301168e-04 
10321.000000 1.299108e-04 
10324.000000 1.296361e-04 
10327.000000 1.294301e-04 
10330.000000 1.291555e-04 
10333.000000 1.289495e-04 
10336.000000 1.286748e-04 
10339.000000 1.284002e-04 
10342.000000 1.281942e-04 
10345.000000 1.279195e-04 
10348.000000 1.277136e-04 
10351.000000 1.274389e-04 
10354.000000 1.272329e-04 
10357.000000 1.269583e-04 
10360.000000 1.267523e-04 
10363.000000 1.264776e-04 
10366.000000 1.262030e-04 
10369.000000 1.259970e-04 
10372.000000 1.257223e-04 
10375.000000 1.255163e-04 
10378.000000 1.252417e-04 
10381.000000 1.250357e-04 
10384.000000 1.247610e-04 
10387.000000 1.245550e-04 
10390.000000 1.242804e-04 
10393.000000 1.240057e-04 
10396.000000 1.237998e-04 
10399.000000 1.235251e-04 
10402.000000 1.233191e-04 
10405.000000 1.230445e-04 
10408.000000 1.228385e-04 
10411.000000 1.225638e-04 
10414.000000 1.223578e-04 
10417.000000 1.220832e-04 
10420.000000 1.218085e-04 
10423.000000 1.216025e-04 
10426.000000 1.213279e-04 
10429.000000 1.211219e-04 
10432.000000 1.208472e-04 
10435.000000 1.206412e-04 
10438.000000 1.203666e-04 
10441.000000 1.201606e-04 
10444.000000 1.198859e-04 
10447.000000 1.196113e-04 
10450.000000 1.194053e-04 
10453.000000 1.191307e-04 
10456.000000 1.189247e-04 
10459.000000 1.186500e-04 
10462.000000 1.184440e-04 
10465.000000 1.181694e-04 
10468.000000 1.179634e-04 
10471.000000 1.176887e-04 
10474.000000 1.174141e-04 
10477.000000 1.172081e-04 
10480.000000 1.169334e-04 
10483.000000 1.167274e-04 
10486.000000 1.164528e-04 
10489.000000 1.162468e-04 
10492.000000 1.159721e-04 
10495.000000 1.156975e-04 
10498.000000 1.154915e-04 
10501.000000 1.152169e-04 
10504.000000 1.150109e-04 
10507.000000 1.147362e-04 
10510.000000 1.145302e-04 
10513.000000 1.142556e-04 
10516.000000 1.140496e-04 
10519.000000 1.137749e-04 
10522.000000 1.135003e-04 
10525.000000 1.132943e-04 
10528.000000 1.130196e-04 
10531.000000 1.128136e-04 
10534.000000 1.125390e-04 
10537.000000 1.123330e-04 
10540.000000 1.120583e-04 
10543.000000 1.118524e-04 
10546.000000 1.115777e-04 
10549.000000 1.113030e-04 
10552.000000 1.110971e-04 
10555.000000 1.108224e-04 
10558.000000 1.106164e-04 
10561.000000 1.103418e-04 
10564.000000 1.101358e-04 
10567.000000 1.098611e-04 
10570.000000 1.096551e-04 
10573.000000 1.093805e-04 
10576.000000 1.091058e-04 
10579.000000 1.088998e-04 
10582.000000 1.086252e-04 
10585.000000 1.084192e-04 
10588.000000 1.081445e-04 
10591.000000 1.079386e-04 
10594.000000 1.076639e-04 
10597.000000 1.074579e-04 
10600.000000 1.071833e-04 
10603.000000 1.069086e-04 
10606.000000 1.067026e-04 
10609.000000 1.064280e-04 
10612.000000 1.062220e-04 
10615.000000 1.059473e-04 
10618.000000 1.057413e-04 
10621.000000 1.054667e-04 
10624.000000 1.052607e-04 
10627.000000 1.049860e-04 
10630.000000 1.047114e-04 
10633.000000 1.045054e-04 
10636.000000 1.042307e-04 
10639.000000 1.040247e-04 
10642.000000 1.037501e-04 
10645.000000 1.035441e-04 
10648.000000 1.032695e-04 
10651.000000 1.030635e-04 
10654.000000 1.027888e-04 
10657.000000 1.025142e-04 
10660.000000 1.023082e-04 
10663.000000 1.020335e-04 
10666.000000 1.018275e-04 
10669.000000 1.015529e-04 
10672.000000 1.013469e-04 
10675.000000 1.010722e-04 
10678.000000 1.008662e-04 
10681.000000 1.005916e-04 
10684.000000 1.003169e-04 
10687.000000 1.001109e-04 
10690.000000 9.983629e-05 
10693.000000 9.963030e-05 
10696.000000 9.935565e-05 
10699.000000 9.914966e-05 
10702.000000 9.887501e-05 
10705.000000 9.866902e-05 
10708.000000 9.839437e-05 
10711.000000 9.811971e-05 
10714.000000 9.791372e-05 
10717.000000 9.763907e-05 
10720.000000 9.743308e-05 
10723.000000 9.715843e-05 
10726.000000 9.695244e-05 
10729.000000 9.667779e-05 
10732.000000 9.647180e-05 
10735.000000 9.619714e-05 
10738.000000 9.592249e-05 
10741.000000 9.571650e-05 
10744.000000 9.544185e-05 
10747.000000 9.523586e-05 
10750.000000 9.496121e-05 
10753.000000 9.475522e-05 
10756.000000 9.448056e-05 
10759.000000 9.427457e-05 
10762.000000 9.399992e-05 
10765.000000 9.372527e-05 
10768.000000 9.351928e-05 
10771.000000 9.324463e-05 
10774.000000 9.303864e-05 
10777.000000 9.276398e-05 
10780.000000 9.255799e-05 
10783.000000 9.228334e-05 
10786.000000 9.200869e-05 
10789.000000 9.180270e-05 
10792.000000 9.152805e-05 
10795.000000 9.132206e-05 
10798.000000 9.104740e-05 
10801.000000 9.084141e-05 
10804.000000 9.056676e-05 
10807.000000 9.036077e-05 
10810.000000 9.008612e-05 
10813.000000 8.981147e-05 
10816.000000 8.960548e-05 
10819.000000 8.933082e-05 
10822.000000 8.912483e-05 
10825.000000 8.885018e-05 
10828.000000 8.864419e-05 
10831.000000 8.836954e-05 
10834.000000 8.816355e-05 
10837.000000 8.788890e-05 
10840.000000 8.761424e-05 
10843.000000 8.740825e-05 
10846.000000 8.713360e-05 
10849.000000 8.692761e-05 
10852.000000 8.665296e-05 
10855.000000 8.644697e-05 
10858.000000 8.617232e-05 
10861.000000 8.596633e-05 
10864.000000 8.569167e-05 
10867.000000 8.541702e-05 
10870.000000 8.521103e-05 
10873.000000 8.493638e-05 
10876.000000 8.473039e-05 
10879.000000 8.445574e-05 
10882.000000 8.424975e-05 
10885.000000 8.397509e-05 
10888.000000 8.376910e-05 
10891.000000 8.349445e-05 
10894.000000 8.321980e-05 
10897.000000 8.301381e-05 
10900.000000 8.273916e-05 
10903.000000 8.253317e-05 
10906.000000 8.225851e-05 
10909.000000 8.205252e-05 
10912.000000 8.177787e-05 
10915.000000 8.157188e-05 
10918.000000 8.129723e-05 
10921.000000 8.102258e-05 
10924.000000 8.081659e-05 
10927.000000 8.054193e-05 
10930.000000 8.033594e-05 
10933.000000 8.006129e-05 
10936.000000 7.985530e-05 
10939.000000 7.958065e-05 
10942.000000 7.937466e-05 
10945.000000 7.910001e-05 
10948.000000 7.882535e-05 
10951.000000 7.861936e-05 
10954.000000 7.834471e-05 
10957.000000 7.813872e-05 
10960.000000 7.786407e-05 
10963.000000 7.765808e-05 
10966.000000 7.738343e-05 
10969.000000 7.717744e-05 
10972.000000 7.690278e-05 
10975.000000 7.662813e-05 
10978.000000 7.642214e-05 
10981.000000 7.614749e-05 
10984.000000 7.594150e-05 
10987.000000 7.566685e-05 
10990.000000 7.546086e-05 
10993.000000 7.518620e-05 
10996.000000 7.491155e-05 
10999.000000 7.470556e-05
11002.000000 7.450000e-05
