3641.000 0.000501464
3643.819 0.000991089
3646.638 0.00148071
3649.457 0.00197178
3652.276 0.00249111
3655.096 0.00315064
3657.915 0.00412849
3660.734 0.00549254
3663.553 0.00711423
3666.372 0.00882447
3669.191 0.0105472
3672.010 0.0122701
3674.829 0.0139931
3677.648 0.0157157
3680.467 0.0174271
3683.286 0.0190673
3686.106 0.0205164
3688.925 0.0216973
3691.744 0.0226709
3694.563 0.0235599
3697.382 0.0244334
3700.201 0.0253058
3703.020 0.0261717
3705.839 0.0270133
3708.658 0.0278097
3711.477 0.0285606
3714.296 0.0292866
3717.116 0.0300059
3719.935 0.0307245
3722.754 0.0314431
3725.573 0.0321617
3728.392 0.0328803
3731.211 0.033599
3734.030 0.0343176
3736.849 0.0350362
3739.668 0.0357548
3742.487 0.0364734
3745.307 0.037192
3748.126 0.0379107
3750.945 0.0386293
3753.764 0.0393479
3756.583 0.0400665
3759.402 0.0407851
3762.221 0.0415038
3765.040 0.0422224
3767.859 0.042941
3770.678 0.0436596
3773.497 0.0443782
3776.317 0.0450968
3779.136 0.0458156
3781.955 0.0465379
3784.774 0.0472789
3787.593 0.0480647
3790.412 0.0489073
3793.231 0.0497896
3796.050 0.0506863
3798.869 0.0515853
3801.688 0.0524843
3804.508 0.0533833
3807.327 0.0542823
3810.146 0.0551813
3812.965 0.0560792
3815.784 0.0569684
3818.603 0.0578309
3821.422 0.0586516
3824.241 0.0594364
3827.060 0.0602046
3829.879 0.0609692
3832.699 0.0617336
3835.518 0.062498
3838.337 0.0632624
3841.156 0.0640268
3843.975 0.0647913
3846.794 0.0655557
3849.613 0.0663201
3852.432 0.0670845
3855.251 0.0678489
3858.070 0.0686133
3860.889 0.0693777
3863.708 0.0701421
3866.528 0.0709065
3869.347 0.0716709
3872.166 0.0724353
3874.985 0.0731996
3877.804 0.0739635
3880.623 0.0747269
3883.442 0.0754898
3886.261 0.0762525
3889.080 0.0770123
3891.900 0.0777507
3894.719 0.0784255
3897.538 0.0790027
3900.357 0.079498
3903.176 0.0799564
3905.995 0.0804071
3908.814 0.0808574
3911.633 0.0813078
3914.452 0.0817599
3917.271 0.0822234
3920.090 0.0827179
3922.910 0.0832567
3925.729 0.0838302
3928.548 0.0844182
3931.367 0.0850089
3934.186 0.0855996
3937.005 0.0861904
3939.824 0.0867812
3942.643 0.0873719
3945.462 0.0879627
3948.281 0.0885534
3951.100 0.0891442
3953.920 0.0897349
3956.739 0.0903239
3959.558 0.0909061
3962.377 0.0914744
3965.196 0.0920275
3968.015 0.0925716
3970.834 0.093113
3973.653 0.0936541
3976.472 0.0941952
3979.292 0.0947362
3982.111 0.0952773
3984.930 0.0958183
3987.749 0.0963594
3990.568 0.0969005
3993.387 0.0974415
3996.206 0.0979826
3999.025 0.0985237
4001.844 0.0990647
4004.663 0.0996058
4007.482 0.100147
4010.301 0.100687
4013.121 0.101225
4015.940 0.101761
4018.759 0.102295
4021.578 0.102829
4024.397 0.103363
4027.216 0.103897
4030.035 0.104431
4032.854 0.104965
4035.673 0.105497
4038.492 0.106017
4041.312 0.106504
4044.131 0.106946
4046.950 0.107352
4049.769 0.107745
4052.588 0.108134
4055.407 0.108524
4058.226 0.108914
4061.045 0.109305
4063.864 0.109713
4066.683 0.110175
4069.503 0.110722
4072.322 0.111346
4075.141 0.112006
4077.960 0.112675
4080.779 0.113344
4083.598 0.114011
4086.417 0.114648
4089.236 0.115133
4092.055 0.115273
4094.874 0.114989
4097.694 0.114291
4100.513 0.112867
4103.332 0.110067
4106.151 0.105686
4108.970 0.100287
4111.789 0.0944461
4114.608 0.0881298
4117.427 0.0810131
4120.246 0.0730947
4123.065 0.0647851
4125.884 0.0566356
4128.703 0.04917
4131.523 0.0426187
4134.342 0.03673
4137.161 0.0311027
4139.980 0.02562
4142.799 0.0205132
4145.618 0.0161048
4148.437 0.0125489
4151.256 0.0098657
4154.075 0.00798151
4156.895 0.00663173
4159.714 0.00552431
4162.533 0.00458184
4165.352 0.00385037
4168.171 0.00330256
4170.990 0.00284344
4173.809 0.00242115
4176.628 0.00205553
4179.447 0.00177808
4182.266 0.00157754
4185.085 0.00141312
4187.904 0.00125664
4190.724 0.00110065
4193.543 0.00094466
4196.362 0.000788671
4199.181 0.000632682
4202.000 0.000476693
