5260.000 0.000632485
5262.412 0.000789895
5264.824 0.000947304
5267.236 0.00110471
5269.648 0.00126212
5272.060 0.00141953
5274.472 0.00157694
5276.884 0.00173435
5279.297 0.00189176
5281.708 0.00204917
5284.121 0.00220675
5286.533 0.00237044
5288.945 0.00257336
5291.357 0.00288298
5293.769 0.00334381
5296.181 0.00392259
5298.593 0.00455014
5301.005 0.00518674
5303.417 0.00583222
5305.829 0.00657772
5308.241 0.00771271
5310.653 0.00958448
5313.065 0.0122143
5315.477 0.01527
5317.889 0.0184435
5320.301 0.0216286
5322.714 0.024814
5325.126 0.0280318
5327.538 0.0316306
5329.950 0.0367075
5332.362 0.0445722
5334.774 0.0552971
5337.186 0.0676245
5339.598 0.0803954
5342.010 0.0932084
5344.422 0.105994
5346.834 0.118627
5349.246 0.13089
5351.658 0.142674
5354.070 0.154119
5356.482 0.16544
5358.895 0.176742
5361.306 0.188037
5363.719 0.199101
5366.131 0.208995
5368.543 0.21629
5370.955 0.220522
5373.367 0.222677
5375.779 0.223754
5378.191 0.22396
5380.603 0.223392
5383.015 0.222412
5385.427 0.221331
5387.839 0.220254
5390.251 0.219191
5392.663 0.218144
5395.075 0.217135
5397.487 0.216207
5399.900 0.215379
5402.312 0.214617
5404.724 0.213879
5407.136 0.213149
5409.548 0.212438
5411.960 0.211769
5414.372 0.211147
5416.784 0.210569
5419.196 0.210058
5421.608 0.209651
5424.020 0.209344
5426.432 0.209089
5428.844 0.208848
5431.256 0.208602
5433.668 0.208322
5436.080 0.207942
5438.493 0.207419
5440.904 0.206785
5443.317 0.206123
5445.729 0.205516
5448.141 0.205011
5450.553 0.204597
5452.965 0.204228
5455.377 0.203874
5457.789 0.20354
5460.201 0.203235
5462.613 0.202958
5465.025 0.202693
5467.437 0.202431
5469.849 0.202169
5472.261 0.201907
5474.673 0.201646
5477.085 0.201385
5479.498 0.201128
5481.910 0.200877
5484.322 0.200633
5486.734 0.200392
5489.146 0.200152
5491.558 0.199913
5493.970 0.199693
5496.382 0.199542
5498.794 0.199523
5501.206 0.199639
5503.618 0.199833
5506.030 0.200047
5508.442 0.200264
5510.854 0.20048
5513.266 0.200702
5515.678 0.200947
5518.090 0.201246
5520.502 0.201614
5522.915 0.202029
5525.327 0.20246
5527.739 0.202894
5530.151 0.203332
5532.563 0.203781
5534.975 0.204245
5537.387 0.204721
5539.799 0.205197
5542.211 0.205646
5544.623 0.206016
5547.035 0.206278
5549.447 0.206454
5551.859 0.206596
5554.271 0.206732
5556.683 0.206881
5559.096 0.207086
5561.507 0.207413
5563.920 0.207876
5566.332 0.208427
5568.744 0.209005
5571.156 0.209587
5573.568 0.210191
5575.980 0.210892
5578.392 0.21181
5580.804 0.212975
5583.216 0.214225
5585.628 0.215233
5588.040 0.215703
5590.452 0.215634
5592.864 0.215271
5595.276 0.214824
5597.688 0.21427
5600.100 0.213249
5602.513 0.211217
5604.925 0.207997
5607.337 0.203833
5609.749 0.198631
5612.161 0.191861
5614.573 0.183471
5616.985 0.174151
5619.397 0.164565
5621.809 0.154946
5624.221 0.145294
5626.633 0.135544
5629.045 0.125646
5631.457 0.115627
5633.869 0.105555
5636.281 0.0954716
5638.694 0.0853877
5641.105 0.0753075
5643.518 0.0653346
5645.930 0.055991
5648.342 0.0482557
5650.754 0.0426822
5653.166 0.0387075
5655.578 0.0353542
5657.990 0.032106
5660.402 0.0288613
5662.814 0.0256166
5665.226 0.0223724
5667.638 0.0191516
5670.050 0.0160947
5672.462 0.0135116
5674.874 0.0116347
5677.286 0.0103366
5679.699 0.00929172
5682.111 0.00829996
5684.523 0.00733587
5686.935 0.00646178
5689.347 0.005747
5691.759 0.00518608
5694.171 0.00470595
5696.583 0.00424639
5698.995 0.00378964
5701.407 0.00334554
5703.819 0.00295011
5706.231 0.00264597
5708.643 0.00243502
5711.055 0.002276
5713.467 0.00213126
5715.879 0.0019879
5718.292 0.00184455
5720.703 0.0017012
5723.116 0.00155785
5725.528 0.00141449
5727.940 0.00127114
5730.352 0.00112779
5732.764 0.000984434
5735.176 0.000841082
5737.588 0.000697729
5740.000 0.000554376
