7660.00 0.0001315
7670.00 0.0001851
7680.00 0.000255
7690.00 0.0003582
7700.00 0.0004896
7710.00 0.0006763
7720.00 0.0009549
7730.00 0.0013857
7740.00 0.002075
7750.00 0.0031872
7760.00 0.0051494
7770.00 0.0087511
7780.00 0.0153516
7790.00 0.0275279
7800.00 0.0490583
7810.00 0.0823641
7820.00 0.122233
7830.00 0.155964
7840.00 0.173437
7850.00 0.178096
7860.00 0.178218
7870.00 0.178674
7880.00 0.179879
7890.00 0.182035
7900.00 0.184503
7910.00 0.186294
7920.00 0.187461
7930.00 0.187729
7940.00 0.187287
7950.00 0.187122
7960.00 0.186868
7970.00 0.186065
7980.00 0.185491
7990.00 0.188707
8000.00 0.188608
8010.00 0.187775
8020.00 0.1867
8030.00 0.186032
8040.00 0.185277
8050.00 0.18491
8060.00 0.183564
8070.00 0.182494
8080.00 0.181518
8090.00 0.180795
8100.00 0.180125
8110.00 0.17878
8120.00 0.178008
8130.00 0.177104
8140.00 0.176495
8150.00 0.175497
8160.00 0.17457
8170.00 0.174135
8180.00 0.173169
8190.00 0.172401
8200.00 0.17161
8210.00 0.170787
8220.00 0.170096
8230.00 0.169247
8240.00 0.168659
8250.00 0.167769
8260.00 0.167011
8270.00 0.166101
8280.00 0.165267
8290.00 0.164393
8300.00 0.163485
8310.00 0.16243
8320.00 0.16138
8330.00 0.160371
8340.00 0.159259
8350.00 0.158074
8360.00 0.157128
8370.00 0.156204
8380.00 0.154977
8390.00 0.154093
8400.00 0.153203
8410.00 0.152325
8420.00 0.151273
8430.00 0.150357
8440.00 0.149627
8450.00 0.148875
8460.00 0.148146
8470.00 0.147436
8480.00 0.146646
8490.00 0.145952
8500.00 0.145183
8510.00 0.144788
8520.00 0.144123
8530.00 0.143331
8540.00 0.142684
8550.00 0.141819
8560.00 0.14121
8570.00 0.14046
8580.00 0.139821
8590.00 0.138963
8600.00 0.138266
8610.00 0.137494
8620.00 0.136756
8630.00 0.13602
8640.00 0.135268
8650.00 0.134305
8660.00 0.133242
8670.00 0.132329
8680.00 0.131422
8690.00 0.130503
8700.00 0.129524
8710.00 0.128524
8720.00 0.127647
8730.00 0.126774
8740.00 0.12583
8750.00 0.125011
8760.00 0.12415
8770.00 0.123233
8780.00 0.122443
8790.00 0.121599
8800.00 0.12071
8810.00 0.119694
8820.00 0.118652
8830.00 0.117696
8840.00 0.116739
8850.00 0.115697
8860.00 0.114763
8870.00 0.113877
8880.00 0.112993
8890.00 0.112295
8900.00 0.111553
8910.00 0.110915
8920.00 0.11028
8930.00 0.109452
8940.00 0.108857
8950.00 0.108011
8960.00 0.107372
8970.00 0.106538
8980.00 0.105738
8990.00 0.104704
9000.00 0.103711
9010.00 0.102781
9020.00 0.101975
9030.00 0.101082
9040.00 0.100152
9050.00 0.0992754
9060.00 0.0982157
9070.00 0.0972969
9080.00 0.0964061
9090.00 0.0954658
9100.00 0.0944284
9110.00 0.0934787
9120.00 0.0925171
9130.00 0.0917529
9140.00 0.0908714
9150.00 0.0900656
9160.00 0.0892756
9170.00 0.0885825
9180.00 0.0878592
9190.00 0.0872629
9200.00 0.0866876
9210.00 0.0860962
9220.00 0.0855453
9230.00 0.0850244
9240.00 0.08462
9250.00 0.0841944
9260.00 0.0837607
9270.00 0.0832819
9280.00 0.0826669
9290.00 0.082201
9300.00 0.0816376
9310.00 0.0810077
9320.00 0.0803905
9330.00 0.0795589
9340.00 0.078792
9350.00 0.0780276
9360.00 0.0772598
9370.00 0.0764968
9380.00 0.075704
9390.00 0.0748972
9400.00 0.0740696
9410.00 0.0732472
9420.00 0.0723858
9430.00 0.0716533
9440.00 0.0708231
9450.00 0.0702233
9460.00 0.0694912
9470.00 0.0687684
9480.00 0.0680182
9490.00 0.0672822
9500.00 0.0665152
9510.00 0.0658524
9520.00 0.0651313
9530.00 0.0644611
9540.00 0.0637354
9550.00 0.0629318
9560.00 0.0622031
9570.00 0.0615014
9580.00 0.0607485
9590.00 0.0599081
9600.00 0.059117
9610.00 0.058277
9620.00 0.0575735
9630.00 0.0567696
9640.00 0.055945
9650.00 0.0551462
9660.00 0.0543102
9670.00 0.0535313
9680.00 0.0526197
9690.00 0.0518341
9700.00 0.0510084
9710.00 0.0501931
9720.00 0.0494007
9730.00 0.0486099
9740.00 0.0479115
9750.00 0.0473064
9760.00 0.0465449
9770.00 0.0455497
9780.00 0.0449114
9790.00 0.0443909
9800.00 0.0437744
9810.00 0.0430597
9820.00 0.0424057
9830.00 0.0417012
9840.00 0.040878
9850.00 0.040101
9860.00 0.039283
9870.00 0.038238
9880.00 0.0370916
9890.00 0.0359381
9900.00 0.0347156
9910.00 0.0333845
9920.00 0.0320305
9930.00 0.0305908
9940.00 0.0292013
9950.00 0.0277318
9960.00 0.0263327
9970.00 0.0249241
9980.00 0.0235888
9990.00 0.0222906
10000.00 0.0210349
10010.00 0.0175308
10020.00 0.0142362
10030.00 0.0111215
10040.00 0.0081578
10050.00 0.0053268
10060.00 0.0026162
