2935.000 1.58589e-05
2936.000 1.58589e-05
2937.000 1.56815e-05
2938.000 1.56701e-05
2939.000 1.56701e-05
2940.000 1.56701e-05
2941.000 1.56701e-05
2942.000 1.56701e-05
2943.000 1.56701e-05
2944.000 1.54959e-05
2945.000 6.74152e-05
2946.000 6.74152e-05
2947.000 6.74152e-05
2948.000 6.74152e-05
2949.000 6.74152e-05
2950.000 6.6672e-05
2951.000 6.6672e-05
2952.000 6.6672e-05
2953.000 6.6672e-05
2954.000 6.6672e-05
2955.000 0.000261572
2956.000 0.000261572
2957.000 0.000261572
2958.000 0.000261572
2959.000 0.000261572
2960.000 0.000261572
2961.000 0.000258869
2962.000 0.000258869
2963.000 0.000258533
2964.000 0.000258533
2965.000 0.000978773
2966.000 0.000978773
2967.000 0.000969034
2968.000 0.000969034
2969.000 0.000969034
2970.000 0.000969034
2971.000 0.000969034
2972.000 0.000969034
2973.000 0.000969034
2974.000 0.000960056
2975.000 0.00289337
2976.000 0.00289337
2977.000 0.00289337
2978.000 0.00289337
2979.000 0.00289337
2980.000 0.00286708
2981.000 0.00286708
2982.000 0.00286708
2983.000 0.00286708
2984.000 0.00286708
2985.000 0.00518151
2986.000 0.00518151
2987.000 0.00518151
2988.000 0.0051521
2989.000 0.0051521
2990.000 0.0051521
2991.000 0.00511712
2992.000 0.00511712
2993.000 0.00511712
2994.000 0.00511712
2995.000 0.00671487
2996.000 0.00671487
2997.000 0.00667179
2998.000 0.00667179
2999.000 0.00667179
3000.000 0.00667179
3001.000 0.00667179
3002.000 0.00667179
3003.000 0.00667179
3004.000 0.00663761
3005.000 0.00880008
3006.000 0.00880008
3007.000 0.00880008
3008.000 0.00880008
3009.000 0.00880008
3010.000 0.00874995
3011.000 0.00874995
3012.000 0.00874995
3013.000 0.00873488
3014.000 0.00873488
3015.000 0.011564
3016.000 0.011564
3017.000 0.011564
3018.000 0.011564
3019.000 0.011564
3020.000 0.011564
3021.000 0.0115166
3022.000 0.0115166
3023.000 0.0115166
3024.000 0.0115166
3025.000 0.0132308
3026.000 0.0132308
3027.000 0.0131813
3028.000 0.0131813
3029.000 0.0131813
3030.000 0.0131813
3031.000 0.0131813
3032.000 0.0131813
3033.000 0.0131813
3034.000 0.0131514
3035.000 0.0137949
3036.000 0.0137949
3037.000 0.0137949
3038.000 0.0138095
3039.000 0.0138095
3040.000 0.0137682
3041.000 0.0137682
3042.000 0.0137682
3043.000 0.0137682
3044.000 0.0137682
3045.000 0.0147729
3046.000 0.0147729
3047.000 0.0147729
3048.000 0.0147729
3049.000 0.0147729
3050.000 0.0147729
3051.000 0.014736
3052.000 0.014736
3053.000 0.014736
3054.000 0.014736
3055.000 0.015927
3056.000 0.015927
3057.000 0.015891
3058.000 0.015891
3059.000 0.015891
3060.000 0.015891
3061.000 0.015891
3062.000 0.015891
3063.000 0.0158534
3064.000 0.0157901
3065.000 0.0162423
3066.000 0.0162423
3067.000 0.0162423
3068.000 0.0162423
3069.000 0.0162423
3070.000 0.0161885
3071.000 0.0161885
3072.000 0.0161885
3073.000 0.0161885
3074.000 0.0161885
3075.000 0.0163512
3076.000 0.0163512
3077.000 0.0163512
3078.000 0.0163512
3079.000 0.0163512
3080.000 0.0163512
3081.000 0.0162747
3082.000 0.0162747
3083.000 0.0162747
3084.000 0.0162747
3085.000 0.0172922
3086.000 0.0172922
3087.000 0.0171949
3088.000 0.0171392
3089.000 0.0171392
3090.000 0.0171392
3091.000 0.0171392
3092.000 0.0171392
3093.000 0.0171392
3094.000 0.017013
3095.000 0.0183937
3096.000 0.0183937
3097.000 0.0183937
3098.000 0.0183937
3099.000 0.0183937
3100.000 0.0182644
3101.000 0.0182644
3102.000 0.0182644
3103.000 0.0182644
3104.000 0.0182644
3105.000 0.018669
3106.000 0.018669
3107.000 0.018669
3108.000 0.018669
3109.000 0.018669
3110.000 0.018669
3111.000 0.0185185
3112.000 0.0185185
3113.000 0.0184677
3114.000 0.0184677
3115.000 0.0178729
3116.000 0.0178729
3117.000 0.0177016
3118.000 0.0177016
3119.000 0.0177016
3120.000 0.0177016
3121.000 0.0177016
3122.000 0.0177016
3123.000 0.0177016
3124.000 0.0175119
3125.000 0.0170904
3126.000 0.0170904
3127.000 0.0170904
3128.000 0.0170904
3129.000 0.0170904
3130.000 0.0169041
3131.000 0.0169041
3132.000 0.0169041
3133.000 0.0169041
3134.000 0.0169041
3135.000 0.0172357
3136.000 0.0172357
3137.000 0.0172357
3138.000 0.017218
3139.000 0.017218
3140.000 0.017218
3141.000 0.0170207
3142.000 0.0170207
3143.000 0.0170207
3144.000 0.0170207
3145.000 0.0181214
3146.000 0.0181214
3147.000 0.0179012
3148.000 0.0179012
3149.000 0.0179012
3150.000 0.0179012
3151.000 0.0179012
3152.000 0.0179012
3153.000 0.0179012
3154.000 0.0176708
3155.000 0.0184785
3156.000 0.0184785
3157.000 0.0184785
3158.000 0.0184785
3159.000 0.0184785
3160.000 0.0182356
3161.000 0.0182356
3162.000 0.0182356
3163.000 0.0182596
3164.000 0.0182596
3165.000 0.0177783
3166.000 0.0177783
3167.000 0.0177783
3168.000 0.0177783
3169.000 0.0177783
3170.000 0.0177783
3171.000 0.017528
3172.000 0.017528
3173.000 0.017528
3174.000 0.017528
3175.000 0.0169594
3176.000 0.0169594
3177.000 0.0166848
3178.000 0.0166848
3179.000 0.0166848
3180.000 0.0166848
3181.000 0.0166848
3182.000 0.0166848
3183.000 0.0166848
3184.000 0.0164223
3185.000 0.0162901
3186.000 0.0162901
3187.000 0.0162901
3188.000 0.0162894
3189.000 0.0162894
3190.000 0.0160158
3191.000 0.0160158
3192.000 0.0160158
3193.000 0.0160158
3194.000 0.0160158
3195.000 0.016118
3196.000 0.016118
3197.000 0.016118
3198.000 0.016118
3199.000 0.016118
3200.000 0.016118
3201.000 0.0158147
3202.000 0.0158147
3203.000 0.0158147
3204.000 0.0158147
3205.000 0.0165399
3206.000 0.0165399
3207.000 0.0162113
3208.000 0.0162113
3209.000 0.0162113
3210.000 0.0162113
3211.000 0.0162113
3212.000 0.0162113
3213.000 0.0162035
3214.000 0.0158783
3215.000 0.0164183
3216.000 0.0164183
3217.000 0.0164183
3218.000 0.0164183
3219.000 0.0164183
3220.000 0.0160954
3221.000 0.0160954
3222.000 0.0160954
3223.000 0.0160954
3224.000 0.0160954
3225.000 0.0158895
3226.000 0.0158895
3227.000 0.0158895
3228.000 0.0158895
3229.000 0.0158895
3230.000 0.0158895
3231.000 0.0155826
3232.000 0.0155826
3233.000 0.0155826
3234.000 0.0155826
3235.000 0.0154436
3236.000 0.0154436
3237.000 0.0151673
3238.000 0.0151944
3239.000 0.0151944
3240.000 0.0151944
3241.000 0.0151944
3242.000 0.0151944
3243.000 0.0151944
3244.000 0.0149568
3245.000 0.0148201
3246.000 0.0148201
3247.000 0.0148201
3248.000 0.0148201
3249.000 0.0148201
3250.000 0.0146075
3251.000 0.0146075
3252.000 0.0146075
3253.000 0.0146075
3254.000 0.0146075
3255.000 0.0143837
3256.000 0.0143837
3257.000 0.0143837
3258.000 0.0143837
3259.000 0.0143837
3260.000 0.0143837
3261.000 0.0141845
3262.000 0.0141845
3263.000 0.0142465
3264.000 0.0142465
3265.000 0.0143993
3266.000 0.0143993
3267.000 0.0141254
3268.000 0.0141254
3269.000 0.0141254
3270.000 0.0141254
3271.000 0.0141254
3272.000 0.0141254
3273.000 0.0141254
3274.000 0.0137328
3275.000 0.0139117
3276.000 0.0139117
3277.000 0.0139117
3278.000 0.0139117
3279.000 0.0139117
3280.000 0.0133418
3281.000 0.0133418
3282.000 0.0133418
3283.000 0.0133418
3284.000 0.0133418
3285.000 0.012612
3286.000 0.012612
3287.000 0.012612
3288.000 0.0126394
3289.000 0.0126394
3290.000 0.0126394
3291.000 0.0114773
3292.000 0.0114773
3293.000 0.0114773
3294.000 0.0114773
3295.000 0.011642
3296.000 0.011642
3297.000 0.0101343
3298.000 0.0101343
3299.000 0.0101343
3300.000 0.0101343
3301.000 0.0101343
3302.000 0.0101343
3303.000 0.0101343
3304.000 0.00851666
3305.000 0.00863156
3306.000 0.00863156
3307.000 0.00863156
3308.000 0.00863156
3309.000 0.00863156
3310.000 0.00696316
3311.000 0.00696316
3312.000 0.00696316
3313.000 0.00696373
3314.000 0.00696373
3315.000 0.00546533
3316.000 0.00546533
3317.000 0.00546533
3318.000 0.00546533
3319.000 0.00546533
3320.000 0.00546533
3321.000 0.00417185
3322.000 0.00417185
3323.000 0.00417185
3324.000 0.00417185
3325.000 0.00417024
3326.000 0.00417024
3327.000 0.00314467
3328.000 0.00314467
3329.000 0.00314467
3330.000 0.00314467
3331.000 0.00314467
3332.000 0.00314467
3333.000 0.00314467
3334.000 0.00235066
3335.000 0.002337
3336.000 0.002337
3337.000 0.002337
3338.000 0.00233402
3339.000 0.00233402
3340.000 0.00173772
3341.000 0.00173772
3342.000 0.00173772
3343.000 0.00173772
3344.000 0.00173772
3345.000 0.00129722
3346.000 0.00129722
3347.000 0.00129722
3348.000 0.00129722
3349.000 0.00129722
3350.000 0.00129722
3351.000 0.000964655
3352.000 0.000964655
3353.000 0.000964655
3354.000 0.000964655
3355.000 0.000958134
3356.000 0.000958134
3357.000 0.000731361
3358.000 0.000731361
3359.000 0.000731361
3360.000 0.000731361
3361.000 0.000731361
3362.000 0.000731361
3363.000 0.000732428
3364.000 0.000561552
3365.000 0.000558187
3366.000 0.000558187
3367.000 0.000558187
3368.000 0.000558187
3369.000 0.000558187
3370.000 0.000431887
3371.000 0.000431887
3372.000 0.000431887
3373.000 0.000431887
3374.000 0.000431887
3375.000 0.000332364
3376.000 0.000332364
3377.000 0.000332364
3378.000 0.000332364
3379.000 0.000332364
3380.000 0.000332364
3381.000 0.000259547
3382.000 0.000259547
3383.000 0.000259547
3384.000 0.000259547
3385.000 0.00025751
3386.000 0.00025751
3387.000 0.000204578
3388.000 0.000204725
3389.000 0.000204725
3390.000 0.000204725
3391.000 0.000204725
3392.000 0.000204725
3393.000 0.000204725
3394.000 0.000163923
3395.000 0.000162832
3396.000 0.000162832
3397.000 0.000162832
3398.000 0.000162832
3399.000 0.000162832
3400.000 0.000129412
3401.000 0.000129412
3402.000 0.000129412
3403.000 0.000129412
3404.000 0.000129412
3405.000 0.000106608
3406.000 0.000106608
3407.000 0.000106608
3408.000 0.000106608
3409.000 0.000106608
3410.000 0.000106608
3411.000 8.54275e-05
3412.000 8.54275e-05
3413.000 8.55992e-05
3414.000 8.55992e-05
3415.000 8.54527e-05
3416.000 8.54527e-05
3417.000 7.20345e-05
3418.000 7.20345e-05
3419.000 7.20345e-05
3420.000 7.20345e-05
3421.000 7.20345e-05
3422.000 7.20345e-05
3423.000 7.20345e-05
3424.000 5.72038e-05
3425.000 5.75614e-05
3426.000 5.75614e-05
3427.000 5.75614e-05
3428.000 5.75614e-05
3429.000 5.75614e-05
3430.000 4.90338e-05
3431.000 4.90338e-05
3432.000 4.90338e-05
3433.000 4.90338e-05
3434.000 4.90338e-05
3435.000 4.22122e-05
3436.000 4.22122e-05
3437.000 4.22122e-05
3438.000 4.22585e-05
3439.000 4.22585e-05
3440.000 4.22585e-05
3441.000 3.72448e-05
3442.000 3.72448e-05
3443.000 3.72448e-05
3444.000 3.72448e-05
3445.000 3.74161e-05
3446.000 3.74161e-05
3447.000 2.87816e-05
3448.000 2.87816e-05
3449.000 2.87816e-05
3450.000 2.87816e-05
3451.000 2.87816e-05
3452.000 2.87816e-05
3453.000 2.87816e-05
3454.000 2.6623e-05
3455.000 2.66383e-05
3456.000 2.66383e-05
3457.000 2.66383e-05
3458.000 2.66383e-05
3459.000 2.66383e-05
3460.000 2.23186e-05
3461.000 2.23186e-05
3462.000 2.23186e-05
3463.000 2.23341e-05
3464.000 2.23341e-05
3465.000 2.01472e-05
3466.000 2.01472e-05
3467.000 2.01472e-05
3468.000 2.01472e-05
3469.000 2.01472e-05
3470.000 2.01472e-05
3471.000 1.65495e-05
3472.000 1.65495e-05
3473.000 1.65495e-05
3474.000 1.65495e-05
3475.000 1.64836e-05
3476.000 1.64836e-05
3477.000 1.57669e-05
3478.000 1.57669e-05
3479.000 1.57669e-05
3480.000 1.57669e-05
3481.000 1.57669e-05
3482.000 1.57669e-05
3483.000 1.57669e-05
3484.000 1.29002e-05
3485.000 1.28767e-05
3486.000 1.28767e-05
3487.000 1.28767e-05
3488.000 1.28738e-05
3489.000 1.28738e-05
3490.000 1.21586e-05
3491.000 1.21586e-05
3492.000 1.21586e-05
3493.000 1.21586e-05
3494.000 1.21586e-05
