4275.0 0.0000000000
4300.0 0.0100000000
4325.0 0.0100000000
4350.0 0.0100000000
4375.0 0.0100000000
4400.0 0.0100000000
4425.0 0.0200000000
4450.0 0.0200000000
4475.0 0.0300000000
4500.0 0.0500000000
4525.0 0.0800000000
4550.0 0.1300000000
4575.0 0.2100000000
4600.0 0.3100000000
4625.0 0.4100000000
4650.0 0.4600000000
4675.0 0.4800000000
4700.0 0.4600000000
4725.0 0.3900000000
4750.0 0.2900000000
4775.0 0.1900000000
4800.0 0.1100000000
4825.0 0.0700000000
4850.0 0.0400000000
4875.0 0.0300000000
4900.0 0.0200000000
4925.0 0.0100000000
4950.0 0.0100000000
4975.0 0.0100000000
5000.0 0.0000000000
