3675.0 0.0000000000
3700.0 0.0100000000
3725.0 0.0100000000
3750.0 0.0100000000
3775.0 0.0100000000
3800.0 0.0100000000
3825.0 0.0100000000
3850.0 0.0200000000
3875.0 0.0200000000
3900.0 0.0300000000
3925.0 0.0500000000
3950.0 0.0700000000
3975.0 0.1300000000
4000.0 0.2100000000
4025.0 0.3100000000
4050.0 0.4100000000
4075.0 0.4700000000
4100.0 0.4900000000
4125.0 0.4800000000
4150.0 0.4400000000
4175.0 0.3700000000
4200.0 0.2800000000
4225.0 0.1800000000
4250.0 0.1200000000
4275.0 0.0800000000
4300.0 0.0500000000
4325.0 0.0300000000
4350.0 0.0200000000
4375.0 0.0200000000
4400.0 0.0100000000
4425.0 0.0100000000
4450.0 0.0100000000
4475.0 0.0100000000
4500.0 0.0100000000
4525.0 0.0000000000
