6685.700000 0.000110
6689.100000 0.000170
6692.400000 0.000190
6695.800000 0.000180
6699.100000 0.000060
6702.500000 0.000320
6705.900000 0.000420
6709.200000 0.000670
6712.600000 0.000760
6715.900000 0.001100
6719.300000 0.001330
6722.600000 0.001650
6726.000000 0.001920
6729.300000 0.002680
6732.700000 0.003220
6736.000000 0.003740
6739.400000 0.004080
6742.700000 0.004390
6746.100000 0.004410
6749.400000 0.005010
6752.800000 0.005500
6756.100000 0.006440
6759.400000 0.007240
6762.800000 0.008170
6766.100000 0.009030
6769.500000 0.010180
6772.800000 0.011480
6776.200000 0.013220
6779.500000 0.014830
6782.900000 0.016890
6786.200000 0.018810
6789.500000 0.021010
6792.900000 0.022950
6796.200000 0.025690
6799.600000 0.028120
6802.900000 0.031090
6806.200000 0.034010
6809.600000 0.037620
6812.900000 0.041140
6816.300000 0.045140
6819.600000 0.049360
6822.900000 0.053880
6826.300000 0.058660
6829.600000 0.063900
6833.000000 0.069100
6836.300000 0.074850
6839.600000 0.080890
6843.000000 0.087210
6846.300000 0.093930
6849.600000 0.101050
6853.000000 0.108350
6856.300000 0.116260
6859.600000 0.124160
6863.000000 0.132010
6866.300000 0.140540
6869.600000 0.149360
6873.000000 0.158570
6876.300000 0.168060
6879.600000 0.177980
6883.000000 0.187990
6886.300000 0.198140
6889.600000 0.208280
6892.900000 0.219010
6896.300000 0.230280
6899.600000 0.241280
6902.900000 0.252970
6906.200000 0.264920
6909.600000 0.277070
6912.900000 0.288880
6916.200000 0.301700
6919.600000 0.313780
6922.900000 0.326010
6926.200000 0.337990
6929.500000 0.349650
6932.900000 0.361320
6936.200000 0.373920
6939.500000 0.385590
6942.800000 0.397870
6946.100000 0.410320
6949.500000 0.422690
6952.800000 0.433430
6956.100000 0.445680
6959.400000 0.456910
6962.700000 0.467960
6966.100000 0.479220
6969.400000 0.490960
6972.700000 0.501710
6976.000000 0.512140
6979.300000 0.522860
6982.700000 0.533770
6986.000000 0.544440
6989.300000 0.554830
6992.600000 0.564630
6995.900000 0.574040
6999.200000 0.582690
7002.500000 0.591790
7005.900000 0.600720
7009.200000 0.609910
7012.500000 0.618730
7015.800000 0.627280
7019.100000 0.635070
7022.400000 0.643350
7025.700000 0.651260
7029.000000 0.659520
7032.400000 0.667170
7035.700000 0.674690
7039.000000 0.681480
7042.300000 0.687820
7045.600000 0.693750
7048.900000 0.699720
7052.200000 0.706170
7055.500000 0.712440
7058.800000 0.719350
7062.100000 0.725730
7065.400000 0.731600
7068.700000 0.737180
7072.000000 0.743160
7075.400000 0.748620
7078.700000 0.753580
7082.000000 0.758850
7085.300000 0.764140
7088.600000 0.768700
7091.900000 0.773020
7095.200000 0.778140
7098.500000 0.782550
7101.800000 0.786800
7105.100000 0.791360
7108.400000 0.795660
7111.700000 0.800280
7115.000000 0.805150
7118.300000 0.809290
7121.600000 0.813150
7124.900000 0.817000
7128.200000 0.820250
7131.500000 0.823420
7134.800000 0.826980
7138.100000 0.829820
7141.400000 0.833270
7144.700000 0.835600
7148.000000 0.838830
7151.200000 0.841610
7154.500000 0.844950
7157.800000 0.847380
7161.100000 0.851060
7164.400000 0.853690
7167.700000 0.856490
7171.000000 0.858340
7174.300000 0.861000
7177.600000 0.862860
7180.900000 0.864450
7184.200000 0.866490
7187.500000 0.868270
7190.800000 0.870310
7194.000000 0.871780
7197.300000 0.874790
7200.600000 0.876000
7203.900000 0.877060
7207.200000 0.878260
7210.500000 0.880150
7213.800000 0.879930
7217.100000 0.881510
7220.300000 0.884180
7223.600000 0.885870
7226.900000 0.887950
7230.200000 0.889930
7233.500000 0.891350
7236.800000 0.892210
7240.000000 0.892220
7243.300000 0.892950
7246.600000 0.894750
7249.900000 0.895330
7253.200000 0.897080
7256.500000 0.898680
7259.700000 0.899320
7263.000000 0.900220
7266.300000 0.901600
7269.600000 0.901920
7272.900000 0.903180
7276.100000 0.903630
7279.400000 0.903770
7282.700000 0.904950
7286.000000 0.905980
7289.200000 0.906820
7292.500000 0.908680
7295.800000 0.910290
7299.100000 0.910830
7302.300000 0.912210
7305.600000 0.913270
7308.900000 0.913330
7312.200000 0.913690
7315.400000 0.913830
7318.700000 0.913590
7322.000000 0.914210
7325.300000 0.914830
7328.500000 0.916010
7331.800000 0.918030
7335.100000 0.919550
7338.300000 0.920290
7341.600000 0.921370
7344.900000 0.921500
7348.100000 0.921840
7351.400000 0.922580
7354.700000 0.923870
7357.900000 0.924230
7361.200000 0.924960
7364.500000 0.925220
7367.700000 0.925450
7371.000000 0.925760
7374.300000 0.926640
7377.500000 0.927650
7380.800000 0.928840
7384.100000 0.929270
7387.300000 0.928850
7390.600000 0.929950
7393.900000 0.930160
7397.100000 0.930290
7400.400000 0.931620
7403.600000 0.932390
7406.900000 0.932340
7410.200000 0.932900
7413.400000 0.933470
7416.700000 0.932770
7419.900000 0.932720
7423.200000 0.932550
7426.500000 0.932970
7429.700000 0.933000
7433.000000 0.933040
7436.200000 0.934840
7439.500000 0.935570
7442.800000 0.934690
7446.000000 0.934060
7449.300000 0.934250
7452.500000 0.933570
7455.800000 0.933930
7459.000000 0.934490
7462.300000 0.934810
7465.500000 0.934570
7468.800000 0.935020
7472.000000 0.933950
7475.300000 0.934580
7478.500000 0.934550
7481.800000 0.934620
7485.000000 0.933800
7488.300000 0.934290
7491.500000 0.934090
7494.800000 0.934590
7498.000000 0.935210
7501.300000 0.936000
7504.500000 0.935720
7507.800000 0.935430
7511.000000 0.935530
7514.300000 0.935550
7517.500000 0.935190
7520.800000 0.935760
7524.000000 0.936390
7527.300000 0.936770
7530.500000 0.936520
7533.700000 0.937170
7537.000000 0.937560
7540.200000 0.938100
7543.500000 0.938770
7546.700000 0.940210
7550.000000 0.940160
7553.200000 0.940090
7556.400000 0.939290
7559.700000 0.939590
7562.900000 0.938360
7566.200000 0.938330
7569.400000 0.938600
7572.600000 0.939720
7575.900000 0.939130
7579.100000 0.940580
7582.400000 0.940760
7585.600000 0.941570
7588.800000 0.940800
7592.100000 0.940640
7595.300000 0.940710
7598.500000 0.939800
7601.800000 0.939380
7605.000000 0.940790
7608.200000 0.941600
7611.500000 0.941530
7614.700000 0.941790
7617.900000 0.942060
7621.200000 0.940610
7624.400000 0.939900
7627.600000 0.939160
7630.900000 0.940480
7634.100000 0.940800
7637.300000 0.942340
7640.600000 0.943650
7643.800000 0.944600
7647.000000 0.944780
7650.200000 0.944820
7653.500000 0.944480
7656.700000 0.944410
7659.900000 0.945200
7663.200000 0.945150
7666.400000 0.945340
7669.600000 0.944140
7672.800000 0.944090
7676.100000 0.943230
7679.300000 0.943100
7682.500000 0.943010
7685.700000 0.944560
7689.000000 0.944620
7692.200000 0.944620
7695.400000 0.944780
7698.600000 0.944630
7701.800000 0.944970
7705.100000 0.944880
7708.300000 0.945400
7711.500000 0.944750
7714.700000 0.945130
7717.900000 0.945050
7721.200000 0.944190
7724.400000 0.943620
7727.600000 0.944900
7730.800000 0.944670
7734.000000 0.944370
7737.200000 0.945880
7740.500000 0.946680
7743.700000 0.946710
7746.900000 0.947460
7750.100000 0.947770
7753.300000 0.947010
7756.500000 0.946230
7759.700000 0.945710
7763.000000 0.945380
7766.200000 0.945520
7769.400000 0.946170
7772.600000 0.946240
7775.800000 0.945730
7779.000000 0.945940
7782.200000 0.945010
7785.400000 0.945630
7788.700000 0.946100
7791.900000 0.947090
7795.100000 0.946570
7798.300000 0.947640
7801.500000 0.947000
7804.700000 0.946820
7807.900000 0.946790
7811.100000 0.946300
7814.300000 0.944570
7817.500000 0.943860
7820.700000 0.943670
7823.900000 0.943740
7827.100000 0.944220
7830.300000 0.946030
7833.500000 0.946430
7836.700000 0.946610
7839.900000 0.946530
7843.100000 0.947040
7846.400000 0.945850
7849.600000 0.945490
7852.800000 0.945420
7856.000000 0.944770
7859.200000 0.944050
7862.400000 0.943730
7865.600000 0.943500
7868.800000 0.943720
7871.900000 0.944030
7875.100000 0.944170
7878.300000 0.944320
7881.500000 0.943280
7884.700000 0.942900
7887.900000 0.942760
7891.100000 0.943160
7894.300000 0.943170
7897.500000 0.943690
7900.700000 0.943910
7903.900000 0.944240
7907.100000 0.943710
7910.300000 0.944530
7913.500000 0.946220
7916.700000 0.946600
7919.900000 0.945330
7923.100000 0.946000
7926.300000 0.945740
7929.400000 0.944900
7932.600000 0.944190
7935.800000 0.945370
7939.000000 0.945990
7942.200000 0.946900
7945.400000 0.948230
7948.600000 0.949050
7951.800000 0.948940
7955.000000 0.948530
7958.100000 0.948610
7961.300000 0.947200
7964.500000 0.948180
7967.700000 0.948810
7970.900000 0.948940
7974.100000 0.948330
7977.300000 0.949840
7980.400000 0.949030
7983.600000 0.949010
7986.800000 0.949420
7990.000000 0.949560
7993.200000 0.949860
7996.300000 0.949520
7999.500000 0.949320
8002.700000 0.949050
8005.900000 0.950380
8009.100000 0.949140
8012.200000 0.950080
8015.400000 0.950260
8018.600000 0.950050
8021.800000 0.949560
8025.000000 0.950380
8028.100000 0.950620
8031.300000 0.951180
8034.500000 0.950550
8037.700000 0.949920
8040.800000 0.949180
8044.000000 0.947840
8047.200000 0.946730
8050.400000 0.947430
8053.500000 0.947140
8056.700000 0.946950
8059.900000 0.948640
8063.100000 0.948160
8066.200000 0.948110
8069.400000 0.948280
8072.600000 0.948620
8075.700000 0.947330
8078.900000 0.947980
8082.100000 0.946610
8085.200000 0.946700
8088.400000 0.946640
8091.600000 0.947840
8094.800000 0.948350
8097.900000 0.949540
8101.100000 0.948410
8104.300000 0.947910
8107.400000 0.946190
8110.600000 0.946440
8113.700000 0.945770
8116.900000 0.947170
8120.100000 0.948030
8123.200000 0.949260
8126.400000 0.948430
8129.600000 0.949090
8132.700000 0.948390
8135.900000 0.948030
8139.100000 0.947030
8142.200000 0.946810
8145.400000 0.946850
8148.500000 0.946990
8151.700000 0.946210
8154.900000 0.945970
8158.000000 0.947270
8161.200000 0.947550
8164.300000 0.947970
8167.500000 0.949360
8170.600000 0.949880
8173.800000 0.948980
8177.000000 0.948370
8180.100000 0.948160
8183.300000 0.947930
8186.400000 0.949120
8189.600000 0.950540
8192.700000 0.950740
8195.900000 0.951620
8199.000000 0.952480
8202.200000 0.951500
8205.400000 0.949360
8208.500000 0.949840
8211.700000 0.948420
8214.800000 0.947650
8218.000000 0.947390
8221.100000 0.949070
8224.300000 0.949830
8227.400000 0.951440
8230.600000 0.950250
8233.700000 0.950050
8236.900000 0.948930
8240.000000 0.948220
8243.200000 0.947730
8246.300000 0.947790
8249.400000 0.949440
8252.600000 0.950190
8255.700000 0.950130
8258.900000 0.951240
8262.000000 0.951640
8265.200000 0.949660
8268.300000 0.950090
8271.500000 0.950090
8274.600000 0.949020
8277.700000 0.949420
8280.900000 0.951280
8284.000000 0.950640
8287.200000 0.951140
8290.300000 0.950230
8293.500000 0.950700
8296.600000 0.950820
8299.700000 0.951760
8302.900000 0.951400
8306.000000 0.952460
8309.100000 0.951850
8312.300000 0.950590
8315.400000 0.950540
8318.600000 0.950500
8321.700000 0.949850
8324.800000 0.950670
8328.000000 0.951950
8331.100000 0.951650
8334.200000 0.951630
8337.400000 0.952210
8340.500000 0.952390
8343.600000 0.951370
8346.800000 0.952500
8349.900000 0.953020
8353.000000 0.952230
8356.200000 0.952090
8359.300000 0.953060
8362.400000 0.952910
8365.600000 0.953330
8368.700000 0.954450
8371.800000 0.955300
8374.900000 0.955200
8378.100000 0.955650
8381.200000 0.955520
8384.300000 0.956450
8387.500000 0.955600
8390.600000 0.956710
8393.700000 0.955850
8396.800000 0.954500
8400.000000 0.953960
8403.100000 0.953390
8406.200000 0.951420
8409.300000 0.950290
8412.500000 0.950610
8415.600000 0.947880
8418.700000 0.943330
8421.800000 0.938780
8425.000000 0.932220
8428.100000 0.923740
8431.200000 0.914110
8434.300000 0.904960
8437.400000 0.893600
8440.600000 0.879350
8443.700000 0.862830
8446.800000 0.844520
8449.900000 0.823770
8453.000000 0.799950
8456.200000 0.774690
8459.300000 0.749300
8462.400000 0.721560
8465.500000 0.692500
8468.600000 0.662740
8471.700000 0.631560
8474.900000 0.597680
8478.000000 0.564230
8481.100000 0.530970
8484.200000 0.496260
8487.300000 0.463120
8490.400000 0.430470
8493.500000 0.398570
8496.600000 0.367990
8499.800000 0.338620
8502.900000 0.311410
8506.000000 0.286180
8509.100000 0.263360
8512.200000 0.240840
8515.300000 0.220760
8518.400000 0.201780
8521.500000 0.183380
8524.600000 0.166930
8527.700000 0.151570
8530.900000 0.138490
8534.000000 0.125100
8537.100000 0.114240
8540.200000 0.102910
8543.300000 0.094520
8546.400000 0.085770
8549.500000 0.078230
8552.600000 0.070960
8555.700000 0.065270
8558.800000 0.058310
8561.900000 0.053440
8565.000000 0.049120
8568.100000 0.044850
8571.200000 0.041250
8574.300000 0.038060
8577.400000 0.033750
8580.500000 0.030210
8583.600000 0.027750
8586.700000 0.025670
8589.800000 0.023440
8592.900000 0.022230
8596.000000 0.020180
8599.100000 0.018540
8602.200000 0.015980
8605.300000 0.014850
8608.400000 0.013260
8611.500000 0.013070
8614.600000 0.011830
8617.700000 0.011870
8620.800000 0.011370
8623.900000 0.011430
8627.000000 0.009560
8630.100000 0.008900
8633.200000 0.007670
8636.200000 0.006640
8639.300000 0.004620
8642.400000 0.004560
8645.500000 0.003540
8648.600000 0.003030
8651.700000 0.001830
8654.800000 0.001820
8657.900000 0.001010
8661.000000 0.001020
8664.100000 0.000250
8667.100000 0.000460
8670.200000 0.000190
8673.300000 0.000740
8676.400000 0.000450
8679.500000 0.000680
8682.600000 0.000410
8685.700000 0.000460
8688.800000 0.000010
8691.800000 0.000310
8694.900000 0.000090
8698.000000 0.000480
8701.100000 0.000140
8704.200000 0.000370
8707.300000 0.000090
8710.300000 0.000410
8713.400000 0.000010
