5575.000000 0.005100
5580.000000 0.007290
5585.000000 0.010280
5590.000000 0.014200
5595.000000 0.019420
5600.000000 0.025810
5605.000000 0.033730
5610.000000 0.043090
5615.000000 0.054520
5620.000000 0.068120
5625.000000 0.083830
5630.000000 0.101640
5635.000000 0.121780
5640.000000 0.143420
5645.000000 0.167350
5650.000000 0.192550
5655.000000 0.219370
5660.000000 0.247390
5665.000000 0.276360
5670.000000 0.305930
5675.000000 0.335810
5680.000000 0.365170
5685.000000 0.394920
5690.000000 0.424160
5695.000000 0.453240
5700.000000 0.480580
5705.000000 0.507100
5710.000000 0.532630
5715.000000 0.557380
5720.000000 0.580480
5725.000000 0.602670
5730.000000 0.623920
5735.000000 0.643150
5740.000000 0.661580
5745.000000 0.678730
5750.000000 0.694540
5755.000000 0.709690
5760.000000 0.723550
5765.000000 0.736240
5770.000000 0.748210
5775.000000 0.759150
5780.000000 0.769360
5785.000000 0.778950
5790.000000 0.787370
5795.000000 0.795620
5800.000000 0.803330
5805.000000 0.810510
5810.000000 0.817240
5815.000000 0.823360
5820.000000 0.829310
5825.000000 0.834860
5830.000000 0.839960
5835.000000 0.845090
5840.000000 0.850050
5845.000000 0.854640
5850.000000 0.859310
5855.000000 0.863690
5860.000000 0.867840
5865.000000 0.871910
5870.000000 0.876360
5875.000000 0.880320
5880.000000 0.884000
5885.000000 0.888050
5890.000000 0.891620
5895.000000 0.895070
5900.000000 0.898550
5905.000000 0.901770
5910.000000 0.905250
5915.000000 0.908410
5920.000000 0.911240
5925.000000 0.914020
5930.000000 0.916760
5935.000000 0.919240
5940.000000 0.921620
5945.000000 0.923720
5950.000000 0.925720
5955.000000 0.927620
5960.000000 0.929330
5965.000000 0.930630
5970.000000 0.931900
5975.000000 0.933130
5980.000000 0.933830
5985.000000 0.934610
5990.000000 0.934940
5995.000000 0.935330
6000.000000 0.935490
6005.000000 0.935720
6010.000000 0.935310
6015.000000 0.935110
6020.000000 0.934750
6025.000000 0.934190
6030.000000 0.933260
6035.000000 0.932850
6040.000000 0.931850
6045.000000 0.931220
6050.000000 0.930240
6055.000000 0.929300
6060.000000 0.928510
6065.000000 0.927580
6070.000000 0.926580
6075.000000 0.925730
6080.000000 0.925020
6085.000000 0.924310
6090.000000 0.923620
6095.000000 0.922700
6100.000000 0.922210
6105.000000 0.921710
6110.000000 0.921530
6115.000000 0.921200
6120.000000 0.921060
6135.000000 0.921270
6140.000000 0.921640
6145.000000 0.922140
6150.000000 0.922740
6155.000000 0.923340
6160.000000 0.924160
6165.000000 0.924920
6170.000000 0.925860
6175.000000 0.926830
6180.000000 0.927880
6185.000000 0.929120
6190.000000 0.930100
6195.000000 0.931350
6200.000000 0.933050
6205.000000 0.934060
6210.000000 0.935590
6215.000000 0.936780
6220.000000 0.938060
6225.000000 0.939270
6230.000000 0.940690
6235.000000 0.941660
6240.000000 0.943050
6245.000000 0.943890
6250.000000 0.944800
6255.000000 0.945600
6260.000000 0.946550
6265.000000 0.947060
6270.000000 0.947640
6275.000000 0.948110
6280.000000 0.948550
6285.000000 0.948730
6290.000000 0.949110
6295.000000 0.948860
6305.000000 0.948740
6310.000000 0.948230
6315.000000 0.947820
6320.000000 0.947300
6325.000000 0.946630
6330.000000 0.945770
6335.000000 0.944960
6340.000000 0.944200
6345.000000 0.943270
6350.000000 0.942180
6355.000000 0.941230
6360.000000 0.940210
6365.000000 0.939010
6370.000000 0.937780
6375.000000 0.936620
6380.000000 0.935790
6385.000000 0.934700
6390.000000 0.933630
6395.000000 0.932670
6400.000000 0.931540
6405.000000 0.930670
6410.000000 0.929980
6415.000000 0.929130
6420.000000 0.928280
6425.000000 0.927580
6430.000000 0.927270
6435.000000 0.926710
6440.000000 0.926420
6445.000000 0.926200
6450.000000 0.926010
6455.000000 0.926160
6460.000000 0.926020
6465.000000 0.926240
6470.000000 0.926500
6475.000000 0.927080
6480.000000 0.927340
6485.000000 0.927930
6490.000000 0.928680
6495.000000 0.929230
6500.000000 0.929910
6505.000000 0.931010
6510.000000 0.931520
6515.000000 0.932390
6520.000000 0.933430
6525.000000 0.934440
6530.000000 0.935460
6535.000000 0.936550
6540.000000 0.937360
6545.000000 0.938230
6550.000000 0.939420
6555.000000 0.940350
6560.000000 0.941250
6565.000000 0.942060
6570.000000 0.942660
6575.000000 0.943430
6580.000000 0.944060
6585.000000 0.944600
6590.000000 0.944860
6600.000000 0.945530
6610.000000 0.945660
6615.000000 0.945430
6620.000000 0.945110
6625.000000 0.944710
6630.000000 0.944190
6635.000000 0.943430
6640.000000 0.942820
6645.000000 0.941680
6650.000000 0.940820
6655.000000 0.939980
6660.000000 0.938720
6665.000000 0.937260
6670.000000 0.935890
6675.000000 0.934540
6680.000000 0.933180
6685.000000 0.931440
6690.000000 0.930150
6695.000000 0.928220
6700.000000 0.926690
6705.000000 0.925060
6710.000000 0.922960
6715.000000 0.921440
6720.000000 0.919910
6725.000000 0.918250
6730.000000 0.916680
6735.000000 0.914880
6740.000000 0.913600
6745.000000 0.911850
6750.000000 0.910560
6755.000000 0.909300
6760.000000 0.908290
6765.000000 0.907180
6770.000000 0.906200
6775.000000 0.905430
6780.000000 0.904460
6785.000000 0.903920
6790.000000 0.903450
6795.000000 0.903240
6805.000000 0.902910
6815.000000 0.903070
6820.000000 0.903250
6825.000000 0.903910
6830.000000 0.904390
6835.000000 0.905230
6840.000000 0.905980
6845.000000 0.907130
6850.000000 0.908270
6855.000000 0.909520
6860.000000 0.910590
6865.000000 0.911950
6870.000000 0.913680
6875.000000 0.915270
6880.000000 0.916950
6885.000000 0.918650
6890.000000 0.920460
6895.000000 0.922440
6900.000000 0.923990
6905.000000 0.925480
6910.000000 0.927710
6915.000000 0.929280
6920.000000 0.931330
6925.000000 0.933190
6930.000000 0.934760
6935.000000 0.936540
6940.000000 0.937840
6945.000000 0.939650
6950.000000 0.940460
6955.000000 0.941680
6960.000000 0.942820
6965.000000 0.943890
6970.000000 0.944810
6975.000000 0.945690
6980.000000 0.946020
6985.000000 0.946330
6990.000000 0.946630
7000.000000 0.946400
7005.000000 0.946030
7010.000000 0.945560
7015.000000 0.944910
7020.000000 0.943990
7025.000000 0.942760
7030.000000 0.941760
7035.000000 0.940220
7040.000000 0.939020
7045.000000 0.936990
7050.000000 0.935520
7055.000000 0.933540
7060.000000 0.931660
7065.000000 0.929530
7070.000000 0.927330
7075.000000 0.924730
7080.000000 0.922850
7085.000000 0.920300
7090.000000 0.917810
7095.000000 0.915400
7100.000000 0.912900
7105.000000 0.910330
7110.000000 0.907810
7115.000000 0.905280
7120.000000 0.902960
7125.000000 0.900390
7130.000000 0.897920
7135.000000 0.895240
7140.000000 0.892700
7145.000000 0.890470
7150.000000 0.887770
7155.000000 0.885050
7160.000000 0.882180
7165.000000 0.879650
7170.000000 0.876890
7175.000000 0.873690
7180.000000 0.870620
7185.000000 0.867400
7190.000000 0.863970
7195.000000 0.860320
7200.000000 0.856040
7205.000000 0.851770
7210.000000 0.847200
7215.000000 0.842200
7220.000000 0.836630
7225.000000 0.830120
7230.000000 0.823750
7235.000000 0.816330
7240.000000 0.808870
7245.000000 0.800050
7250.000000 0.790680
7255.000000 0.780400
7260.000000 0.769340
7265.000000 0.757330
7270.000000 0.744450
7275.000000 0.730970
7280.000000 0.716090
7285.000000 0.700530
7290.000000 0.684530
7295.000000 0.667550
7300.000000 0.649990
7305.000000 0.631720
7310.000000 0.612750
7315.000000 0.593170
7320.000000 0.573060
7325.000000 0.552600
7330.000000 0.532380
7335.000000 0.512580
7340.000000 0.492640
7345.000000 0.472320
7350.000000 0.452030
7355.000000 0.431790
7360.000000 0.412160
7365.000000 0.392910
7370.000000 0.373860
7375.000000 0.355260
7380.000000 0.337470
7385.000000 0.320080
7390.000000 0.303380
7395.000000 0.287570
7400.000000 0.272230
7405.000000 0.257520
7410.000000 0.243690
7415.000000 0.230340
7420.000000 0.217680
7425.000000 0.205740
7430.000000 0.194330
7435.000000 0.183720
7440.000000 0.173630
7445.000000 0.163990
7450.000000 0.155060
7455.000000 0.146470
7460.000000 0.138450
7465.000000 0.130870
7470.000000 0.123690
7475.000000 0.116970
7480.000000 0.110520
7485.000000 0.104550
7490.000000 0.098950
7495.000000 0.093650
7500.000000 0.088660
7505.000000 0.083960
7510.000000 0.079560
7515.000000 0.075390
7520.000000 0.071510
7525.000000 0.067860
7530.000000 0.064370
7535.000000 0.061070
7540.000000 0.057980
7545.000000 0.055120
7550.000000 0.052450
7555.000000 0.049980
7560.000000 0.047640
7565.000000 0.045350
7570.000000 0.043180
7575.000000 0.041140
7580.000000 0.039240
7585.000000 0.037420
7590.000000 0.035700
7595.000000 0.034080
7600.000000 0.032560
7605.000000 0.031070
7610.000000 0.029700
7615.000000 0.028400
7620.000000 0.027180
7625.000000 0.026030
7630.000000 0.024940
7635.000000 0.023870
7640.000000 0.022880
7645.000000 0.021920
7650.000000 0.021020
7655.000000 0.020170
7660.000000 0.019380
7665.000000 0.018600
7670.000000 0.017900
7675.000000 0.017220
7680.000000 0.016540
7685.000000 0.015910
7690.000000 0.015320
7695.000000 0.014750
7700.000000 0.014210
7705.000000 0.013670
7710.000000 0.013200
7715.000000 0.012730
7720.000000 0.012260
7725.000000 0.011840
7730.000000 0.011430
7735.000000 0.011030
7740.000000 0.010650
7745.000000 0.010310
7750.000000 0.009940
7755.000000 0.009610
7760.000000 0.009290
7765.000000 0.009000
7770.000000 0.008700
7775.000000 0.008470
7780.000000 0.008190
7785.000000 0.007930
7790.000000 0.007690
7795.000000 0.007450
7800.000000 0.007240
7805.000000 0.007000
7810.000000 0.006800
7815.000000 0.006600
7820.000000 0.006420
7825.000000 0.006230
7830.000000 0.006040
7835.000000 0.005880
7840.000000 0.005710
7845.000000 0.005550
7850.000000 0.005400
7855.000000 0.005250
7860.000000 0.005120
7865.000000 0.004970
7870.000000 0.004840
7875.000000 0.004730
7880.000000 0.004600
7885.000000 0.004480
7890.000000 0.004370
7895.000000 0.004270
7900.000000 0.004160
7905.000000 0.004060
